0,343.370371
1,343.380574
2,343.39302
3,343.40502
4,343.415615
5,343.424431
6,343.431304
7,343.436161
8,343.43898
9,343.439778
10,343.438607
11,343.435555
12,343.430748
13,343.42435
14,343.416561
15,343.407613
16,343.397758
17,343.387259
18,343.376371
19,343.365328
20,343.354334
21,343.343559
22,343.333135
23,343.323158
24,343.313697
25,343.304795
26,343.296474
27,343.288745
28,343.281608
29,343.275059
30,343.269091
31,343.2637
32,343.258885
33,343.254651
34,343.251014
35,343.247997
36,343.24564
37,343.243998
38,343.243147
39,343.243193
40,343.244278
41,343.246618
42,343.250581
43,343.256948
44,343.267723
45,343.288758
46,343.338249
47,343.474339
48,343.490761
49,343.50031
50,343.51029
51,343.518549
52,343.524749
53,343.529035
54,343.531641
55,343.53279
56,343.532665
57,343.531412
58,343.529142
59,343.525946
60,343.521912
61,343.517188
62,343.512147
63,343.507908
64,343.398765
65,343.409759
66,343.423051
67,343.435789
68,343.446982
69,343.456249
70,343.463429
71,343.468449
72,343.47129
73,343.471968
74,343.470538
75,343.46709
76,343.461757
77,343.454713
78,343.446175
79,343.436398
80,343.425662
81,343.414264
82,343.402486
83,343.390588
84,343.378791
85,343.367273
86,343.356171
87,343.345582
88,343.335572
89,343.326178
90,343.31742
91,343.309301
92,343.301818
93,343.294961
94,343.28872
95,343.283088
96,343.278059
97,343.273639
98,343.269839
99,343.266684
100,343.264212
101,343.26248
102,343.261564
103,343.261572
104,343.262649
105,343.265014
106,343.269039
107,343.27551
108,343.286436
109,343.307679
110,343.357453
111,343.494008
112,343.510478
113,343.520214
114,343.530391
115,343.538807
116,343.545114
117,343.549455
118,343.55207
119,343.553183
120,343.552981
121,343.55161
122,343.549181
123,343.54578
124,343.54149
125,343.536445
126,343.531013
127,343.526369
128,343.440216
129,343.452395
130,343.466991
131,343.48087
132,343.492974
133,343.502911
134,343.510522
135,343.515739
136,343.518542
137,343.518948
138,343.51701
139,343.512823
140,343.506527
141,343.49831
142,343.488418
143,343.477145
144,343.464828
145,343.451828
146,343.43849
147,343.425118
148,343.41196
149,343.399208
150,343.387001
151,343.375433
152,343.36456
153,343.354409
154,343.344987
155,343.336288
156,343.328296
157,343.320994
158,343.314361
159,343.308385
160,343.303055
161,343.29837
162,343.294341
163,343.290988
164,343.288348
165,343.286478
166,343.285455
167,343.285386
168,343.286419
169,343.288776
170,343.292833
171,343.299377
172,343.310422
173,343.331833
174,343.381838
175,343.518751
176,343.53525
177,343.545118
178,343.555436
179,343.563958
180,343.570323
181,343.574668
182,343.577235
183,343.578249
184,343.577897
185,343.576325
186,343.573639
187,343.569919
188,343.565235
189,343.559709
190,343.553712
191,343.54852
192,343.491032
193,343.504678
194,343.520912
195,343.536223
196,343.549458
197,343.560209
198,343.568317
199,343.573716
200,343.576387
201,343.576342
202,343.573633
203,343.568348
204,343.560632
205,343.550688
206,343.538787
207,343.525276
208,343.510585
209,343.495204
210,343.479592
211,343.464119
212,343.449065
213,343.43463
214,343.420946
215,343.408094
216,343.39611
217,343.385001
218,343.374754
219,343.365344
220,343.356738
221,343.348904
222,343.34181
223,343.335432
224,343.329752
225,343.324762
226,343.320465
227,343.316879
228,343.314038
229,343.311996
230,343.310829
231,343.310644
232,343.31159
233,343.313889
234,343.317919
235,343.324468
236,343.33555
237,343.357027
238,343.407129
239,343.544184
240,343.560694
241,343.570605
242,343.580961
243,343.589492
244,343.595826
245,343.600096
246,343.60254
247,343.603384
248,343.602813
249,343.60097
250,343.597955
251,343.59384
252,343.588683
253,343.582595
254,343.575962
255,343.570184
256,343.551923
257,343.567301
258,343.585472
259,343.602476
260,343.617036
261,343.628718
262,343.637366
263,343.642913
264,343.645337
265,343.644642
266,343.640863
267,343.634078
268,343.624415
269,343.612073
270,343.597325
271,343.580553
272,343.562323
273,343.543445
274,343.524603
275,343.506256
276,343.488693
277,343.472091
278,343.456552
279,343.442117
280,343.428788
281,343.41654
282,343.405327
283,343.395096
284,343.385791
285,343.37736
286,343.369753
287,343.362932
288,343.356867
289,343.351541
290,343.346949
291,343.343105
292,343.340036
293,343.337792
294,343.336448
295,343.33611
296,343.336924
297,343.339112
298,343.343051
299,343.349528
300,343.360556
301,343.381989
302,343.432045
303,343.569024
304,343.585528
305,343.595399
306,343.605689
307,343.614128
308,343.620336
309,343.624446
310,343.626692
311,343.627297
312,343.626444
313,343.62427
314,343.620871
315,343.616308
316,343.610629
317,343.603941
318,343.596653
319,343.590295
320,343.627233
321,343.644626
322,343.665049
323,343.684009
324,343.700083
325,343.71281
326,343.722031
327,343.727681
328,343.729728
329,343.728156
330,343.722971
331,343.714212
332,343.701962
333,343.68635
334,343.667538
335,343.645767
336,343.621724
337,343.597273
338,343.573635
339,343.551309
340,343.53046
341,343.511133
342,343.493326
343,343.477002
344,343.4621
345,343.44854
346,343.436231
347,343.425082
348,343.415005
349,343.40592
350,343.397758
351,343.390461
352,343.383984
353,343.378299
354,343.373392
355,343.369267
356,343.365947
357,343.363477
358,343.361926
359,343.361396
360,343.362034
361,343.364058
362,343.367843
363,343.374174
364,343.385058
365,343.406341
366,343.456216
367,343.592913
368,343.609392
369,343.619147
370,343.629276
371,343.637525
372,343.643519
373,343.647387
374,343.649362
375,343.649663
376,343.648469
377,343.645913
378,343.642085
379,343.637037
380,343.63081
381,343.62351
382,343.615573
383,343.608658
384,343.729345
385,343.749089
386,343.77213
387,343.793346
388,343.811146
389,343.825041
390,343.834872
391,343.840572
392,343.842093
393,343.839384
394,343.832396
395,343.821093
396,343.805443
397,343.785361
398,343.760514
399,343.730141
400,343.694262
401,343.659237
402,343.627639
403,343.5995
404,343.574286
405,343.55156
406,343.531037
407,343.512513
408,343.495814
409,343.480781
410,343.467259
411,343.455107
412,343.444196
413,343.434414
414,343.425663
415,343.417864
416,343.410956
417,343.404895
418,343.399656
419,343.395234
420,343.391643
421,343.388922
422,343.387136
423,343.386381
424,343.386801
425,343.388609
426,343.392178
427,343.398289
428,343.408944
429,343.429975
430,343.479539
431,343.615753
432,343.632192
433,343.641759
434,343.651636
435,343.659604
436,343.665297
437,343.668845
438,343.670478
439,343.670415
440,343.668829
441,343.665847
442,343.661555
443,343.655997
444,343.649211
445,343.641303
446,343.632738
447,343.625298
448,343.895025
449,343.917587
450,343.943756
451,343.967645
452,343.987467
453,344.002703
454,344.013202
455,344.018895
456,344.019705
457,344.015525
458,344.006216
459,343.991611
460,343.97147
461,343.945236
462,343.911117
463,343.863874
464,343.79573
465,343.735669
466,343.688715
467,343.651348
468,343.62016
469,343.593202
470,343.569482
471,343.548451
472,343.529752
473,343.513105
474,343.498273
475,343.485051
476,343.473259
477,343.462746
478,343.453383
479,343.445067
480,343.437714
481,343.431267
482,343.425685
483,343.420953
484,343.417076
485,343.414085
486,343.412038
487,343.411026
488,343.411187
489,343.41273
490,343.416023
491,343.421843
492,343.432183
493,343.452861
494,343.501984
495,343.637514
496,343.653896
497,343.663203
498,343.672738
499,343.680335
500,343.685642
501,343.688794
502,343.690021
503,343.689536
504,343.68751
505,343.684066
506,343.679282
507,343.6732
508,343.665853
509,343.657351
510,343.648188
511,343.640258
512,344.239063
513,344.265331
514,344.295606
515,344.322969
516,344.345386
517,344.362316
518,344.373628
519,344.379247
520,344.379055
521,344.372851
522,344.360353
523,344.34119
524,344.314852
525,344.280218
526,344.232889
527,344.152786
528,343.970607
529,343.840745
530,343.760614
531,343.707556
532,343.667994
533,343.635807
534,343.608401
535,343.584592
536,343.563724
537,343.545356
538,343.529144
539,343.514806
540,343.502105
541,343.490844
542,343.480859
543,343.472019
544,343.464218
545,343.45738
546,343.45145
547,343.446401
548,343.442226
549,343.438949
550,343.43662
551,343.435322
552,343.435185
553,343.436415
554,343.439373
555,343.444829
556,343.454768
557,343.474987
558,343.523533
559,343.658166
560,343.674472
561,343.683445
562,343.692544
563,343.699676
564,343.704514
565,343.707195
566,343.707951
567,343.706991
568,343.704482
569,343.700544
570,343.695248
571,343.688634
572,343.680731
573,343.671657
574,343.661932
575,343.65355
576,345.128688
577,345.161205
578,345.198225
579,345.231169
580,345.25769
581,345.277267
582,345.289821
583,345.295276
584,345.293436
585,345.283935
586,345.266225
587,345.239604
588,345.203327
589,345.156848
590,345.098488
591,344.994307
592,344.329126
593,343.998452
594,343.847476
595,343.768322
596,343.717361
597,343.678936
598,343.647438
599,343.62065
600,343.597506
601,343.577355
602,343.55973
603,343.544261
604,343.530645
605,343.518637
606,343.508036
607,343.498677
608,343.490435
609,343.48321
610,343.476934
611,343.471565
612,343.467088
613,343.463513
614,343.460882
615,343.459271
616,343.458802
617,343.459672
618,343.462235
619,343.467252
620,343.476699
621,343.496345
622,343.54416
623,343.677658
624,343.69387
625,343.702425
626,343.710986
627,343.717555
628,343.721834
629,343.72397
630,343.72419
631,343.722705
632,343.719674
633,343.715213
634,343.709391
635,343.702242
636,343.693796
637,343.684176
638,343.673929
639,343.665137
640,345.419991
641,345.45428
642,345.492997
643,345.527281
644,345.554769
645,345.574966
646,345.58781
647,345.593228
648,345.591004
649,345.580731
650,345.561796
651,345.533401
652,345.494713
653,345.445401
654,345.387329
655,345.328988
656,345.017701
657,344.214294
658,343.945409
659,343.831325
660,343.767059
661,343.721887
662,343.686123
663,343.656289
664,343.630844
665,343.608911
666,343.589884
667,343.5733
668,343.558791
669,343.546058
670,343.53486
671,343.525003
672,343.516334
673,343.508737
674,343.502124
675,343.496441
676,343.491659
677,343.48778
678,343.484833
679,343.482887
680,343.482052
681,343.482516
682,343.484623
683,343.489124
684,343.497977
685,343.51692
686,343.563829
687,343.69591
688,343.712005
689,343.720045
690,343.727954
691,343.733852
692,343.737478
693,343.738989
694,343.738613
695,343.736552
696,343.732964
697,343.727958
698,343.721597
699,343.713916
700,343.704943
701,343.694809
702,343.684084
703,343.674926
704,345.526863
705,345.563132
706,345.603691
707,345.639403
708,345.667914
709,345.688766
710,345.701919
711,345.707304
712,345.704684
713,345.693606
714,345.673383
715,345.643103
716,345.601779
717,345.548951
718,345.486902
719,345.428376
720,345.305914
721,344.355058
722,344.027696
723,343.890223
724,343.81508
725,343.763749
726,343.723913
727,343.691136
728,343.663469
729,343.63982
730,343.619451
731,343.601808
732,343.586453
733,343.573038
734,343.561282
735,343.550959
736,343.541893
737,343.533944
738,343.527013
739,343.521027
740,343.515946
741,343.511761
742,343.50849
743,343.506189
744,343.504958
745,343.504973
746,343.506562
747,343.510463
748,343.518609
749,343.536696
750,343.582482
751,343.712802
752,343.728751
753,343.73616
754,343.743282
755,343.748389
756,343.751263
757,343.75207
758,343.751035
759,343.748353
760,343.744175
761,343.738602
762,343.731696
763,343.723488
764,343.714009
765,343.703396
766,343.69224
767,343.682766
768,345.617934
769,345.656636
770,345.699623
771,345.737277
772,345.767203
773,345.788973
774,345.802574
775,345.807938
776,345.804799
777,345.792648
778,345.7707
779,345.737906
780,345.693098
781,345.635647
782,345.567911
783,345.503923
784,345.389162
785,344.437657
786,344.092822
787,343.943074
788,343.860213
789,343.803762
790,343.760296
791,343.724827
792,343.695111
793,343.669881
794,343.64828
795,343.629669
796,343.613547
797,343.599516
798,343.587257
799,343.576515
800,343.56709
801,343.558823
802,343.551597
803,343.545327
804,343.53996
805,343.535473
806,343.531874
807,343.529205
808,343.527553
809,343.527078
810,343.528089
811,343.531298
812,343.538603
813,343.55564
814,343.600023
815,343.728147
816,343.743915
817,343.750552
818,343.756733
819,343.760915
820,343.762934
821,343.76296
822,343.761209
823,343.757866
824,343.753071
825,343.746919
826,343.739465
827,343.730739
828,343.720777
829,343.709722
830,343.698188
831,343.688449
832,345.709215
833,345.750417
834,345.796021
835,345.835832
836,345.867359
837,345.890191
838,345.90433
839,345.90971
840,345.906037
841,345.89274
842,345.868938
843,345.833456
844,345.784978
845,345.722774
846,345.649404
847,345.580186
848,345.46456
849,344.502701
850,344.147969
851,343.990479
852,343.90197
853,343.841388
854,343.794839
855,343.757033
856,343.725524
857,343.69891
858,343.676233
859,343.65678
860,343.639995
861,343.625435
862,343.612746
863,343.601646
864,343.591913
865,343.58337
866,343.575883
867,343.569355
868,343.56372
869,343.558942
870,343.555017
871,343.551974
872,343.549882
873,343.548881
874,343.549253
875,343.55167
876,343.557966
877,343.573672
878,343.616235
879,343.741641
880,343.757183
881,343.762881
882,343.767954
883,343.771084
884,343.772157
885,343.77134
886,343.768833
887,343.764804
888,343.759379
889,343.752643
890,343.744648
891,343.735422
892,343.725004
893,343.71355
894,343.701691
895,343.691743
896,345.787071
897,345.830445
898,345.878395
899,345.920189
900,345.953221
901,345.977077
902,345.991772
903,345.997233
904,345.993143
905,345.978881
906,345.953495
907,345.915715
908,345.864137
909,345.79801
910,345.720137
911,345.646903
912,345.530333
913,344.557752
914,344.195767
915,344.032778
916,343.940052
917,343.876235
918,343.827201
919,343.787481
920,343.754498
921,343.726745
922,343.703189
923,343.683053
924,343.665734
925,343.650751
926,343.637721
927,343.626336
928,343.616355
929,343.607586
930,343.59988
931,343.593127
932,343.587249
933,343.582199
934,343.577959
935,343.574542
936,343.572
937,343.570446
938,343.570123
939,343.571634
940,343.576678
941,343.590544
942,343.630418
943,343.752608
944,343.767963
945,343.772566
946,343.776409
947,343.77842
948,343.778516
949,343.776849
950,343.773594
951,343.768895
952,343.762863
953,343.755572
954,343.747068
955,343.737378
956,343.726548
957,343.714745
958,343.702622
959,343.692524
960,345.849033
961,345.894173
962,345.944073
963,345.987552
964,346.0219
965,346.046687
966,346.061929
967,346.067552
968,346.063217
969,346.04827
970,346.021708
971,345.982203
972,345.928308
973,345.85929
974,345.778167
975,345.702105
976,345.584851
977,344.604105
978,344.236899
979,344.070007
980,343.974232
981,343.908025
982,343.857126
983,343.815962
984,343.781866
985,343.753261
986,343.729053
987,343.708419
988,343.690716
989,343.675434
990,343.662163
991,343.650579
992,343.640422
993,343.631485
994,343.623608
995,343.616671
996,343.610582
997,343.605285
998,343.600748
999,343.596968
1000,343.593976
1001,343.591855
1002,343.590793
1003,343.591268
1004,343.594677
1005,343.60555
1006,343.639765
1007,343.757096
1008,343.77489
1009,343.778462
1010,343.78121
1011,343.782267
1012,343.781558
1013,343.779204
1014,343.775351
1015,343.770123
1016,343.763615
1017,343.755892
1018,343.746994
1019,343.73695
1020,343.725809
1021,343.713749
1022,343.701442
1023,343.691256
1024,345.895537
1025,345.942034
1026,345.993465
1027,346.038303
1028,346.073746
1029,346.099349
1030,346.115128
1031,346.121001
1032,346.11662
1033,346.101304
1034,346.074021
1035,346.033411
1036,345.978006
1037,345.907103
1038,345.82388
1039,345.746009
1040,345.628313
1041,344.642199
1042,344.271579
1043,344.102139
1044,344.00436
1045,343.936572
1046,343.884439
1047,343.842325
1048,343.80751
1049,343.778365
1050,343.753758
1051,343.732831
1052,343.714911
1053,343.699467
1054,343.686071
1055,343.674381
1056,343.664126
1057,343.655087
1058,343.647095
1059,343.640019
1060,343.633759
1061,343.628247
1062,343.623439
1063,343.619317
1064,343.615891
1065,343.613208
1066,343.611388
1067,343.61073
1068,343.612038
1069,343.617605
1070,343.633806
1071,343.675862
1072,343.759314
1073,343.765513
1074,343.768111
1075,343.768948
1076,343.768051
1077,343.765536
1078,343.761544
1079,343.756194
1080,343.749575
1081,343.741752
1082,343.732764
1083,343.722638
1084,343.711425
1085,343.699306
1086,343.686957
1087,343.676754
1088,345.92749
1089,345.974952
1090,346.027499
1091,346.073362
1092,346.109675
1093,346.135977
1094,346.152279
1095,346.158499
1096,346.154278
1097,346.138924
1098,346.111386
1099,346.070289
1100,346.014157
1101,345.94231
1102,345.858012
1103,345.77921
1104,345.661285
1105,344.67235
1106,344.299938
1107,344.129169
1108,344.030358
1109,343.96177
1110,343.909034
1111,343.866481
1112,343.831357
1113,343.802006
1114,343.777269
1115,343.756268
1116,343.738313
1117,343.722855
1118,343.709456
1119,343.697762
1120,343.687494
1121,343.678425
1122,343.670378
1123,343.663215
1124,343.656829
1125,343.651141
1126,343.646096
1127,343.641664
1128,343.637833
1129,343.63462
1130,343.632082
1131,343.630362
1132,343.629818
1133,343.631321
1134,343.636782
1135,343.649194
1136,343.667904
1137,343.672333
1138,343.672539
1139,343.670825
1140,343.667667
1141,343.663207
1142,343.657525
1143,343.65068
1144,343.642721
1145,343.633682
1146,343.62359
1147,343.612472
1148,343.600393
1149,343.587563
1150,343.57471
1151,343.564272
1152,345.945578
1153,345.993626
1154,346.046883
1155,346.093443
1156,346.130399
1157,346.157279
1158,346.174095
1159,346.180759
1160,346.176911
1161,346.161852
1162,346.134526
1163,346.093551
1164,346.037448
1165,345.96554
1166,345.881114
1167,345.802173
1168,345.684209
1169,344.694785
1170,344.322076
1171,344.151117
1172,344.052199
1173,343.983577
1174,343.930869
1175,343.888392
1176,343.853381
1177,343.824169
1178,343.799584
1179,343.778739
1180,343.760937
1181,343.745621
1182,343.732346
1183,343.720756
1184,343.710564
1185,343.701541
1186,343.693505
1187,343.686311
1188,343.679847
1189,343.674028
1190,343.668789
1191,343.664087
1192,343.659896
1193,343.656205
1194,343.653026
1195,343.650405
1196,343.648458
1197,343.647438
1198,343.647789
1199,343.649904
1200,343.652863
1201,343.652723
1202,343.650611
1203,343.647148
1204,343.642528
1205,343.63681
1206,343.630024
1207,343.622194
1208,343.613343
1209,343.603488
1210,343.592649
1211,343.580853
1212,343.568172
1213,343.554838
1214,343.54161
1215,343.530965
1216,345.950082
1217,345.998343
1218,346.051908
1219,346.098837
1220,346.136211
1221,346.163552
1222,346.18087
1223,346.188078
1224,346.184817
1225,346.170389
1226,346.143741
1227,346.103493
1228,346.048162
1229,345.977056
1230,345.893416
1231,345.815098
1232,345.697279
1233,344.709611
1234,344.33805
1235,344.168011
1236,344.069898
1237,344.002001
1238,343.949951
1239,343.908071
1240,343.873602
1241,343.844878
1242,343.820732
1243,343.800279
1244,343.782823
1245,343.767808
1246,343.754791
1247,343.743415
1248,343.733392
1249,343.724493
1250,343.716534
1251,343.709368
1252,343.702879
1253,343.696977
1254,343.691592
1255,343.68667
1256,343.682171
1257,343.678069
1258,343.674344
1259,343.670988
1260,343.66801
1261,343.665438
1262,343.663307
1263,343.66155
1264,343.659726
1265,343.656916
1266,343.653085
1267,343.648291
1268,343.642547
1269,343.635844
1270,343.628178
1271,343.619549
1272,343.609961
1273,343.599421
1274,343.587942
1275,343.575553
1276,343.562333
1277,343.548526
1278,343.534917
1279,343.524031
1280,345.940838
1281,345.988934
1282,346.042404
1283,346.089374
1284,346.126938
1285,346.154622
1286,346.172433
1287,346.180285
1288,346.177825
1289,346.164365
1290,346.138864
1291,346.099951
1292,346.046144
1293,345.976719
1294,345.8948
1295,345.817887
1296,345.700401
1297,344.716796
1298,344.347865
1299,344.179879
1300,344.083497
1301,344.017095
1302,343.966339
1303,343.92558
1304,343.892082
1305,343.864199
1306,343.84078
1307,343.820955
1308,343.804038
1309,343.789485
1310,343.776858
1311,343.765805
1312,343.756045
1313,343.747349
1314,343.739535
1315,343.732457
1316,343.725998
1317,343.720065
1318,343.714583
1319,343.709495
1320,343.70475
1321,343.700308
1322,343.696134
1323,343.692193
1324,343.688447
1325,343.684853
1326,343.681346
1327,343.677808
1328,343.674012
1329,343.669652
1330,343.664589
1331,343.658751
1332,343.652084
1333,343.644549
1334,343.636119
1335,343.626778
1336,343.61652
1337,343.605343
1338,343.593256
1339,343.580289
1340,343.566525
1341,343.552221
1342,343.538185
1343,343.527002
1344,345.917246
1345,345.964789
1346,346.017751
1347,346.064429
1348,346.101958
1349,346.129866
1350,346.148158
1351,346.156752
1352,346.155304
1353,346.143148
1354,346.119265
1355,346.082309
1356,346.030807
1357,345.963991
1358,345.8848
1359,345.810147
1360,345.6932
1361,344.716174
1362,344.351479
1363,344.186757
1364,344.093078
1365,344.02896
1366,343.980144
1367,343.941032
1368,343.908931
1369,343.882237
1370,343.859829
1371,343.840864
1372,343.824678
1373,343.810744
1374,343.798637
1375,343.788017
1376,343.778609
1377,343.770194
1378,343.762592
1379,343.755661
1380,343.749286
1381,343.743374
1382,343.73785
1383,343.732649
1384,343.727721
1385,343.723015
1386,343.718487
1387,343.714089
1388,343.709765
1389,343.705453
1390,343.701069
1391,343.696504
1392,343.691615
1393,343.686242
1394,343.680265
1395,343.673593
1396,343.666155
1397,343.657899
1398,343.648788
1399,343.638796
1400,343.627908
1401,343.616117
1402,343.603431
1403,343.589878
1404,343.575544
1405,343.5607
1406,343.546177
1407,343.534637
1408,345.878362
1409,345.924948
1410,345.976981
1411,346.023034
1412,346.060302
1413,346.088316
1414,346.107076
1415,346.116504
1416,346.116273
1417,346.105745
1418,346.083947
1419,346.049576
1420,346.001191
1421,345.937983
1422,345.862641
1423,345.791231
1424,345.675063
1425,344.707452
1426,344.348806
1427,344.188696
1428,344.098769
1429,344.037761
1430,343.991538
1431,343.954594
1432,343.924311
1433,343.899143
1434,343.878021
1435,343.860139
1436,343.844868
1437,343.831703
1438,343.820241
1439,343.810157
1440,343.80119
1441,343.793129
1442,343.785803
1443,343.779076
1444,343.772838
1445,343.766998
1446,343.761481
1447,343.756226
1448,343.751176
1449,343.74628
1450,343.741487
1451,343.736745
1452,343.731993
1453,343.727161
1454,343.722169
1455,343.71692
1456,343.711305
1457,343.705211
1458,343.698536
1459,343.691192
1460,343.683109
1461,343.674229
1462,343.664509
1463,343.653917
1464,343.642433
1465,343.630046
1466,343.616761
1467,343.602605
1468,343.58767
1469,343.572235
1470,343.557164
1471,343.545206
1472,345.823285
1473,345.868498
1474,345.919185
1475,345.964292
1476,346.001087
1477,346.029095
1478,346.048308
1479,346.058647
1480,346.05981
1481,346.051205
1482,346.03192
1483,346.000735
1484,345.956274
1485,345.897718
1486,345.82747
1487,345.760456
1488,345.645342
1489,344.690169
1490,344.33968
1491,344.18577
1492,344.100768
1493,344.043741
1494,344.000768
1495,343.966501
1496,343.938435
1497,343.915113
1498,343.895535
1499,343.878948
1500,343.864763
1501,343.852509
1502,343.841809
1503,343.832359
1504,343.823912
1505,343.816273
1506,343.809282
1507,343.802812
1508,343.796759
1509,343.791037
1510,343.785578
1511,343.78032
1512,343.775209
1513,343.770193
1514,343.765221
1515,343.760237
1516,343.75518
1517,343.74998
1518,343.744561
1519,343.738834
1520,343.732707
1521,343.726084
1522,343.718874
1523,343.710996
1524,343.702379
1525,343.692963
1526,343.682702
1527,343.67156
1528,343.659511
1529,343.646542
1530,343.632655
1531,343.617879
1532,343.602308
1533,343.586231
1534,343.570548
1535,343.558113
1536,345.752549
1537,345.796002
1538,345.844985
1539,345.888886
1540,345.925036
1541,345.952944
1542,345.97258
1543,345.983871
1544,345.98654
1545,345.980053
1546,345.963589
1547,345.936042
1548,345.896162
1549,345.843188
1550,345.779254
1551,345.717892
1552,345.60401
1553,344.663203
1554,344.323595
1555,344.178015
1556,344.099351
1557,344.047238
1558,344.008167
1559,343.977057
1560,343.951578
1561,343.930396
1562,343.912597
1563,343.897497
1564,343.884555
1565,343.873341
1566,343.863508
1567,343.854777
1568,343.846924
1569,343.839767
1570,343.833163
1571,343.826994
1572,343.821168
1573,343.815608
1574,343.810249
1575,343.805037
1576,343.799921
1577,343.794852
1578,343.789779
1579,343.784646
1580,343.779394
1581,343.773954
1582,343.768251
1583,343.762203
1584,343.755723
1585,343.748722
1586,343.741116
1587,343.732824
1588,343.723776
1589,343.713909
1590,343.703174
1591,343.69153
1592,343.678949
1593,343.665413
1594,343.650922
1595,343.635506
1596,343.619262
1597,343.602491
1598,343.586132
1599,343.573162
1600,345.672931
1601,345.714437
1602,345.761597
1603,345.804218
1604,345.839669
1605,345.867422
1606,345.887424
1607,345.899598
1608,345.9037
1609,345.899257
1610,345.885548
1611,345.861611
1612,345.826368
1613,345.779206
1614,345.722106
1615,345.667143
1616,345.551486
1617,344.621485
1618,344.298627
1619,344.165235
1620,344.09487
1621,344.048708
1622,344.014166
1623,343.986643
1624,343.964076
1625,343.945288
1626,343.929475
1627,343.916029
1628,343.904468
1629,343.894407
1630,343.885534
1631,343.877599
1632,343.870399
1633,343.863775
1634,343.857599
1635,343.851768
1636,343.846203
1637,343.840837
1638,343.835616
1639,343.830493
1640,343.825423
1641,343.820361
1642,343.81526
1643,343.810066
1644,343.804721
1645,343.799156
1646,343.793296
1647,343.787062
1648,343.780367
1649,343.773124
1650,343.765247
1651,343.756657
1652,343.747278
1653,343.737046
1654,343.725904
1655,343.713809
1656,343.700728
1657,343.68664
1658,343.671544
1659,343.655467
1660,343.638511
1661,343.620993
1662,343.603892
1663,343.590326
1664,345.585733
1665,345.625376
1666,345.670874
1667,345.712351
1668,345.74717
1669,345.774763
1670,345.795048
1671,345.80795
1672,345.813248
1673,345.810529
1674,345.799164
1675,345.77833
1676,345.747141
1677,345.705185
1678,345.654354
1679,345.604734
1680,345.416197
1681,344.538993
1682,344.258897
1683,344.146845
1684,344.087819
1685,344.048756
1686,344.019302
1687,343.995719
1688,343.976324
1689,343.960138
1690,343.946482
1691,343.934831
1692,343.924769
1693,343.915956
1694,343.908119
1695,343.90104
1696,343.894543
1697,343.888489
1698,343.88277
1699,343.877301
1700,343.872019
1701,343.86687
1702,343.861815
1703,343.856814
1704,343.851834
1705,343.846835
1706,343.841774
1707,343.836603
1708,343.83126
1709,343.82568
1710,343.819786
1711,343.813494
1712,343.806717
1713,343.799362
1714,343.791341
1715,343.782567
1716,343.77296
1717,343.762449
1718,343.750973
1719,343.738481
1720,343.724935
1721,343.710313
1722,343.694608
1723,343.677849
1724,343.660142
1725,343.641818
1726,343.623906
1727,343.609682
1728,345.420641
1729,345.459512
1730,345.504352
1731,345.545377
1732,345.579943
1733,345.607467
1734,345.62786
1735,345.641044
1736,345.646809
1737,345.644765
1738,345.634318
1739,345.614695
1740,345.585068
1741,345.544978
1742,345.494693
1743,345.41346
1744,344.702478
1745,344.351389
1746,344.198191
1747,344.123525
1748,344.079262
1749,344.048216
1750,344.024222
1751,344.004812
1752,343.98877
1753,343.975342
1754,343.963975
1755,343.954233
1756,343.945762
1757,343.938274
1758,343.931535
1759,343.925357
1760,343.919594
1761,343.914132
1762,343.908884
1763,343.903788
1764,343.898796
1765,343.893875
1766,343.888999
1767,343.884144
1768,343.879288
1769,343.874401
1770,343.869445
1771,343.864376
1772,343.859134
1773,343.85365
1774,343.847844
1775,343.841627
1776,343.834902
1777,343.827572
1778,343.819536
1779,343.810701
1780,343.800976
1781,343.790281
1782,343.778547
1783,343.765717
1784,343.751746
1785,343.736608
1786,343.720293
1787,343.70283
1788,343.684329
1789,343.665137
1790,343.64634
1791,343.631389
1792,344.482123
1793,344.515931
1794,344.555785
1795,344.593194
1796,344.625696
1797,344.652655
1798,344.673922
1799,344.689427
1800,344.699044
1801,344.702553
1802,344.699635
1803,344.689867
1804,344.672682
1805,344.646983
1806,344.608695
1807,344.537832
1808,344.352608
1809,344.22308
1810,344.147979
1811,344.102456
1812,344.071469
1813,344.048184
1814,344.029657
1815,344.014497
1816,344.001908
1817,343.991338
1818,343.982356
1819,343.974609
1820,343.967802
1821,343.961696
1822,343.956096
1823,343.950848
1824,343.945835
1825,343.940969
1826,343.936188
1827,343.931453
1828,343.926741
1829,343.92204
1830,343.917342
1831,343.912644
1832,343.907936
1833,343.903201
1834,343.898411
1835,343.893524
1836,343.888481
1837,343.883211
1838,343.877624
1839,343.871624
1840,343.865101
1841,343.857943
1842,343.850038
1843,343.841275
1844,343.831554
1845,343.820781
1846,343.808877
1847,343.795775
1848,343.781425
1849,343.765793
1850,343.748868
1851,343.730676
1852,343.711333
1853,343.691206
1854,343.671442
1855,343.655689
1856,344.131524
1857,344.162359
1858,344.199176
1859,344.234331
1860,344.26554
1861,344.29216
1862,344.314021
1863,344.331059
1864,344.343197
1865,344.350318
1866,344.35226
1867,344.348815
1868,344.339698
1869,344.324312
1870,344.30083
1871,344.263671
1872,344.203248
1873,344.151353
1874,344.11376
1875,344.086583
1876,344.065956
1877,344.049607
1878,344.036315
1879,344.025365
1880,344.01626
1881,344.008608
1882,344.002077
1883,343.996385
1884,343.991296
1885,343.986611
1886,343.982175
1887,343.977867
1888,343.973598
1889,343.96931
1890,343.964969
1891,343.960564
1892,343.956097
1893,343.951584
1894,343.947043
1895,343.942492
1896,343.937942
1897,343.933393
1898,343.928825
1899,343.924202
1900,343.919466
1901,343.914537
1902,343.909319
1903,343.903696
1904,343.897543
1905,343.890728
1906,343.883119
1907,343.874586
1908,343.865009
1909,343.854281
1910,343.842307
1911,343.829011
1912,343.814334
1913,343.798235
1914,343.780699
1915,343.761752
1916,343.741515
1917,343.720376
1918,343.699552
1919,343.682914
1920,343.972741
1921,344.001363
1922,344.03591
1923,344.069374
1924,344.099621
1925,344.126023
1926,344.148402
1927,344.166701
1928,344.180879
1929,344.190886
1930,344.196662
1931,344.198144
1932,344.19527
1933,344.187915
1934,344.175696
1935,344.157731
1936,344.1338
1937,344.110809
1938,344.091563
1939,344.076011
1940,344.063429
1941,344.053192
1942,344.044837
1943,344.038003
1944,344.032376
1945,344.027673
1946,344.02364
1947,344.020052
1948,344.016716
1949,344.013477
1950,344.010212
1951,344.006831
1952,344.003279
1953,343.999526
1954,343.99557
1955,343.99143
1956,343.987145
1957,343.982759
1958,343.978326
1959,343.973891
1960,343.969493
1961,343.96515
1962,343.960857
1963,343.956585
1964,343.952273
1965,343.947835
1966,343.943156
1967,343.938101
1968,343.932519
1969,343.92625
1970,343.919134
1971,343.911015
1972,343.901751
1973,343.891211
1974,343.879287
1975,343.865889
1976,343.850946
1977,343.834412
1978,343.816267
1979,343.796536
1980,343.775346
1981,343.753109
1982,343.731119
1983,343.713498
1984,343.881942
1985,343.908778
1986,343.941491
1987,343.973593
1988,344.003084
1989,344.02936
1990,344.052245
1991,344.071691
1992,344.087683
1993,344.100217
1994,344.109299
1995,344.114958
1996,344.117257
1997,344.1163
1998,344.112217
1999,344.105204
2000,344.09591
2001,344.08629
2002,344.077589
2003,344.07023
2004,344.064235
2005,344.059486
2006,344.055808
2007,344.052998
2008,344.050839
2009,344.049113
2010,344.047618
2011,344.046171
2012,344.044618
2013,344.042834
2014,344.040729
2015,344.038244
2016,344.035354
2017,344.032061
2018,344.0284
2019,344.024426
2020,344.020217
2021,344.01586
2022,344.011449
2023,344.007069
2024,344.002791
2025,343.998661
2026,343.994693
2027,343.990864
2028,343.987113
2029,343.98334
2030,343.979408
2031,343.975153
2032,343.970388
2033,343.964914
2034,343.958533
2035,343.951054
2036,343.942304
2037,343.932127
2038,343.920396
2039,343.907003
2040,343.891869
2041,343.874939
2042,343.856188
2043,343.83564
2044,343.813428
2045,343.789993
2046,343.766716
2047,343.748001
2048,343.819385
2049,343.84475
2050,343.875953
2051,343.906943
2052,343.935842
2053,343.962075
2054,343.985474
2055,344.006001
2056,344.023662
2057,344.038484
2058,344.050514
2059,344.059833
2060,344.066563
2061,344.070883
2062,344.073044
2063,344.073396
2064,344.072466
2065,344.071037
2066,344.069729
2067,344.068885
2068,344.068636
2069,344.068973
2070,344.0698
2071,344.070963
2072,344.072285
2073,344.073581
2074,344.074673
2075,344.075409
2076,344.075661
2077,344.075333
2078,344.07436
2079,344.072715
2080,344.070402
2081,344.06746
2082,344.063959
2083,344.060002
2084,344.055712
2085,344.051232
2086,344.046707
2087,344.042276
2088,344.038056
2089,344.034127
2090,344.030527
2091,344.027245
2092,344.024216
2093,344.021323
2094,344.018398
2095,344.015235
2096,344.011596
2097,344.00723
2098,344.001886
2099,343.995326
2100,343.987337
2101,343.977736
2102,343.966368
2103,343.953113
2104,343.937876
2105,343.920596
2106,343.901243
2107,343.879841
2108,343.85653
2109,343.83178
2110,343.807074
2111,343.787133
2112,343.771491
2113,343.795641
2114,343.825603
2115,343.855692
2116,343.884142
2117,343.910408
2118,343.934335
2119,343.955895
2120,343.97511
2121,343.99203
2122,344.00673
2123,344.019315
2124,344.02993
2125,344.03877
2126,344.046085
2127,344.052183
2128,344.057438
2129,344.062262
2130,344.066998
2131,344.071855
2132,344.076912
2133,344.082135
2134,344.087411
2135,344.092576
2136,344.097448
2137,344.101844
2138,344.105599
2139,344.108572
2140,344.110655
2141,344.111775
2142,344.111893
2143,344.111005
2144,344.109149
2145,344.106399
2146,344.10287
2147,344.098714
2148,344.094116
2149,344.089286
2150,344.084444
2151,344.079797
2152,344.075524
2153,344.071756
2154,344.068562
2155,344.065944
2156,344.063834
2157,344.062091
2158,344.060506
2159,344.058813
2160,344.056703
2161,344.053847
2162,344.049923
2163,344.044632
2164,344.037714
2165,344.028946
2166,344.01815
2167,344.005188
2168,343.989954
2169,343.97238
2170,343.952432
2171,343.930132
2172,343.905631
2173,343.879431
2174,343.853128
2175,343.831806
2176,343.732983
2177,343.756132
2178,343.785079
2179,343.814449
2180,343.842574
2181,343.86894
2182,343.893408
2183,343.915961
2184,343.936635
2185,343.955498
2186,343.972641
2187,343.988186
2188,344.002287
2189,344.015133
2190,344.026949
2191,344.037987
2192,344.048512
2193,344.058776
2194,344.068969
2195,344.079185
2196,344.08941
2197,344.099527
2198,344.10935
2199,344.118658
2200,344.127232
2201,344.134869
2202,344.141398
2203,344.146686
2204,344.150637
2205,344.153195
2206,344.154342
2207,344.154101
2208,344.15254
2209,344.149769
2210,344.145949
2211,344.141293
2212,344.136058
2213,344.130544
2214,344.125071
2215,344.119951
2216,344.115448
2217,344.111758
2218,344.108994
2219,344.107177
2220,344.106233
2221,344.105992
2222,344.106191
2223,344.106478
2224,344.10644
2225,344.105631
2226,344.103627
2227,344.100052
2228,344.094586
2229,344.086968
2230,344.076996
2231,344.064513
2232,344.049407
2233,344.031604
2234,344.011068
2235,343.987822
2236,343.962024
2237,343.934214
2238,343.906117
2239,343.88323
2240,343.701341
2241,343.723665
2242,343.751787
2243,343.780593
2244,343.8085
2245,343.835026
2246,343.860046
2247,343.883558
2248,343.90561
2249,343.926286
2250,343.945692
2251,343.963963
2252,343.981259
2253,343.997766
2254,344.013689
2255,344.029241
2256,344.044625
2257,344.060009
2258,344.075492
2259,344.091072
2260,344.106628
2261,344.121914
2262,344.136598
2263,344.150356
2264,344.162902
2265,344.174005
2266,344.183479
2267,344.191192
2268,344.197061
2269,344.201044
2270,344.203144
2271,344.203409
2272,344.20193
2273,344.198853
2274,344.194387
2275,344.188803
2276,344.182446
2277,344.17573
2278,344.16913
2279,344.163119
2280,344.158092
2281,344.154332
2282,344.152003
2283,344.151148
2284,344.151691
2285,344.153433
2286,344.156041
2287,344.15905
2288,344.161872
2289,344.163862
2290,344.164452
2291,344.16317
2292,344.159637
2293,344.153557
2294,344.144707
2295,344.132923
2296,344.118091
2297,344.100136
2298,344.079021
2299,344.054772
2300,344.027554
2301,343.997948
2302,343.967821
2303,343.943151
2304,343.675058
2305,343.696704
2306,343.724159
2307,343.75253
2308,343.780307
2309,343.807042
2310,343.832624
2311,343.857064
2312,343.880427
2313,343.90281
2314,343.924337
2315,343.945157
2316,343.965443
2317,343.985386
2318,344.005189
2319,344.025055
2320,344.045167
2321,344.065662
2322,344.086604
2323,344.107942
2324,344.12944
2325,344.150627
2326,344.170862
2327,344.189636
2328,344.206604
2329,344.221511
2330,344.234173
2331,344.244467
2332,344.252324
2333,344.257723
2334,344.260685
2335,344.261276
2336,344.259609
2337,344.255855
2338,344.250254
2339,344.243126
2340,344.234885
2341,344.226083
2342,344.217465
2343,344.209823
2344,344.20376
2345,344.19966
2346,344.197729
2347,344.198032
2348,344.200501
2349,344.204925
2350,344.210923
2351,344.217877
2352,344.224875
2353,344.230832
2354,344.234971
2355,344.236748
2356,344.235756
2357,344.231686
2358,344.224315
2359,344.213486
2360,344.199095
2361,344.181074
2362,344.159391
2363,344.134071
2364,344.10529
2365,344.073669
2366,344.041238
2367,344.014521
2368,343.65307
2369,343.674158
2370,343.701076
2371,343.729117
2372,343.75684
2373,343.783822
2374,343.80997
2375,343.835312
2376,343.859927
2377,343.883931
2378,343.907467
2379,343.930705
2380,343.953838
2381,343.977081
2382,344.000658
2383,344.024795
2384,344.049709
2385,344.075592
2386,344.102591
2387,344.130736
2388,344.159749
2389,344.188692
2390,344.215984
2391,344.240825
2392,344.262933
2393,344.282147
2394,344.298339
2395,344.311426
2396,344.321372
2397,344.328182
2398,344.3319
2399,344.332601
2400,344.330407
2401,344.325489
2402,344.31808
2403,344.308469
2404,344.297014
2405,344.284327
2406,344.271762
2407,344.260949
2408,344.252855
2409,344.247901
2410,344.246253
2411,344.24796
2412,344.252991
2413,344.261231
2414,344.272396
2415,344.285762
2416,344.299691
2417,344.311725
2418,344.320888
2419,344.326778
2420,344.329103
2421,344.327621
2422,344.322151
2423,344.312575
2424,344.298815
2425,344.280824
2426,344.258582
2427,344.232114
2428,344.201602
2429,344.167709
2430,344.132643
2431,344.103565
2432,343.634557
2433,343.655184
2434,343.68167
2435,343.709468
2436,343.737194
2437,343.764452
2438,343.791166
2439,343.817382
2440,343.843198
2441,343.868749
2442,343.894203
2443,343.91976
2444,343.945645
2445,343.972113
2446,343.99944
2447,344.027927
2448,344.057917
2449,344.089826
2450,344.124209
2451,344.161712
2452,344.202499
2453,344.244577
2454,344.282601
2455,344.315531
2456,344.343946
2457,344.368206
2458,344.388413
2459,344.404593
2460,344.416776
2461,344.425012
2462,344.429366
2463,344.429919
2464,344.426772
2465,344.420053
2466,344.409887
2467,344.396287
2468,344.378986
2469,344.357901
2470,344.336172
2471,344.31837
2472,344.306057
2473,344.299214
2474,344.297566
2475,344.300991
2476,344.309587
2477,344.323707
2478,344.343852
2479,344.369823
2480,344.39822
2481,344.420851
2482,344.437508
2483,344.449012
2484,344.455673
2485,344.457501
2486,344.454446
2487,344.446472
2488,344.433564
2489,344.415713
2490,344.392916
2491,344.365202
2492,344.332752
2493,344.296265
2494,344.258153
2495,344.226319
2496,343.618859
2497,343.639104
2498,343.665242
2499,343.692864
2500,343.720637
2501,343.748188
2502,343.775463
2503,343.802524
2504,343.829489
2505,343.856521
2506,343.883816
2507,343.91161
2508,343.940175
2509,343.969828
2510,344.000936
2511,344.033948
2512,344.069493
2513,344.108607
2514,344.153173
2515,344.206379
2516,344.271602
2517,344.345217
2518,344.4038
2519,344.448715
2520,344.485293
2521,344.51573
2522,344.540701
2523,344.560453
2524,344.575133
2525,344.584862
2526,344.589732
2527,344.589815
2528,344.585158
2529,344.575772
2530,344.561501
2531,344.541495
2532,344.5128
2533,344.469777
2534,344.421971
2535,344.386429
2536,344.364673
2537,344.353781
2538,344.351524
2539,344.357077
2540,344.370896
2541,344.394971
2542,344.433277
2543,344.490018
2544,344.558689
2545,344.602456
2546,344.63076
2547,344.650038
2548,344.662439
2549,344.668562
2550,344.66861
2551,344.662702
2552,344.650929
2553,344.633347
2554,344.609983
2555,344.580871
2556,344.546178
2557,344.506636
2558,344.464886
2559,344.42974
2560,343.605434
2561,343.62536
2562,343.651216
2563,343.678713
2564,343.706562
2565,343.734415
2566,343.762237
2567,343.790108
2568,343.818172
2569,343.846617
2570,343.875676
2571,343.905629
2572,343.93681
2573,343.969617
2574,344.004553
2575,344.042319
2576,344.084106
2577,344.13237
2578,344.192693
2579,344.277205
2580,344.406004
2581,344.582984
2582,344.688313
2583,344.75115
2584,344.798546
2585,344.837079
2586,344.868235
2587,344.892534
2588,344.910298
2589,344.921756
2590,344.927045
2591,344.926203
2592,344.919175
2593,344.905785
2594,344.885484
2595,344.855888
2596,344.805924
2597,344.69542
2598,344.559665
2599,344.474692
2600,344.431037
2601,344.411766
2602,344.407741
2603,344.415933
2604,344.437635
2605,344.479609
2606,344.558421
2607,344.702342
2608,344.914731
2609,345.000364
2610,345.045559
2611,345.075574
2612,345.095948
2613,345.108025
2614,345.112355
2615,345.109301
2616,345.09913
2617,345.082008
2618,345.058011
2619,345.027171
2620,344.98963
2621,344.946134
2622,344.899608
2623,344.860092
2624,343.593836
2625,343.613492
2626,343.639116
2627,343.666523
2628,343.694464
2629,343.722617
2630,343.750962
2631,343.779603
2632,343.808707
2633,343.838493
2634,343.869233
2635,343.901259
2636,343.934975
2637,343.970885
2638,344.009667
2639,344.052389
2640,344.101169
2641,344.161187
2642,344.246561
2643,344.395896
2644,344.702624
2645,345.294662
2646,345.501057
2647,345.5794
2648,345.640872
2649,345.691853
2650,345.732775
2651,345.76419
2652,345.786679
2653,345.800668
2654,345.806361
2655,345.803729
2656,345.792527
2657,345.772343
2658,345.742694
2659,345.702278
2660,345.633677
2661,345.291862
2662,344.822147
2663,344.599536
2664,344.507828
2665,344.472888
2666,344.465346
2667,344.476683
2668,344.509775
2669,344.582604
2670,344.749244
2671,345.14525
2672,345.967892
2673,346.086716
2674,346.146788
2675,346.192158
2676,346.225415
2677,346.2473
2678,346.258675
2679,346.260321
2680,346.252822
2681,346.236544
2682,346.211655
2683,346.178178
2684,346.136181
2685,346.086365
2686,346.032006
2687,345.985105
2688,343.583692
2689,343.603114
2690,343.628542
2691,343.655881
2692,343.683921
2693,343.712358
2694,343.741196
2695,343.770556
2696,343.800631
2697,343.831674
2698,343.863998
2699,343.89799
2700,343.934132
2701,343.973043
2702,344.015603
2703,344.06331
2704,344.119456
2705,344.193023
2706,344.31207
2707,344.570869
2708,345.302819
2709,345.689686
2710,345.785939
2711,345.857078
2712,345.921406
2713,345.975371
2714,346.018601
2715,346.051675
2716,346.075254
2717,346.089815
2718,346.095582
2719,346.092508
2720,346.080292
2721,346.058445
2722,346.026534
2723,345.984868
2724,345.935737
2725,345.802302
2726,345.311343
2727,344.768131
2728,344.593006
2729,344.535129
2730,344.522594
2731,344.53727
2732,344.584018
2733,344.698768
2734,345.012228
2735,346.000461
2736,346.389103
2737,346.451623
2738,346.511554
2739,346.560587
2740,346.596973
2741,346.6212
2742,346.634243
2743,346.636999
2744,346.630134
2745,346.614064
2746,346.588977
2747,346.554893
2748,346.511854
2749,346.460529
2750,346.4042
2751,346.355203
2752,343.574692
2753,343.593907
2754,343.619161
2755,343.646443
2756,343.674574
2757,343.703273
2758,343.732559
2759,343.762577
2760,343.793544
2761,343.825745
2762,343.859536
2763,343.89536
2764,343.933775
2765,343.975516
2766,344.021654
2767,344.074071
2768,344.137003
2769,344.222164
2770,344.36622
2771,344.691239
2772,345.616922
2773,345.793326
2774,345.874495
2775,345.948364
2776,346.01669
2777,346.073925
2778,346.119591
2779,346.154389
2780,346.179085
2781,346.19422
2782,346.200035
2783,346.196461
2784,346.183134
2785,346.159456
2786,346.124895
2787,346.080083
2788,346.030781
2789,345.950924
2790,345.664414
2791,344.906935
2792,344.669857
2793,344.593541
2794,344.576856
2795,344.594447
2796,344.651957
2797,344.794333
2798,345.180656
2799,346.356193
2800,346.50971
2801,346.57258
2802,346.637604
2803,346.691164
2804,346.730991
2805,346.757735
2806,346.772561
2807,346.776506
2808,346.770328
2809,346.754496
2810,346.729221
2811,346.69452
2812,346.650403
2813,346.597488
2814,346.539039
2815,346.487706
2816,343.566575
2817,343.5856
2818,343.610695
2819,343.637918
2820,343.666124
2821,343.69505
2822,343.724732
2823,343.755334
2824,343.787099
2825,343.820343
2826,343.855461
2827,343.89295
2828,343.93344
2829,343.97777
2830,344.027169
2831,344.083798
2832,344.15245
2833,344.246056
2834,344.403744
2835,344.749986
2836,345.68615
2837,345.851337
2838,345.937207
2839,346.017028
2840,346.090815
2841,346.152389
2842,346.201313
2843,346.238432
2844,346.264639
2845,346.280545
2846,346.286418
2847,346.282164
2848,346.267342
2849,346.241237
2850,346.203186
2851,346.153883
2852,346.100103
2853,346.020291
2854,345.754287
2855,344.984281
2856,344.729382
2857,344.644677
2858,344.62597
2859,344.646009
2860,344.710664
2861,344.866886
2862,345.274547
2863,346.451922
2864,346.595968
2865,346.665779
2866,346.738086
2867,346.797642
2868,346.842071
2869,346.872229
2870,346.889502
2871,346.895093
2872,346.889876
2873,346.874392
2874,346.848881
2875,346.813353
2876,346.767784
2877,346.712746
2878,346.651539
2879,346.59737
2880,343.559123
2881,343.577971
2882,343.602908
2883,343.630063
2884,343.658317
2885,343.687425
2886,343.717439
2887,343.748542
2888,343.780999
2889,343.815152
2890,343.851435
2891,343.890392
2892,343.932717
2893,343.979335
2894,344.031597
2895,344.091853
2896,344.165204
2897,344.2651
2898,344.431445
2899,344.789254
2900,345.73867
2901,345.905248
2902,345.996556
2903,346.0824
2904,346.161831
2905,346.228013
2906,346.280463
2907,346.32013
2908,346.348006
2909,346.364774
2910,346.370722
2911,346.365739
2912,346.349319
2913,346.320655
2914,346.279018
2915,346.22524
2916,346.167014
2917,346.084192
2918,345.817353
2919,345.039217
2920,344.776923
2921,344.688235
2922,344.668753
2923,344.690848
2924,344.760481
2925,344.925069
2926,345.344457
2927,346.534762
2928,346.679898
2929,346.756383
2930,346.835968
2931,346.901764
2932,346.951125
2933,346.985019
2934,347.005006
2935,347.012444
2936,347.008319
2937,346.993243
2938,346.967487
2939,346.931059
2940,346.883904
2941,346.826565
2942,346.762445
2943,346.705414
2944,343.552157
2945,343.57083
2946,343.595605
2947,343.622673
2948,343.65094
2949,343.680177
2950,343.710451
2951,343.74196
2952,343.774987
2953,343.809902
2954,343.847167
2955,343.887369
2956,343.931253
2957,343.979812
2958,344.034489
2959,344.097758
2960,344.174895
2961,344.279613
2962,344.452204
2963,344.818374
2964,345.780458
2965,345.948669
2966,346.044349
2967,346.135106
2968,346.219285
2969,346.28945
2970,346.345015
2971,346.386965
2972,346.416358
2973,346.433923
2974,346.439969
2975,346.43437
2976,346.416585
2977,346.385759
2978,346.34116
2979,346.283799
2980,346.222123
2981,346.136746
2982,345.867884
2983,345.081899
2984,344.81507
2985,344.724143
2986,344.704442
2987,344.728228
2988,344.801521
2989,344.971959
2990,345.399878
2991,346.603461
2992,346.749782
2993,346.831463
2994,346.916971
2995,346.98804
2996,347.041696
2997,347.078915
2998,347.101357
2999,347.110489
3000,347.10738
3001,347.092699
3002,347.066743
3003,347.02952
3004,346.980955
3005,346.921588
3006,346.854939
3007,346.795492
3008,343.545524
3009,343.564022
3010,343.588623
3011,343.615578
3012,343.643816
3013,343.673122
3014,343.703574
3015,343.735383
3016,343.768851
3017,343.804365
3018,343.842414
3019,343.883615
3020,343.928756
3021,343.978878
3022,344.035491
3023,344.101148
3024,344.181233
3025,344.289603
3026,344.466806
3027,344.839173
3028,345.811134
3029,345.980582
3030,346.079481
3031,346.173931
3032,346.261767
3033,346.335071
3034,346.393137
3035,346.436953
3036,346.467606
3037,346.485855
3038,346.49202
3039,346.485972
3040,346.467154
3041,346.434696
3042,346.387897
3043,346.327938
3044,346.263823
3045,346.176652
3046,345.906255
3047,345.114309
3048,344.844435
3049,344.752147
3050,344.732468
3051,344.757597
3052,344.833592
3053,345.008245
3054,345.442412
3055,346.656298
3056,346.803497
3057,346.888955
3058,346.978898
3059,347.054032
3060,347.111085
3061,347.150988
3062,347.175448
3063,347.185991
3064,347.183746
3065,347.169418
3066,347.143324
3067,347.105473
3068,347.055782
3069,346.994797
3070,346.926152
3071,346.864824
3072,343.5391
3073,343.557418
3074,343.581828
3075,343.608637
3076,343.636798
3077,343.666105
3078,343.696647
3079,343.728646
3080,343.762414
3081,343.798354
3082,343.836975
3083,343.878916
3084,343.924992
3085,343.976282
3086,344.034336
3087,344.101759
3088,344.183995
3089,344.29499
3090,344.475455
3091,344.852183
3092,345.831115
3093,346.001425
3094,346.102553
3095,346.1996
3096,346.290051
3097,346.365642
3098,346.425564
3099,346.470789
3100,346.502416
3101,346.521217
3102,346.527522
3103,346.521202
3104,346.501694
3105,346.468134
3106,346.419857
3107,346.358175
3108,346.292469
3109,346.204144
3110,345.932749
3111,345.136868
3112,344.865061
3113,344.771981
3114,344.752433
3115,344.778575
3116,344.856487
3117,345.034066
3118,345.472561
3119,346.69362
3120,346.84142
3121,346.92947
3122,347.022514
3123,347.100553
3124,347.160082
3125,347.20198
3126,347.227964
3127,347.239594
3128,347.238029
3129,347.223999
3130,347.197835
3131,347.159545
3132,347.109043
3133,347.04689
3134,346.976807
3135,346.914133
3136,343.532786
3137,343.550913
3138,343.57511
3139,343.601738
3140,343.629768
3141,343.659004
3142,343.689543
3143,343.721613
3144,343.755535
3145,343.791723
3146,343.830694
3147,343.873104
3148,343.919786
3149,343.971837
3150,344.030833
3151,344.099406
3152,344.183033
3153,344.295705
3154,344.478234
3155,344.857698
3156,345.840988
3157,346.011834
3158,346.114349
3159,346.213029
3160,346.305149
3161,346.382223
3162,346.443371
3163,346.489549
3164,346.521858
3165,346.541076
3166,346.547537
3167,346.541113
3168,346.521245
3169,346.487075
3170,346.437967
3171,346.375316
3172,346.308721
3173,346.219757
3174,345.94781
3175,345.149752
3176,344.876911
3177,344.783463
3178,344.764091
3179,344.790934
3180,344.870084
3181,345.049501
3182,345.490681
3183,346.716172
3184,346.864341
3185,346.953989
3186,347.048971
3187,347.128856
3188,347.189986
3189,347.233197
3190,347.260206
3191,347.272584
3192,347.271507
3193,347.257716
3194,347.231549
3195,347.193016
3196,347.14203
3197,347.07916
3198,347.008188
3199,346.944682
3200,343.526501
3201,343.544427
3202,343.568385
3203,343.59479
3204,343.622631
3205,343.651721
3206,343.68216
3207,343.714181
3208,343.748107
3209,343.784357
3210,343.823455
3211,343.866061
3212,343.913012
3213,343.965416
3214,344.024855
3215,344.093972
3216,344.178254
3217,344.29171
3218,344.475192
3219,344.855911
3220,345.841191
3221,346.012281
3222,346.115434
3223,346.214875
3224,346.307788
3225,346.385586
3226,346.447355
3227,346.49404
3228,346.526742
3229,346.546239
3230,346.552869
3231,346.546504
3232,346.526586
3233,346.492263
3234,346.442912
3235,346.379961
3236,346.313084
3237,346.223915
3238,345.951798
3239,345.153081
3240,344.879971
3241,344.786501
3242,344.767321
3243,344.794567
3244,344.874338
3245,345.054624
3246,345.497037
3247,346.724537
3248,346.872873
3249,346.963248
3250,347.059123
3251,347.139874
3252,347.201776
3253,347.245641
3254,347.273181
3255,347.285969
3256,347.285185
3257,347.271574
3258,347.245474
3259,347.206894
3260,347.155747
3261,347.092608
3262,347.021284
3263,346.957439
3264,343.520185
3265,343.537894
3266,343.561586
3267,343.587725
3268,343.615319
3269,343.644184
3270,343.674425
3271,343.706273
3272,343.740053
3273,343.776182
3274,343.815181
3275,343.857707
3276,343.904594
3277,343.956945
3278,344.016334
3279,344.085396
3280,344.169612
3281,344.282981
3282,344.466348
3283,344.846904
3284,345.83192
3285,346.002979
3286,346.106059
3287,346.205428
3288,346.298293
3289,346.376079
3290,346.437877
3291,346.484631
3292,346.51744
3293,346.537082
3294,346.54389
3295,346.53774
3296,346.518073
3297,346.484038
3298,346.435006
3299,346.372385
3300,346.305794
3301,346.216827
3302,345.944892
3303,345.146931
3304,344.874259
3305,344.781083
3306,344.7621
3307,344.789458
3308,344.869259
3309,345.049496
3310,345.49177
3311,346.718996
3312,346.867309
3313,346.957587
3314,347.05336
3315,347.134038
3316,347.195906
3317,347.23978
3318,347.267364
3319,347.280228
3320,347.279544
3321,347.266053
3322,347.240088
3323,347.201658
3324,347.150673
3325,347.087709
3326,347.016562
3327,346.952864
3328,343.513792
3329,343.53127
3330,343.554665
3331,343.580494
3332,343.60778
3333,343.636343
3334,343.666286
3335,343.69784
3336,343.731325
3337,343.76715
3338,343.805829
3339,343.848006
3340,343.894502
3341,343.946398
3342,344.005249
3343,344.073665
3344,344.157097
3345,344.269511
3346,344.451686
3347,344.830645
3348,345.813113
3349,345.983859
3350,346.086144
3351,346.184599
3352,346.276565
3353,346.3536
3354,346.414835
3355,346.461222
3356,346.493855
3357,346.513505
3358,346.520504
3359,346.514726
3360,346.495614
3361,346.462312
3362,346.41417
3363,346.352526
3364,346.286804
3365,346.198456
3366,345.927067
3367,345.13132
3368,344.85982
3369,344.767266
3370,344.748489
3371,344.775667
3372,344.854901
3373,345.034149
3374,345.474879
3375,346.699492
3376,346.847587
3377,346.936929
3378,347.031587
3379,347.111239
3380,347.172265
3381,347.215501
3382,347.242647
3383,347.255256
3384,347.254483
3385,347.241054
3386,347.215295
3387,347.177211
3388,347.126712
3389,347.064364
3390,346.993923
3391,346.930858
3392,343.507296
3393,343.524525
3394,343.547593
3395,343.573067
3396,343.599983
3397,343.628166
3398,343.657716
3399,343.688857
3400,343.721901
3401,343.757247
3402,343.795392
3403,343.836961
3404,343.882747
3405,343.9338
3406,343.991635
3407,344.058816
3408,344.14074
3409,344.251302
3410,344.431156
3411,344.806996
3412,345.784462
3413,345.954592
3414,346.055293
3415,346.15193
3416,346.242099
3417,346.317615
3418,346.377682
3419,346.423261
3420,346.455435
3421,346.474963
3422,346.482168
3423,346.476926
3424,346.458685
3425,346.426586
3426,346.379946
3427,346.319987
3428,346.25579
3429,346.168537
3430,345.89811
3431,345.10622
3432,344.836727
3433,344.745182
3434,344.726645
3435,344.753341
3436,344.831361
3437,345.008594
3438,345.446233
3439,346.665651
3440,346.813312
3441,346.900786
3442,346.993233
3443,347.070852
3444,347.130197
3445,347.17214
3446,347.198365
3447,347.210393
3448,347.209346
3449,347.195927
3450,347.170446
3451,347.132904
3452,347.083212
3453,347.021926
3454,346.952727
3455,346.89079
3456,343.500682
3457,343.517647
3458,343.540356
3459,343.56543
3460,343.591917
3461,343.619644
3462,343.648705
3463,343.67932
3464,343.711786
3465,343.746487
3466,343.783897
3467,343.824612
3468,343.869387
3469,343.919226
3470,343.975582
3471,344.040946
3472,344.120622
3473,344.228383
3474,344.404682
3475,344.775716
3476,345.745482
3477,345.91465
3478,346.012863
3479,346.106665
3480,346.194063
3481,346.267253
3482,346.325535
3483,346.369867
3484,346.401304
3485,346.420581
3486,346.428011
3487,346.423474
3488,346.406433
3489,346.376041
3490,346.331583
3491,346.274123
3492,346.212228
3493,346.126653
3494,345.857685
3495,345.071561
3496,344.805086
3497,344.715054
3498,344.69684
3499,344.722735
3500,344.798809
3501,344.972835
3502,345.405594
3503,346.616868
3504,346.763838
3505,346.848355
3506,346.937347
3507,347.011838
3508,347.068625
3509,347.108613
3510,347.133443
3511,347.144577
3512,347.143085
3513,347.129629
3514,347.104498
3515,347.06769
3516,347.019121
3517,346.959337
3518,346.891922
3519,346.831628
3520,343.493952
3521,343.510635
3522,343.532955
3523,343.557583
3524,343.583583
3525,343.61078
3526,343.639265
3527,343.669246
3528,343.701006
3529,343.734908
3530,343.771398
3531,343.811035
3532,343.854525
3533,343.902805
3534,343.957245
3535,344.020222
3536,344.096886
3537,344.200799
3538,344.372106
3539,344.736418
3540,345.695764
3541,345.863591
3542,345.958251
3543,346.048074
3544,346.131658
3545,346.201702
3546,346.257596
3547,346.300265
3548,346.330708
3549,346.349618
3550,346.357292
3551,346.353622
3552,346.338105
3553,346.309934
3554,346.268389
3555,346.214356
3556,346.155701
3557,346.072517
3558,345.805537
3559,345.027146
3560,344.764988
3561,344.677198
3562,344.659488
3563,344.684247
3564,344.757495
3565,344.926832
3566,345.352593
3567,346.552659
3568,346.698642
3569,346.778889
3570,346.86302
3571,346.933217
3572,346.986566
3573,347.023965
3574,347.046965
3575,347.056928
3576,347.054842
3577,347.041313
3578,347.016603
3579,346.980705
3580,346.933549
3581,346.875681
3582,346.810577
3583,346.752447
3584,343.487119
3585,343.503504
3586,343.525404
3587,343.549543
3588,343.574998
3589,343.601596
3590,343.629421
3591,343.658669
3592,343.689608
3593,343.722573
3594,343.757981
3595,343.796344
3596,343.838307
3597,343.884725
3598,343.936851
3599,343.996892
3600,344.069736
3601,344.168537
3602,344.332887
3603,344.687966
3604,345.63562
3605,345.802001
3606,345.891989
3607,345.976677
3608,346.055477
3609,346.121668
3610,346.174689
3611,346.215374
3612,346.244629
3613,346.263082
3614,346.27101
3615,346.268326
3616,346.254586
3617,346.229067
3618,346.191103
3619,346.141425
3620,346.087021
3621,346.006861
3622,345.741624
3623,344.971915
3624,344.716187
3625,344.631962
3626,344.615172
3627,344.638436
3628,344.707681
3629,344.870173
3630,345.286166
3631,346.473812
3632,346.618663
3633,346.693161
3634,346.771005
3635,346.835844
3636,346.88502
3637,346.919341
3638,346.940195
3639,346.948796
3640,346.946019
3641,346.932399
3642,346.908162
3643,346.873302
3644,346.827771
3645,346.772137
3646,346.709777
3647,346.654278
3648,343.480212
3649,343.496282
3650,343.517732
3651,343.541338
3652,343.566195
3653,343.592127
3654,343.619215
3655,343.64764
3656,343.677654
3657,343.709566
3658,343.743755
3659,343.780681
3660,343.820921
3661,343.865229
3662,343.914706
3663,343.971301
3664,344.039429
3665,344.131311
3666,344.284933
3667,344.624685
3668,345.564192
3669,345.73457
3670,345.819652
3671,345.898658
3672,345.972313
3673,346.034479
3674,346.084556
3675,346.12323
3676,346.15128
3677,346.169258
3678,346.177416
3679,346.175696
3680,346.163735
3681,346.140934
3682,346.10675
3683,346.061839
3684,346.012202
3685,345.933808
3686,345.660346
3687,344.899948
3688,344.657056
3689,344.579566
3690,344.564654
3691,344.586026
3692,344.649378
3693,344.800661
3694,345.200328
3695,346.382971
3696,346.53093
3697,346.598717
3698,346.669562
3699,346.728684
3700,346.773549
3701,346.804759
3702,346.823477
3703,346.830736
3704,346.827286
3705,346.813582
3706,346.789815
3707,346.75598
3708,346.712063
3709,346.658673
3710,346.599132
3711,346.546448
3712,343.473277
3713,343.489016
3714,343.509984
3715,343.533014
3716,343.557217
3717,343.582421
3718,343.608699
3719,343.636223
3720,343.665225
3721,343.695988
3722,343.72885
3723,343.76422
3724,343.802597
3725,343.84462
3726,343.8912
3727,343.943923
3728,344.006352
3729,344.088457
3730,344.222183
3731,344.518487
3732,345.38919
3733,345.654345
3734,345.740045
3735,345.814168
3736,345.883157
3737,345.941738
3738,345.989236
3739,346.026164
3740,346.053167
3741,346.070721
3742,346.079056
3743,346.078143
3744,346.067704
3745,346.047279
3746,346.016489
3747,345.975936
3748,345.929992
3749,345.835917
3750,345.454309
3751,344.785414
3752,344.582983
3753,344.520144
3754,344.509007
3755,344.528022
3756,344.582124
3757,344.710869
3758,345.061512
3759,346.188796
3760,346.432783
3761,346.495084
3762,346.559436
3763,346.613386
3764,346.654459
3765,346.682989
3766,346.699893
3767,346.706027
3768,346.702023
3769,346.688263
3770,346.664908
3771,346.631953
3772,346.589421
3773,346.537974
3774,346.480933
3775,346.430874
3776,343.466381
3777,343.481771
3778,343.502224
3779,343.524633
3780,343.548127
3781,343.572542
3782,343.597946
3783,343.624501
3784,343.652421
3785,343.681962
3786,343.713424
3787,343.747162
3788,343.783598
3789,343.823253
3790,343.866828
3791,343.915458
3792,343.971475
3793,344.040776
3794,344.13988
3795,344.315076
3796,344.68085
3797,345.391723
3798,345.571867
3799,345.650137
3800,345.717726
3801,345.774977
3802,345.821492
3803,345.857746
3804,345.884337
3805,345.901714
3806,345.910099
3807,345.909474
3808,345.899592
3809,345.880044
3810,345.850476
3811,345.810899
3812,345.753791
3813,345.451684
3814,344.871057
3815,344.600017
3816,344.493242
3817,344.455562
3818,344.450137
3819,344.466352
3820,344.507134
3821,344.592683
3822,344.784662
3823,345.239391
3824,346.178888
3825,346.283713
3826,346.348128
3827,346.400349
3828,346.440033
3829,346.467571
3830,346.483807
3831,346.489534
3832,346.485339
3833,346.471578
3834,346.448398
3835,346.415798
3836,346.37381
3837,346.323116
3838,346.267043
3839,346.218048
3840,343.459625
3841,343.474647
3842,343.494549
3843,343.516289
3844,343.539022
3845,343.562592
3846,343.587066
3847,343.612598
3848,343.639384
3849,343.667657
3850,343.697682
3851,343.729764
3852,343.764252
3853,343.801559
3854,343.842195
3855,343.886894
3856,343.936947
3857,343.995139
3858,344.068009
3859,344.170052
3860,344.325456
3861,344.53718
3862,344.651558
3863,344.723053
3864,344.779556
3865,344.82661
3866,344.865328
3867,344.896144
3868,344.919376
3869,344.93527
3870,344.943988
3871,344.945595
3872,344.940076
3873,344.927319
3874,344.906968
3875,344.87729
3876,344.828966
3877,344.7205
3878,344.560696
3879,344.460609
3880,344.411434
3881,344.392104
3882,344.391169
3883,344.404786
3884,344.43427
3885,344.48725
3886,344.582612
3887,344.752628
3888,344.999682
3889,345.096796
3890,345.15195
3891,345.19146
3892,345.220489
3893,345.240229
3894,345.251186
3895,345.253709
3896,345.248049
3897,345.234351
3898,345.212667
3899,345.182992
3900,345.145436
3901,345.100749
3902,345.052017
3903,345.010019
3904,343.453192
3905,343.467824
3906,343.487135
3907,343.508161
3908,343.530087
3909,343.552768
3910,343.576275
3911,343.600753
3912,343.626386
3913,343.653383
3914,343.681981
3915,343.712441
3916,343.745054
3917,343.780142
3918,343.818069
3919,343.859283
3920,343.904425
3921,343.954607
3922,344.011955
3923,344.080145
3924,344.162999
3925,344.25542
3926,344.327807
3927,344.384961
3928,344.432871
3929,344.473567
3930,344.507576
3931,344.535081
3932,344.556218
3933,344.571122
3934,344.579917
3935,344.582717
3936,344.579631
3937,344.570765
3938,344.556131
3939,344.53518
3940,344.505324
3941,344.460244
3942,344.4059
3943,344.365701
3944,344.342609
3945,344.333234
3946,344.334853
3947,344.346427
3948,344.368416
3949,344.403026
3950,344.454696
3951,344.528009
3952,344.614939
3953,344.672635
3954,344.713289
3955,344.74391
3956,344.766594
3957,344.781843
3958,344.789801
3959,344.790552
3960,344.784157
3961,344.770648
3962,344.75002
3963,344.722267
3964,344.68753
3965,344.646564
3966,344.602237
3967,344.564264
3968,343.447459
3969,343.461682
3970,343.48038
3971,343.500674
3972,343.521785
3973,343.543584
3974,343.56614
3975,343.589595
3976,343.614121
3977,343.639911
3978,343.667177
3979,343.69615
3980,343.727076
3981,343.760213
3982,343.79583
3983,343.834202
3984,343.875631
3985,343.920492
3986,343.969293
3987,344.022607
3988,344.080343
3989,344.139646
3990,344.193594
3991,344.241256
3992,344.283173
3993,344.31955
3994,344.350366
3995,344.375586
3996,344.395225
3997,344.409348
3998,344.418059
3999,344.421495
4000,344.419839
4001,344.413337
4002,344.402289
4003,344.386956
4004,344.367363
4005,344.343551
4006,344.318607
4007,344.298731
4008,344.28634
4009,344.281654
4010,344.284442
4011,344.294589
4012,344.312189
4013,344.337564
4014,344.371118
4015,344.412314
4016,344.456778
4017,344.494626
4018,344.525552
4019,344.550264
4020,344.568904
4021,344.581356
4022,344.587487
4023,344.587215
4024,344.580493
4025,344.567284
4026,344.547553
4027,344.521292
4028,344.488656
4029,344.450388
4030,344.409189
4031,344.374039
4032,343.443346
4033,343.4572
4034,343.475366
4035,343.495043
4036,343.515484
4037,343.536566
4038,343.558363
4039,343.581011
4040,343.604673
4041,343.629534
4042,343.65579
4043,343.683653
4044,343.713344
4045,343.745088
4046,343.779103
4047,343.815586
4048,343.854702
4049,343.896559
4050,343.941177
4051,343.988368
4052,344.037423
4053,344.086618
4054,344.13334
4055,344.176278
4056,344.214863
4057,344.248737
4058,344.277652
4059,344.301468
4060,344.320145
4061,344.333714
4062,344.342267
4063,344.345951
4064,344.344981
4065,344.339661
4066,344.330414
4067,344.317793
4068,344.302504
4069,344.285605
4070,344.269118
4071,344.255742
4072,344.247214
4073,344.244361
4074,344.24754
4075,344.256882
4076,344.272358
4077,344.293755
4078,344.320538
4079,344.351443
4080,344.38383
4081,344.413963
4082,344.440224
4083,344.461866
4084,344.47837
4085,344.489352
4086,344.494551
4087,344.493807
4088,344.487023
4089,344.474133
4090,344.455085
4091,344.429874
4092,344.398657
4093,344.362168
4094,344.323001
4095,344.289692
4096,343.345668
4097,343.360462
4098,343.374086
4099,343.386226
4100,343.39668
4101,343.405312
4102,343.412035
4103,343.416801
4104,343.419595
4105,343.420436
4106,343.419375
4107,343.416496
4108,343.411921
4109,343.405808
4110,343.398351
4111,343.389771
4112,343.380312
4113,343.370226
4114,343.359756
4115,343.349129
4116,343.338542
4117,343.328158
4118,343.318105
4119,343.308477
4120,343.29934
4121,343.290737
4122,343.28269
4123,343.27521
4124,343.268297
4125,343.261949
4126,343.256159
4127,343.250923
4128,343.246241
4129,343.242118
4130,343.238568
4131,343.235615
4132,343.233296
4133,343.231662
4134,343.230787
4135,343.230764
4136,343.231718
4137,343.233806
4138,343.23723
4139,343.242246
4140,343.249179
4141,343.258438
4142,343.270535
4143,343.28609
4144,343.305785
4145,343.320628
4146,343.33186
4147,343.340234
4148,343.346275
4149,343.350374
4150,343.352833
4151,343.353886
4152,343.353718
4153,343.352468
4154,343.350243
4155,343.347121
4156,343.343158
4157,343.3384
4158,343.332892
4159,343.326714
4160,343.383374
4161,343.399679
4162,343.414502
4163,343.427618
4164,343.438853
4165,343.448084
4166,343.45523
4167,343.460243
4168,343.463111
4169,343.463853
4170,343.462523
4171,343.45921
4172,343.454045
4173,343.447198
4174,343.438885
4175,343.429354
4176,343.41888
4177,343.407748
4178,343.396234
4179,343.384591
4180,343.373036
4181,343.361745
4182,343.350854
4183,343.340459
4184,343.330624
4185,343.321389
4186,343.312772
4187,343.304779
4188,343.297406
4189,343.290644
4190,343.284484
4191,343.278919
4192,343.273945
4193,343.269565
4194,343.265793
4195,343.262652
4196,343.260178
4197,343.258427
4198,343.257471
4199,343.257409
4200,343.258369
4201,343.260516
4202,343.264059
4203,343.269263
4204,343.27646
4205,343.286068
4206,343.298599
4207,343.314644
4208,343.334766
4209,343.350067
4210,343.361687
4211,343.370358
4212,343.376604
4213,343.380826
4214,343.383333
4215,343.384368
4216,343.384119
4217,343.382731
4218,343.380309
4219,343.376929
4220,343.372638
4221,343.36746
4222,343.36139
4223,343.354369
4224,343.426428
4225,343.444673
4226,343.461063
4227,343.475433
4228,343.487645
4229,343.497593
4230,343.505206
4231,343.510444
4232,343.513296
4233,343.513781
4234,343.511953
4235,343.507906
4236,343.50178
4237,343.493764
4238,343.484102
4239,343.473087
4240,343.461047
4241,343.448324
4242,343.435249
4243,343.422119
4244,343.409181
4245,343.396628
4246,343.384599
4247,343.37319
4248,343.362458
4249,343.352431
4250,343.343118
4251,343.334512
4252,343.326599
4253,343.319362
4254,343.312784
4255,343.306851
4256,343.301552
4257,343.296889
4258,343.29287
4259,343.289515
4260,343.286862
4261,343.284964
4262,343.283895
4263,343.283755
4264,343.284676
4265,343.286824
4266,343.290413
4267,343.295712
4268,343.303058
4269,343.312867
4270,343.325638
4271,343.341936
4272,343.362261
4273,343.37779
4274,343.38961
4275,343.398428
4276,343.404759
4277,343.409004
4278,343.411473
4279,343.412412
4280,343.412012
4281,343.410414
4282,343.407724
4283,343.404007
4284,343.399296
4285,343.393586
4286,343.386819
4287,343.378841
4288,343.475849
4289,343.496406
4290,343.514692
4291,343.530576
4292,343.543949
4293,343.554726
4294,343.562849
4295,343.568282
4296,343.571017
4297,343.571069
4298,343.568491
4299,343.563374
4300,343.555865
4301,343.546176
4302,343.534588
4303,343.521459
4304,343.507197
4305,343.49224
4306,343.477001
4307,343.461844
4308,343.447054
4309,343.432843
4310,343.419352
4311,343.406667
4312,343.394827
4313,343.383843
4314,343.373703
4315,343.364383
4316,343.355853
4317,343.348081
4318,343.341037
4319,343.334697
4320,343.329044
4321,343.32407
4322,343.319778
4323,343.316188
4324,343.31333
4325,343.311257
4326,343.310043
4327,343.309786
4328,343.31062
4329,343.312712
4330,343.316278
4331,343.321587
4332,343.328976
4333,343.338856
4334,343.351719
4335,343.368108
4336,343.388498
4337,343.404098
4338,343.415972
4339,343.424808
4340,343.431114
4341,343.435286
4342,343.437635
4343,343.438405
4344,343.437784
4345,343.435914
4346,343.43289
4347,343.428771
4348,343.423573
4349,343.417263
4350,343.409747
4351,343.400814
4352,343.532853
4353,343.556103
4354,343.576609
4355,343.594262
4356,343.608976
4357,343.620689
4358,343.629355
4359,343.634947
4360,343.637451
4361,343.636878
4362,343.633267
4363,343.626699
4364,343.617321
4365,343.605361
4366,343.591149
4367,343.575127
4368,343.557832
4369,343.539845
4370,343.521713
4371,343.503888
4372,343.486709
4373,343.470401
4374,343.455096
4375,343.440856
4376,343.427692
4377,343.415582
4378,343.404486
4379,343.394354
4380,343.38513
4381,343.376765
4382,343.36921
4383,343.362429
4384,343.356392
4385,343.351083
4386,343.346498
4387,343.342648
4388,343.339562
4389,343.337288
4390,343.335896
4391,343.335486
4392,343.336187
4393,343.338168
4394,343.341643
4395,343.346882
4396,343.354219
4397,343.364061
4398,343.376892
4399,343.393246
4400,343.413586
4401,343.429133
4402,343.440938
4403,343.449681
4404,343.455863
4405,343.459874
4406,343.462024
4407,343.462554
4408,343.46165
4409,343.459448
4410,343.456038
4411,343.451467
4412,343.445737
4413,343.438796
4414,343.430523
4415,343.420677
4416,343.598949
4417,343.625318
4418,343.648384
4419,343.668061
4420,343.684294
4421,343.697044
4422,343.706283
4423,343.711988
4424,343.71414
4425,343.712731
4426,343.707776
4427,343.699329
4428,343.687516
4429,343.672569
4430,343.654864
4431,343.634958
4432,343.613579
4433,343.591547
4434,343.569613
4435,343.548356
4436,343.528167
4437,343.509274
4438,343.491777
4439,343.475693
4440,343.460984
4441,343.447584
4442,343.435409
4443,343.42437
4444,343.414384
4445,343.405373
4446,343.397269
4447,343.390016
4448,343.383571
4449,343.377906
4450,343.373007
4451,343.368878
4452,343.365542
4453,343.363041
4454,343.361443
4455,343.360842
4456,343.361368
4457,343.363184
4458,343.366506
4459,343.371599
4460,343.378796
4461,343.388501
4462,343.401194
4463,343.417402
4464,343.437585
4465,343.452968
4466,343.464597
4467,343.473147
4468,343.479112
4469,343.482882
4470,343.484759
4471,343.484985
4472,343.48374
4473,343.481155
4474,343.477315
4475,343.472256
4476,343.46597
4477,343.458389
4478,343.449375
4479,343.43867
4480,343.676025
4481,343.705996
4482,343.731989
4483,343.753956
4484,343.771882
4485,343.785766
4486,343.795602
4487,343.801371
4488,343.803042
4489,343.800578
4490,343.793946
4491,343.783147
4492,343.768251
4493,343.749457
4494,343.727168
4495,343.702075
4496,343.675201
4497,343.647783
4498,343.620898
4499,343.595288
4500,343.571382
4501,343.549371
4502,343.529288
4503,343.51107
4504,343.494605
4505,343.479759
4506,343.466391
4507,343.454365
4508,343.443557
4509,343.433857
4510,343.425171
4511,343.417422
4512,343.41055
4513,343.404512
4514,343.399284
4515,343.39486
4516,343.391255
4517,343.388505
4518,343.386672
4519,343.385848
4520,343.386155
4521,343.387758
4522,343.390865
4523,343.395741
4524,343.402717
4525,343.412193
4526,343.424646
4527,343.440604
4528,343.460524
4529,343.475641
4530,343.486995
4531,343.495257
4532,343.50092
4533,343.504369
4534,343.505906
4535,343.505766
4536,343.504129
4537,343.501118
4538,343.496812
4539,343.491242
4540,343.484388
4541,343.476173
4542,343.466449
4543,343.454944
4544,343.766436
4545,343.800561
4546,343.829871
4547,343.854391
4548,343.874178
4549,343.889285
4550,343.899737
4551,343.905521
4552,343.906587
4553,343.902849
4554,343.894204
4555,343.880555
4556,343.861861
4557,343.838214
4558,343.80997
4559,343.777936
4560,343.743574
4561,343.708949
4562,343.675653
4563,343.644603
4564,343.616198
4565,343.590515
4566,343.567456
4567,343.546831
4568,343.528418
4569,343.511991
4570,343.497336
4571,343.484256
4572,343.47258
4573,343.46216
4574,343.45287
4575,343.44461
4576,343.437298
4577,343.430878
4578,343.42531
4579,343.420578
4580,343.416689
4581,343.413671
4582,343.41158
4583,343.4105
4584,343.41055
4585,343.411889
4586,343.414723
4587,343.419313
4588,343.425986
4589,343.435142
4590,343.447258
4591,343.462861
4592,343.482413
4593,343.497161
4594,343.508141
4595,343.516022
4596,343.521298
4597,343.524351
4598,343.525482
4599,343.524922
4600,343.522845
4601,343.519371
4602,343.514574
4603,343.508476
4604,343.501053
4605,343.492222
4606,343.481824
4607,343.469583
4608,343.873077
4609,343.911962
4610,343.944978
4611,343.972296
4612,343.994091
4613,344.010496
4614,344.021579
4615,344.027334
4616,344.027682
4617,344.022476
4618,344.011506
4619,343.994529
4620,343.971303
4621,343.941688
4622,343.905816
4623,343.864446
4624,343.819594
4625,343.775233
4626,343.733713
4627,343.696001
4628,343.662292
4629,343.63241
4630,343.606025
4631,343.582761
4632,343.562246
4633,343.544136
4634,343.528126
4635,343.51395
4636,343.501379
4637,343.490221
4638,343.480319
4639,343.471541
4640,343.463787
4641,343.45698
4642,343.451067
4643,343.446021
4644,343.441837
4645,343.438536
4646,343.436164
4647,343.434799
4648,343.434555
4649,343.435584
4650,343.438086
4651,343.44232
4652,343.448608
4653,343.457351
4654,343.469026
4655,343.484164
4656,343.503235
4657,343.517506
4658,343.528009
4659,343.535415
4660,343.540219
4661,343.542803
4662,343.543464
4663,343.54243
4664,343.53987
4665,343.535902
4666,343.530592
4667,343.52396
4668,343.515975
4669,343.50655
4670,343.495523
4671,343.48261
4672,343.999326
4673,344.043573
4674,344.080625
4675,344.110927
4676,344.134835
4677,344.152589
4678,344.16431
4679,344.170002
4680,344.169552
4681,344.162731
4682,344.149196
4683,344.128496
4684,344.100095
4685,344.063429
4686,344.018068
4687,343.964158
4688,343.903805
4689,343.846239
4690,343.794424
4691,343.748847
4692,343.709125
4693,343.674618
4694,343.644649
4695,343.618587
4696,343.595873
4697,343.576024
4698,343.558628
4699,343.54334
4700,343.529869
4701,343.517976
4702,343.507465
4703,343.498177
4704,343.489986
4705,343.482797
4706,343.476542
4707,343.47118
4708,343.466696
4709,343.463099
4710,343.460428
4711,343.458754
4712,343.45818
4713,343.458853
4714,343.460966
4715,343.464771
4716,343.470589
4717,343.478817
4718,343.489937
4719,343.504488
4720,343.522952
4721,343.536623
4722,343.546537
4723,343.553368
4724,343.557612
4725,343.559651
4726,343.559779
4727,343.558221
4728,343.555141
4729,343.55065
4730,343.544813
4731,343.537644
4732,343.529109
4733,343.519119
4734,343.50751
4735,343.493994
4736,344.148521
4737,344.198524
4738,344.239759
4739,344.273112
4740,344.299167
4741,344.318284
4742,344.330644
4743,344.336257
4744,344.334972
4745,344.326467
4746,344.310245
4747,344.28561
4748,344.251648
4749,344.207191
4750,344.150778
4751,344.080648
4752,343.995097
4753,343.920248
4754,343.856351
4755,343.802067
4756,343.755913
4757,343.716564
4758,343.682899
4759,343.653987
4760,343.629054
4761,343.607466
4762,343.588696
4763,343.572313
4764,343.557964
4765,343.545357
4766,343.534259
4767,343.524479
4768,343.515867
4769,343.50831
4770,343.501722
4771,343.49605
4772,343.491264
4773,343.487365
4774,343.484383
4775,343.482376
4776,343.48144
4777,343.481713
4778,343.483378
4779,343.48668
4780,343.491933
4781,343.499535
4782,343.509969
4783,343.523789
4784,343.541494
4785,343.554426
4786,343.563622
4787,343.569766
4788,343.573356
4789,343.574772
4790,343.574305
4791,343.572174
4792,343.568537
4793,343.563501
4794,343.557124
4795,343.54942
4796,343.540352
4797,343.529831
4798,343.517692
4799,343.503647
4800,344.303322
4801,344.358956
4802,344.404235
4803,344.440539
4804,344.468672
4805,344.489113
4806,344.502096
4807,344.507638
4808,344.505548
4809,344.495413
4810,344.476579
4811,344.448106
4812,344.408697
4813,344.356558
4814,344.289075
4815,344.201937
4816,344.086256
4817,343.993246
4818,343.917152
4819,343.854201
4820,343.801688
4821,343.757577
4822,343.720295
4823,343.688607
4824,343.661526
4825,343.638263
4826,343.618179
4827,343.600756
4828,343.585576
4829,343.572299
4830,343.560651
4831,343.550412
4832,343.541408
4833,343.533505
4834,343.526601
4835,343.520629
4836,343.515548
4837,343.511347
4838,343.508043
4839,343.505686
4840,343.50436
4841,343.504189
4842,343.505348
4843,343.508068
4844,343.512655
4845,343.5195
4846,343.529093
4847,343.542003
4848,343.558763
4849,343.570781
4850,343.579108
4851,343.584438
4852,343.587271
4853,343.587984
4854,343.58686
4855,343.584108
4856,343.579881
4857,343.574279
4858,343.567355
4859,343.559121
4860,343.549539
4861,343.538523
4862,343.525911
4863,343.511416
4864,344.426364
4865,344.487051
4866,344.53607
4867,344.575121
4868,344.6052
4869,344.626889
4870,344.640476
4871,344.645983
4872,344.643182
4873,344.63158
4874,344.610385
4875,344.578449
4876,344.534166
4877,344.475286
4878,344.398538
4879,344.298783
4880,344.166981
4881,344.060625
4882,343.974354
4883,343.903753
4884,343.84547
4885,343.79698
4886,343.756354
4887,343.722094
4888,343.693027
4889,343.668219
4890,343.646928
4891,343.628556
4892,343.612622
4893,343.598739
4894,343.586596
4895,343.575945
4896,343.566588
4897,343.558371
4898,343.551177
4899,343.544925
4900,343.53956
4901,343.535061
4902,343.531433
4903,343.528713
4904,343.526971
4905,343.52632
4906,343.526915
4907,343.528972
4908,343.53278
4909,343.53872
4910,343.54728
4911,343.55905
4912,343.574617
4913,343.585498
4914,343.592771
4915,343.597142
4916,343.599109
4917,343.599036
4918,343.597193
4919,343.593777
4920,343.58893
4921,343.582743
4922,343.575266
4923,343.566508
4924,343.556435
4925,343.544962
4926,343.531937
4927,343.517077
4928,344.524771
4929,344.589734
4930,344.642037
4931,344.683555
4932,344.715407
4933,344.738258
4934,344.752431
4935,344.757957
4936,344.754575
4937,344.741724
4938,344.718504
4939,344.683614
4940,344.635237
4941,344.570865
4942,344.486965
4943,344.37829
4944,344.236299
4945,344.120536
4946,344.026435
4947,343.9496
4948,343.886448
4949,343.834185
4950,343.790641
4951,343.754126
4952,343.723314
4953,343.697152
4954,343.674807
4955,343.65561
4956,343.639025
4957,343.624623
4958,343.612058
4959,343.601055
4960,343.591394
4961,343.582904
4962,343.575454
4963,343.568947
4964,343.563318
4965,343.558531
4966,343.554582
4967,343.551493
4968,343.549319
4969,343.548154
4970,343.548133
4971,343.549448
4972,343.552361
4973,343.557225
4974,343.564515
4975,343.574837
4976,343.58886
4977,343.598306
4978,343.6043
4979,343.607549
4980,343.608533
4981,343.607593
4982,343.604973
4983,343.600853
4984,343.595359
4985,343.588573
4986,343.580538
4987,343.571263
4988,343.560717
4989,343.548826
4990,343.535448
4991,343.520318
4992,344.602817
4993,344.671282
4994,344.726355
4995,344.770005
4996,344.803425
4997,344.827332
4998,344.842077
4999,344.847689
5000,344.843886
5001,344.830055
5002,344.80522
5003,344.767972
5004,344.716373
5005,344.647794
5006,344.558631
5007,344.443721
5008,344.294872
5009,344.172537
5010,344.072676
5011,343.991054
5012,343.924046
5013,343.868732
5014,343.8228
5015,343.784429
5016,343.752178
5017,343.724904
5018,343.701698
5019,343.681832
5020,343.664724
5021,343.649907
5022,343.637007
5023,343.625724
5024,343.615821
5025,343.607109
5026,343.599443
5027,343.592714
5028,343.586845
5029,343.581791
5030,343.57753
5031,343.574073
5032,343.571458
5033,343.569757
5034,343.569079
5035,343.569583
5036,343.571487
5037,343.575095
5038,343.580829
5039,343.589276
5040,343.60121
5041,343.608812
5042,343.613255
5043,343.61521
5044,343.6151
5045,343.613218
5046,343.609772
5047,343.604914
5048,343.598751
5049,343.591352
5050,343.582755
5051,343.572968
5052,343.561966
5053,343.549686
5054,343.536011
5055,343.520705
5056,344.663371
5057,344.734613
5058,344.791937
5059,344.837363
5060,344.872126
5061,344.896974
5062,344.912273
5063,344.918053
5064,344.914013
5065,344.899505
5066,344.8735
5067,344.834527
5068,344.780582
5069,344.708987
5070,344.616145
5071,344.496992
5072,344.343539
5073,344.216726
5074,344.112828
5075,344.027754
5076,343.957902
5077,343.900303
5078,343.852569
5079,343.812792
5080,343.779456
5081,343.75135
5082,343.727506
5083,343.707153
5084,343.68967
5085,343.674561
5086,343.661427
5087,343.649949
5088,343.639872
5089,343.630996
5090,343.623162
5091,343.616251
5092,343.610176
5093,343.604878
5094,343.600325
5095,343.596512
5096,343.593458
5097,343.591213
5098,343.589855
5099,343.589501
5100,343.590309
5101,343.592498
5102,343.596368
5103,343.602359
5104,343.611224
5105,343.616428
5106,343.619033
5107,343.619534
5108,343.618237
5109,343.615354
5110,343.611042
5111,343.605419
5112,343.598567
5113,343.590543
5114,343.581378
5115,343.571078
5116,343.559625
5117,343.546972
5118,343.533033
5119,343.517631
5120,344.708426
5121,344.781774
5122,344.840846
5123,344.88769
5124,344.923564
5125,344.949233
5126,344.965071
5127,344.971107
5128,344.967028
5129,344.952162
5130,344.92545
5131,344.885383
5132,344.829927
5133,344.756391
5134,344.661199
5135,344.539367
5136,344.383015
5137,344.253366
5138,344.146869
5139,344.059541
5140,343.98781
5141,343.928695
5142,343.879765
5143,343.839067
5144,343.80503
5145,343.776399
5146,343.752167
5147,343.731528
5148,343.713836
5149,343.69857
5150,343.685314
5151,343.673733
5152,343.663562
5153,343.654586
5154,343.64664
5155,343.639594
5156,343.63335
5157,343.627841
5158,343.623022
5159,343.618873
5160,343.615397
5161,343.612618
5162,343.610583
5163,343.609361
5164,343.609044
5165,343.609738
5166,343.611539
5167,343.614448
5168,343.618043
5169,343.62026
5170,343.620814
5171,343.61976
5172,343.617212
5173,343.613284
5174,343.608073
5175,343.601657
5176,343.594094
5177,343.585426
5178,343.575676
5179,343.564848
5180,343.552932
5181,343.539892
5182,343.525672
5183,343.510177
5184,344.739321
5185,344.814148
5186,344.874485
5187,344.922395
5188,344.959148
5189,344.985517
5190,345.001881
5191,345.008266
5192,345.004353
5193,344.989457
5194,344.9625
5195,344.921958
5196,344.86578
5197,344.791275
5198,344.694888
5199,344.57168
5200,344.413832
5201,344.282713
5202,344.174868
5203,344.08637
5204,344.013674
5205,343.953795
5206,343.904285
5207,343.863162
5208,343.828828
5209,343.799999
5210,343.775645
5211,343.754938
5212,343.737213
5213,343.721936
5214,343.70868
5215,343.697098
5216,343.686916
5217,343.677912
5218,343.669913
5219,343.662782
5220,343.656415
5221,343.650733
5222,343.645682
5223,343.64123
5224,343.637361
5225,343.634078
5226,343.631397
5227,343.629347
5228,343.627958
5229,343.62725
5230,343.627194
5231,343.62764
5232,343.628166
5233,343.627953
5234,343.626636
5235,343.624102
5236,343.620343
5237,343.615393
5238,343.609296
5239,343.602095
5240,343.593826
5241,343.584514
5242,343.574176
5243,343.562818
5244,343.550433
5245,343.537006
5246,343.522511
5247,343.506918
5248,344.756854
5249,344.832558
5250,344.893691
5251,344.942322
5252,344.979724
5253,345.006673
5254,345.023551
5255,345.030382
5256,345.026844
5257,345.012247
5258,344.985506
5259,344.945091
5260,344.888947
5261,344.814381
5262,344.717849
5263,344.594429
5264,344.436327
5265,344.304959
5266,344.1969
5267,344.108246
5268,344.035461
5269,343.975558
5270,343.926083
5271,343.885041
5272,343.850825
5273,343.822137
5274,343.797937
5275,343.777388
5276,343.759817
5277,343.744684
5278,343.731554
5279,343.720077
5280,343.709972
5281,343.701016
5282,343.693029
5283,343.685869
5284,343.679426
5285,343.673616
5286,343.668375
5287,343.663659
5288,343.65944
5289,343.6557
5290,343.652431
5291,343.649628
5292,343.64728
5293,343.645356
5294,343.643774
5295,343.642364
5296,343.640826
5297,343.63875
5298,343.635858
5299,343.632005
5300,343.62713
5301,343.621217
5302,343.614273
5303,343.606311
5304,343.597348
5305,343.587398
5306,343.576472
5307,343.564574
5308,343.551706
5309,343.537867
5310,343.523055
5311,343.507275
5312,344.761328
5313,344.837321
5314,344.898787
5315,344.947795
5316,344.985618
5317,345.013029
5318,345.030409
5319,345.037785
5320,345.034831
5321,345.020863
5322,344.994799
5323,344.955108
5324,344.899739
5325,344.825997
5326,344.730331
5327,344.607812
5328,344.450642
5329,344.320192
5330,344.213016
5331,344.125194
5332,344.053182
5333,343.993991
5334,343.945166
5335,343.904718
5336,343.871038
5337,343.842837
5338,343.819074
5339,343.798915
5340,343.781689
5341,343.766856
5342,343.753983
5343,343.742719
5344,343.732784
5345,343.723953
5346,343.716044
5347,343.708913
5348,343.702448
5349,343.696558
5350,343.691174
5351,343.686243
5352,343.681724
5353,343.677587
5354,343.673805
5355,343.670349
5356,343.667183
5357,343.664249
5358,343.661452
5359,343.658643
5360,343.655608
5361,343.652101
5362,343.647922
5363,343.642937
5364,343.637067
5365,343.630272
5366,343.622532
5367,343.613843
5368,343.604207
5369,343.593628
5370,343.582111
5371,343.569662
5372,343.556287
5373,343.541995
5374,343.5268
5375,343.510726
5376,344.752573
5377,344.82826
5378,344.889593
5379,344.938635
5380,344.976649
5381,345.004404
5382,345.022276
5383,345.030292
5384,345.028135
5385,345.015128
5386,344.990202
5387,344.95184
5388,344.897997
5389,344.82598
5390,344.732216
5391,344.611743
5392,344.456729
5393,344.3284
5394,344.22323
5395,344.137247
5396,344.066883
5397,344.009146
5398,343.961594
5399,343.922251
5400,343.889532
5401,343.862162
5402,343.83912
5403,343.819584
5404,343.802894
5405,343.78852
5406,343.776034
5407,343.765094
5408,343.75542
5409,343.746791
5410,343.739028
5411,343.731987
5412,343.725553
5413,343.719634
5414,343.714157
5415,343.709063
5416,343.704304
5417,343.699838
5418,343.695626
5419,343.691626
5420,343.687786
5421,343.684038
5422,343.680289
5423,343.676412
5424,343.672251
5425,343.667635
5426,343.662415
5427,343.656476
5428,343.649738
5429,343.642149
5430,343.633676
5431,343.624301
5432,343.614017
5433,343.602819
5434,343.590709
5435,343.577693
5436,343.563781
5437,343.548988
5438,343.533336
5439,343.516859
5440,344.729938
5441,344.8047
5442,344.865422
5443,344.914146
5444,344.952122
5445,344.980101
5446,344.998454
5447,345.007209
5448,345.006058
5449,344.994345
5450,344.971025
5451,344.934609
5452,344.883079
5453,344.813744
5454,344.72301
5455,344.605848
5456,344.454347
5457,344.329465
5458,344.227521
5459,344.14445
5460,344.076648
5461,344.021128
5462,343.975475
5463,343.937753
5464,343.906413
5465,343.880218
5466,343.858175
5467,343.839491
5468,343.823526
5469,343.809766
5470,343.797797
5471,343.787286
5472,343.777964
5473,343.769615
5474,343.762064
5475,343.755171
5476,343.748822
5477,343.742926
5478,343.737408
5479,343.732206
5480,343.727268
5481,343.722545
5482,343.71799
5483,343.713553
5484,343.709177
5485,343.704789
5486,343.700303
5487,343.69561
5488,343.690587
5489,343.685107
5490,343.67905
5491,343.672317
5492,343.664832
5493,343.656539
5494,343.647398
5495,343.637383
5496,343.626477
5497,343.614672
5498,343.601968
5499,343.588368
5500,343.573884
5501,343.558536
5502,343.542353
5503,343.525372
5504,344.692243
5505,344.765424
5506,344.825038
5507,344.87309
5508,344.910795
5509,344.93888
5510,344.957702
5511,344.96729
5512,344.967352
5513,344.957261
5514,344.936019
5515,344.902189
5516,344.853804
5517,344.788206
5518,344.701787
5519,344.589426
5520,344.443062
5521,344.323194
5522,344.225872
5523,344.146893
5524,344.082623
5525,344.030105
5526,343.986984
5527,343.951391
5528,343.92184
5529,343.897151
5530,343.876379
5531,343.858768
5532,343.843708
5533,343.830711
5534,343.819382
5535,343.809404
5536,343.80052
5537,343.792524
5538,343.785248
5539,343.778559
5540,343.772347
5541,343.766524
5542,343.761017
5543,343.755762
5544,343.750707
5545,343.745798
5546,343.740986
5547,343.736217
5548,343.731429
5549,343.726553
5550,343.721507
5551,343.716196
5552,343.710517
5553,343.704365
5554,343.69764
5555,343.690256
5556,343.682138
5557,343.673229
5558,343.663485
5559,343.652875
5560,343.641377
5561,343.628979
5562,343.615676
5563,343.601473
5564,343.586383
5565,343.570427
5566,343.553638
5567,343.536056
5568,344.637705
5569,344.708596
5570,344.766587
5571,344.813611
5572,344.850819
5573,344.878895
5574,344.898173
5575,344.908681
5576,344.910152
5577,344.902003
5578,344.883305
5579,344.85271
5580,344.808351
5581,344.747666
5582,344.667082
5583,344.561392
5584,344.422258
5585,344.309369
5586,344.218323
5587,344.144758
5588,344.08505
5589,344.036334
5590,343.996369
5591,343.963396
5592,343.936026
5593,343.913158
5594,343.89391
5595,343.877578
5596,343.863594
5597,343.851499
5598,343.840926
5599,343.831576
5600,343.82321
5601,343.815634
5602,343.808693
5603,343.80226
5604,343.796233
5605,343.79053
5606,343.785082
5607,343.779827
5608,343.774713
5609,343.769688
5610,343.764701
5611,343.759696
5612,343.754613
5613,343.749382
5614,343.743926
5615,343.73816
5616,343.731992
5617,343.72533
5618,343.718084
5619,343.710173
5620,343.701528
5621,343.692088
5622,343.681807
5623,343.670649
5624,343.658589
5625,343.64561
5626,343.631706
5627,343.616881
5628,343.601148
5629,343.584531
5630,343.567061
5631,343.548785
5632,344.563758
5633,344.6316
5634,344.687453
5635,344.733106
5636,344.769606
5637,344.797567
5638,344.81729
5639,344.8288
5640,344.831858
5641,344.825945
5642,344.810229
5643,344.783502
5644,344.744073
5645,344.689586
5646,344.616657
5647,344.520108
5648,344.391182
5649,344.287877
5650,344.205101
5651,344.138406
5652,344.084319
5653,344.040188
5654,344.00397
5655,343.974072
5656,343.949241
5657,343.92848
5658,343.910989
5659,343.896125
5660,343.883371
5661,343.872306
5662,343.862593
5663,343.853958
5664,343.846181
5665,343.839085
5666,343.832528
5667,343.826397
5668,343.820598
5669,343.815057
5670,343.80971
5671,343.804503
5672,343.799387
5673,343.794311
5674,343.789225
5675,343.784076
5676,343.778803
5677,343.773337
5678,343.767606
5679,343.761526
5680,343.755014
5681,343.747981
5682,343.740345
5683,343.732025
5684,343.722952
5685,343.713064
5686,343.702311
5687,343.690653
5688,343.678061
5689,343.664516
5690,343.650009
5691,343.634542
5692,343.618129
5693,343.600793
5694,343.582571
5695,343.563507
5696,344.466694
5697,344.53071
5698,344.583948
5699,344.627935
5700,344.663548
5701,344.691308
5702,344.711468
5703,344.724049
5704,344.728848
5705,344.725426
5706,344.713077
5707,344.690787
5708,344.65714
5709,344.610164
5710,344.546982
5711,344.462941
5712,344.349154
5713,344.259009
5714,344.186817
5715,344.128487
5716,344.081025
5717,344.042182
5718,344.010226
5719,343.983799
5720,343.961817
5721,343.943411
5722,343.927879
5723,343.91465
5724,343.903261
5725,343.893338
5726,343.884576
5727,343.876731
5728,343.869604
5729,343.863038
5730,343.856907
5731,343.851113
5732,343.845575
5733,343.840229
5734,343.835021
5735,343.829905
5736,343.824835
5737,343.819769
5738,343.814658
5739,343.809449
5740,343.804085
5741,343.798497
5742,343.792612
5743,343.786349
5744,343.779625
5745,343.772353
5746,343.764448
5747,343.755832
5748,343.746429
5749,343.736176
5750,343.725018
5751,343.712909
5752,343.699818
5753,343.685721
5754,343.670608
5755,343.654479
5756,343.637348
5757,343.619238
5758,343.600187
5759,343.580241
5760,344.340718
5761,344.40026
5762,344.450538
5763,344.492644
5764,344.527242
5765,344.554739
5766,344.575336
5767,344.589052
5768,344.595724
5769,344.595003
5770,344.586336
5771,344.568945
5772,344.541777
5773,344.503439
5774,344.452034
5775,344.384747
5776,344.296516
5777,344.224117
5778,344.164774
5779,344.116065
5780,344.076005
5781,344.042982
5782,344.015682
5783,343.993029
5784,343.974142
5785,343.958294
5786,343.944887
5787,343.933432
5788,343.923525
5789,343.914838
5790,343.907104
5791,343.900108
5792,343.893678
5793,343.887679
5794,343.882005
5795,343.876572
5796,343.871318
5797,343.86619
5798,343.861148
5799,343.856156
5800,343.851177
5801,343.846175
5802,343.841106
5803,343.83592
5804,343.830559
5805,343.824957
5806,343.819037
5807,343.812718
5808,343.805911
5809,343.798527
5810,343.790478
5811,343.781677
5812,343.772046
5813,343.761514
5814,343.75002
5815,343.737514
5816,343.723959
5817,343.709327
5818,343.693605
5819,343.676793
5820,343.658902
5821,343.639958
5822,343.619999
5823,343.599073
5824,344.200205
5825,344.254981
5826,344.302125
5827,344.342229
5828,344.375736
5829,344.402936
5830,344.42398
5831,344.438883
5832,344.447523
5833,344.449648
5834,344.444865
5835,344.432645
5836,344.412328
5837,344.383161
5838,344.344421
5839,344.295843
5840,344.239282
5841,344.186788
5842,344.141213
5843,344.102628
5844,344.070313
5845,344.043378
5846,344.020958
5847,344.002276
5848,343.986655
5849,343.973515
5850,343.962366
5851,343.952796
5852,343.944463
5853,343.937088
5854,343.930441
5855,343.92434
5856,343.918641
5857,343.913231
5858,343.908027
5859,343.902966
5860,343.898002
5861,343.893103
5862,343.888243
5863,343.883398
5864,343.878544
5865,343.873654
5866,343.86869
5867,343.863606
5868,343.858345
5869,343.852838
5870,343.847004
5871,343.840757
5872,343.834002
5873,343.826639
5874,343.818573
5875,343.809708
5876,343.799956
5877,343.789238
5878,343.777485
5879,343.76464
5880,343.750659
5881,343.735511
5882,343.719179
5883,343.701661
5884,343.682967
5885,343.663124
5886,343.642171
5887,343.620161
5888,344.084218
5889,344.134454
5890,344.178498
5891,344.216608
5892,344.249027
5893,344.275934
5894,344.297428
5895,344.313518
5896,344.324124
5897,344.329081
5898,344.328141
5899,344.320996
5900,344.307315
5901,344.286834
5902,344.259539
5903,344.226085
5904,344.188638
5905,344.152034
5906,344.118813
5907,344.089827
5908,344.065079
5909,344.044208
5910,344.02672
5911,344.012094
5912,343.999838
5913,343.989507
5914,343.98071
5915,343.973109
5916,343.966423
5917,343.960416
5918,343.954899
5919,343.949721
5920,343.944767
5921,343.939951
5922,343.935213
5923,343.930515
5924,343.925832
5925,343.921154
5926,343.916474
5927,343.911786
5928,343.907083
5929,343.902345
5930,343.897546
5931,343.892644
5932,343.88758
5933,343.882282
5934,343.876665
5935,343.87063
5936,343.864071
5937,343.856876
5938,343.848935
5939,343.840138
5940,343.830386
5941,343.819586
5942,343.807659
5943,343.794541
5944,343.780179
5945,343.764537
5946,343.747595
5947,343.729346
5948,343.709802
5949,343.688989
5950,343.666948
5951,343.643735
5952,343.989027
5953,344.035283
5954,344.0765
5955,344.112758
5956,344.144165
5957,344.170816
5958,344.192768
5959,344.210027
5960,344.222549
5961,344.23024
5962,344.232971
5963,344.230603
5964,344.223032
5965,344.21028
5966,344.192637
5967,344.170898
5968,344.146645
5969,344.122243
5970,344.099401
5971,344.078997
5972,344.061309
5973,344.046267
5974,344.033624
5975,344.023051
5976,344.014201
5977,344.00674
5978,344.00036
5979,343.994791
5980,343.989803
5981,343.985204
5982,343.980841
5983,343.976596
5984,343.972383
5985,343.968144
5986,343.963846
5987,343.959478
5988,343.955044
5989,343.950557
5990,343.946036
5991,343.941498
5992,343.936954
5993,343.932403
5994,343.927825
5995,343.923184
5996,343.918422
5997,343.913462
5998,343.908206
5999,343.902541
6000,343.896345
6001,343.889486
6002,343.881832
6003,343.873257
6004,343.863643
6005,343.852881
6006,343.840881
6007,343.827565
6008,343.812873
6009,343.796764
6010,343.77921
6011,343.760205
6012,343.739758
6013,343.717895
6014,343.694661
6015,343.670115
6016,343.910912
6017,343.953789
6018,343.992541
6019,344.027161
6020,344.057678
6021,344.084135
6022,344.106558
6023,344.124956
6024,344.13931
6025,344.149586
6026,344.155738
6027,344.157742
6028,344.155632
6029,344.149566
6030,344.139913
6031,344.127366
6032,344.113001
6033,344.098155
6034,344.083937
6035,344.071043
6036,344.059797
6037,344.050252
6038,344.042295
6039,344.035721
6040,344.030282
6041,344.025726
6042,344.02181
6043,344.018319
6044,344.015067
6045,344.011899
6046,344.008698
6047,344.005375
6048,344.001875
6049,343.998171
6050,343.99426
6051,343.990162
6052,343.985912
6053,343.981558
6054,343.977149
6055,343.972731
6056,343.96834
6057,343.963995
6058,343.959691
6059,343.955397
6060,343.951054
6061,343.946576
6062,343.94185
6063,343.936743
6064,343.931106
6065,343.924781
6066,343.91761
6067,343.909439
6068,343.900127
6069,343.889546
6070,343.877589
6071,343.864165
6072,343.849205
6073,343.832659
6074,343.814496
6075,343.794705
6076,343.773295
6077,343.750292
6078,343.725744
6079,343.699713
6080,343.846693
6081,343.886741
6082,343.923399
6083,343.956619
6084,343.986392
6085,344.012728
6086,344.035639
6087,344.055135
6088,344.071223
6089,344.083907
6090,344.0932
6091,344.099149
6092,344.101858
6093,344.101535
6094,344.098535
6095,344.093404
6096,344.086874
6097,344.079771
6098,344.072817
6099,344.066516
6100,344.061137
6101,344.056758
6102,344.053321
6103,344.050681
6104,344.048651
6105,344.047029
6106,344.045619
6107,344.044244
6108,344.042754
6109,344.041029
6110,344.038978
6111,344.036546
6112,344.033707
6113,344.030466
6114,344.026853
6115,344.022927
6116,344.018761
6117,344.014442
6118,344.010062
6119,344.005704
6120,344.001437
6121,343.997306
6122,343.993324
6123,343.989469
6124,343.985679
6125,343.981855
6126,343.977863
6127,343.973541
6128,343.968704
6129,343.963158
6130,343.956705
6131,343.94916
6132,343.940348
6133,343.93012
6134,343.918345
6135,343.904921
6136,343.889766
6137,343.872821
6138,343.854051
6139,343.833442
6140,343.811
6141,343.786753
6142,343.760751
6143,343.733061
6144,343.793766
6145,343.831464
6146,343.86637
6147,343.898425
6148,343.927601
6149,343.953893
6150,343.977308
6151,343.997862
6152,344.015579
6153,344.030491
6154,344.04265
6155,344.052142
6156,344.059104
6157,344.063749
6158,344.066387
6159,344.067434
6160,344.067398
6161,344.066814
6162,344.06615
6163,344.065744
6164,344.065781
6165,344.066308
6166,344.067267
6167,344.068528
6168,344.069924
6169,344.07128
6170,344.072425
6171,344.073208
6172,344.073504
6173,344.07322
6174,344.072295
6175,344.070699
6176,344.068438
6177,344.065551
6178,344.062107
6179,344.058206
6180,344.053972
6181,344.049542
6182,344.045061
6183,344.040662
6184,344.036459
6185,344.032531
6186,344.028915
6187,344.0256
6188,344.02252
6189,344.01956
6190,344.016555
6191,344.013302
6192,344.009567
6193,344.005104
6194,343.999665
6195,343.993017
6196,343.98495
6197,343.975281
6198,343.963859
6199,343.950562
6200,343.935298
6201,343.918001
6202,343.898629
6203,343.877164
6204,343.853611
6205,343.827999
6206,343.800379
6207,343.770824
6208,343.750027
6209,343.785778
6210,343.819234
6211,343.850337
6212,343.879055
6213,343.905378
6214,343.929313
6215,343.950885
6216,343.97013
6217,343.987102
6218,344.001879
6219,344.014566
6220,344.025313
6221,344.034323
6222,344.041856
6223,344.048232
6224,344.053808
6225,344.058935
6226,344.063911
6227,344.068937
6228,344.074103
6229,344.079394
6230,344.084711
6231,344.089904
6232,344.094795
6233,344.099208
6234,344.102979
6235,344.105972
6236,344.10808
6237,344.109232
6238,344.109389
6239,344.108549
6240,344.106749
6241,344.104063
6242,344.100603
6243,344.096521
6244,344.092
6245,344.087245
6246,344.082468
6247,344.077873
6248,344.073631
6249,344.06987
6250,344.066658
6251,344.063998
6252,344.06182
6253,344.059984
6254,344.058286
6255,344.056464
6256,344.054216
6257,344.051224
6258,344.047171
6259,344.041762
6260,344.03474
6261,344.025883
6262,344.015017
6263,344.002001
6264,343.986733
6265,343.969138
6266,343.94917
6267,343.926807
6268,343.902051
6269,343.874931
6270,343.845501
6271,343.813839
6272,343.713774
6273,343.747913
6274,343.780179
6275,343.810519
6276,343.838902
6277,343.865322
6278,343.889792
6279,343.912344
6280,343.933027
6281,343.951913
6282,343.969094
6283,343.98469
6284,343.998856
6285,344.01178
6286,344.023687
6287,344.034826
6288,344.045453
6289,344.055801
6290,344.066042
6291,344.076263
6292,344.086456
6293,344.096519
6294,344.106282
6295,344.115535
6296,344.124063
6297,344.131666
6298,344.138173
6299,344.143452
6300,344.147406
6301,344.149982
6302,344.151163
6303,344.150972
6304,344.149474
6305,344.146782
6306,344.143056
6307,344.138506
6308,344.133391
6309,344.128003
6310,344.12265
6311,344.117626
6312,344.113185
6313,344.109519
6314,344.106739
6315,344.104866
6316,344.103825
6317,344.103446
6318,344.103467
6319,344.103547
6320,344.103288
6321,344.102268
6322,344.100075
6323,344.096335
6324,344.090728
6325,344.082994
6326,344.072928
6327,344.060376
6328,344.045225
6329,344.027397
6330,344.00684
6331,343.983529
6332,343.957464
6333,343.928671
6334,343.897203
6335,343.863145
6336,343.683624
6337,343.716431
6338,343.747726
6339,343.777462
6340,343.805618
6341,343.832194
6342,343.85721
6343,343.880709
6344,343.902753
6345,343.923427
6346,343.942839
6347,343.961119
6348,343.978428
6349,343.994948
6350,344.010879
6351,344.026429
6352,344.041792
6353,344.057119
6354,344.072492
6355,344.087899
6356,344.103222
6357,344.11825
6358,344.132702
6359,344.146277
6360,344.158687
6361,344.169689
6362,344.179093
6363,344.186761
6364,344.19261
6365,344.196597
6366,344.198728
6367,344.199046
6368,344.197646
6369,344.194676
6370,344.190346
6371,344.184939
6372,344.178804
6373,344.17235
6374,344.166016
6375,344.160226
6376,344.155346
6377,344.151655
6378,344.14932
6379,344.148388
6380,344.14878
6381,344.150284
6382,344.152564
6383,344.155168
6384,344.157558
6385,344.159166
6386,344.159445
6387,344.157916
6388,344.154184
6389,344.147945
6390,344.138971
6391,344.127096
6392,344.112205
6393,344.094218
6394,344.073082
6395,344.048767
6396,344.02127
6397,343.990608
6398,343.956834
6399,343.920033
6400,343.658456
6401,343.690161
6402,343.720664
6403,343.749932
6404,343.777951
6405,343.804731
6406,343.830302
6407,343.854719
6408,343.878057
6409,343.900416
6410,343.921919
6411,343.942713
6412,343.962966
6413,343.982866
6414,344.002609
6415,344.022387
6416,344.04236
6417,344.062637
6418,344.083233
6419,344.104046
6420,344.12484
6421,344.145253
6422,344.164846
6423,344.183172
6424,344.19984
6425,344.214545
6426,344.227067
6427,344.237269
6428,344.245075
6429,344.250462
6430,344.253452
6431,344.254109
6432,344.252549
6433,344.248952
6434,344.243578
6435,344.236786
6436,344.229043
6437,344.220914
6438,344.213024
6439,344.205981
6440,344.200311
6441,344.196406
6442,344.194508
6443,344.194699
6444,344.196894
6445,344.200837
6446,344.206092
6447,344.212052
6448,344.21798
6449,344.223084
6450,344.226628
6451,344.227992
6452,344.226699
6453,344.222403
6454,344.214861
6455,344.20391
6456,344.18944
6457,344.171378
6458,344.149672
6459,344.12429
6460,344.095218
6461,344.062464
6462,344.026068
6463,343.986113
6464,343.63735
6465,343.668141
6466,343.698002
6467,343.726913
6468,343.754869
6469,343.781891
6470,343.808022
6471,343.83333
6472,343.857905
6473,343.881864
6474,343.905349
6475,343.928527
6476,343.951586
6477,343.974732
6478,343.998178
6479,344.022127
6480,344.046744
6481,344.072125
6482,344.098252
6483,344.124945
6484,344.151831
6485,344.178343
6486,344.203795
6487,344.227524
6488,344.248989
6489,344.26781
6490,344.283745
6491,344.296663
6492,344.30651
6493,344.313285
6494,344.317028
6495,344.317819
6496,344.315787
6497,344.311128
6498,344.304142
6499,344.295265
6500,344.285103
6501,344.274438
6502,344.264169
6503,344.255181
6504,344.248217
6505,344.24382
6506,344.242321
6507,344.243845
6508,344.24831
6509,344.255411
6510,344.264597
6511,344.27505
6512,344.285728
6513,344.295495
6514,344.303334
6515,344.308449
6516,344.310277
6517,344.308447
6518,344.302727
6519,344.292974
6520,344.279103
6521,344.261058
6522,344.238794
6523,344.212275
6524,344.181471
6525,344.146368
6526,344.106983
6527,344.06338
6528,343.619554
6529,343.649583
6530,343.678924
6531,343.707566
6532,343.735518
6533,343.762811
6534,343.789502
6535,343.815673
6536,343.841433
6537,343.86692
6538,343.892298
6539,343.917761
6540,343.94353
6541,343.969845
6542,343.996959
6543,344.025118
6544,344.054531
6545,344.085332
6546,344.117513
6547,344.150847
6548,344.184807
6549,344.21853
6550,344.250928
6551,344.280994
6552,344.30799
6553,344.331462
6554,344.351174
6555,344.367028
6556,344.379013
6557,344.387165
6558,344.391544
6559,344.392236
6560,344.389365
6561,344.383121
6562,344.37381
6563,344.361926
6564,344.34823
6565,344.3338
6566,344.31997
6567,344.308051
6568,344.29909
6569,344.293807
6570,344.292628
6571,344.295726
6572,344.303036
6573,344.314226
6574,344.328625
6575,344.345143
6576,344.36227
6577,344.378287
6578,344.39176
6579,344.401686
6580,344.40744
6581,344.408671
6582,344.405198
6583,344.396938
6584,344.383854
6585,344.365922
6586,344.343112
6587,344.315383
6588,344.282678
6589,344.244945
6590,344.202151
6591,344.154319
6592,343.604446
6593,343.633837
6594,343.662755
6595,343.691199
6596,343.719189
6597,343.746771
6598,343.774015
6599,343.801021
6600,343.827917
6601,343.854865
6602,343.882059
6603,343.909727
6604,343.938132
6605,343.96757
6606,343.998359
6607,344.030822
6608,344.065267
6609,344.101928
6610,344.140888
6611,344.181946
6612,344.224439
6613,344.267075
6614,344.308029
6615,344.345728
6616,344.379204
6617,344.407979
6618,344.431885
6619,344.450918
6620,344.465146
6621,344.474661
6622,344.47955
6623,344.479894
6624,344.475781
6625,344.46735
6626,344.454853
6627,344.438779
6628,344.420012
6629,344.400027
6630,344.38091
6631,344.364674
6632,344.352762
6633,344.346066
6634,344.345079
6635,344.350015
6636,344.360858
6637,344.377303
6638,344.39862
6639,344.423418
6640,344.449461
6641,344.473919
6642,344.494747
6643,344.510753
6644,344.521342
6645,344.526272
6646,344.525489
6647,344.51902
6648,344.50691
6649,344.489189
6650,344.465849
6651,344.436838
6652,344.402065
6653,344.361408
6654,344.314747
6655,344.262011
6656,343.591512
6657,343.620365
6658,343.648935
6659,343.677233
6660,343.705293
6661,343.733172
6662,343.760955
6663,343.788762
6664,343.816742
6665,343.845085
6666,343.874018
6667,343.903813
6668,343.934789
6669,343.967309
6670,344.001783
6671,344.038658
6672,344.078393
6673,344.121416
6674,344.168031
6675,344.218229
6676,344.271349
6677,344.325537
6678,344.37744
6679,344.424511
6680,344.465612
6681,344.500409
6682,344.528941
6683,344.551387
6684,344.567954
6685,344.578814
6686,344.584087
6687,344.583833
6688,344.578071
6689,344.566819
6690,344.550168
6691,344.528445
6692,344.502508
6693,344.47427
6694,344.447301
6695,344.424838
6696,344.408758
6697,344.400003
6698,344.399033
6699,344.406075
6700,344.421205
6701,344.444284
6702,344.474717
6703,344.51095
6704,344.549699
6705,344.58564
6706,344.615957
6707,344.639474
6708,344.655845
6709,344.665105
6710,344.667431
6711,344.663028
6712,344.652065
6713,344.634646
6714,344.610795
6715,344.580448
6716,344.543459
6717,344.499603
6718,344.44861
6719,344.390219
6720,343.580326
6721,343.608717
6722,343.636998
6723,343.665189
6724,343.693335
6725,343.721507
6726,343.749808
6727,343.778374
6728,343.807381
6729,343.837047
6730,343.867637
6731,343.899473
6732,343.932937
6733,343.968478
6734,344.006621
6735,344.047968
6736,344.093195
6737,344.143027
6738,344.198175
6739,344.259144
6740,344.325739
6741,344.395784
6742,344.462247
6743,344.520851
6744,344.570793
6745,344.612286
6746,344.645808
6747,344.671851
6748,344.690817
6749,344.702992
6750,344.708533
6751,344.707466
6752,344.6997
6753,344.685048
6754,344.663285
6755,344.634293
6756,344.59843
6757,344.557606
6758,344.518904
6759,344.487757
6760,344.466129
6761,344.454636
6762,344.45349
6763,344.462865
6764,344.482998
6765,344.514136
6766,344.556265
6767,344.608329
6768,344.666178
6769,344.717717
6770,344.759934
6771,344.792375
6772,344.815381
6773,344.829502
6774,344.835277
6775,344.83316
6776,344.823483
6777,344.806445
6778,344.782109
6779,344.750399
6780,344.711097
6781,344.663841
6782,344.608126
6783,344.543336
6784,343.570531
6785,343.598521
6786,343.626555
6787,343.654662
6788,343.6829
6789,343.711352
6790,343.740138
6791,343.769413
6792,343.799379
6793,343.830285
6794,343.862436
6795,343.896207
6796,343.932049
6797,343.970506
6798,344.012234
6799,344.058013
6800,344.108778
6801,344.165641
6802,344.229899
6803,344.302998
6804,344.386269
6805,344.479722
6806,344.566339
6807,344.638648
6808,344.698348
6809,344.746947
6810,344.785643
6811,344.815346
6812,344.836709
6813,344.85015
6814,344.855867
6815,344.853842
6816,344.843841
6817,344.825408
6818,344.79785
6819,344.760222
6820,344.71135
6821,344.650168
6822,344.594002
6823,344.551622
6824,344.523296
6825,344.50856
6826,344.507091
6827,344.518928
6828,344.54453
6829,344.584777
6830,344.640889
6831,344.714015
6832,344.80338
6833,344.875306
6834,344.931488
6835,344.973854
6836,345.004034
6837,345.023328
6838,345.032746
6839,345.033041
6840,345.024735
6841,345.008136
6842,344.983354
6843,344.950299
6844,344.908675
6845,344.857965
6846,344.797374
6847,344.725712
6848,343.561829
6849,343.589464
6850,343.617279
6851,343.645315
6852,343.673637
6853,343.702345
6854,343.731574
6855,343.761498
6856,343.792344
6857,343.824391
6858,343.857987
6859,343.89356
6860,343.931631
6861,343.972842
6862,344.017978
6863,344.068004
6864,344.12412
6865,344.187829
6866,344.261044
6867,344.346254
6868,344.446795
6869,344.567366
6870,344.676146
6871,344.762331
6872,344.831637
6873,344.887151
6874,344.930847
6875,344.964064
6876,344.987707
6877,345.002325
6878,345.008157
6879,345.005138
6880,344.992893
6881,344.970689
6882,344.937344
6883,344.890996
6884,344.828491
6885,344.743442
6886,344.667348
6887,344.613211
6888,344.578059
6889,344.560035
6890,344.558215
6891,344.572493
6892,344.60355
6893,344.652936
6894,344.723264
6895,344.818673
6896,344.945986
6897,345.039421
6898,345.109675
6899,345.161891
6900,345.199151
6901,345.223543
6902,345.236552
6903,345.239232
6904,345.232296
6905,345.216162
6906,345.190985
6907,345.156663
6908,345.112831
6909,345.05882
6910,344.993551
6911,344.915197
6912,343.553972
6913,343.581284
6914,343.608897
6915,343.636861
6916,343.665252
6917,343.694182
6918,343.7238
6919,343.754301
6920,343.785933
6921,343.819008
6922,343.853912
6923,343.891123
6924,343.931231
6925,343.974967
6926,344.023237
6927,344.077174
6928,344.138204
6929,344.208147
6930,344.289355
6931,344.384901
6932,344.498754
6933,344.63557
6934,344.758976
6935,344.85633
6936,344.933955
6937,344.995637
6938,345.043846
6939,345.080252
6940,345.105963
6941,345.121643
6942,345.127563
6943,345.123621
6944,345.109325
6945,345.083726
6946,345.045295
6947,344.991646
6948,344.918948
6949,344.820569
6950,344.732067
6951,344.668956
6952,344.628127
6953,344.607287
6954,344.605222
6955,344.621759
6956,344.65775
6957,344.715161
6958,344.797277
6959,344.908961
6960,345.056466
6961,345.165842
6962,345.247912
6963,345.308833
6964,345.352501
6965,345.381567
6966,345.397897
6967,345.402801
6968,345.397156
6969,345.381479
6970,345.355965
6971,345.320501
6972,345.274653
6973,345.217613
6974,345.148056
6975,345.063739
6976,343.546751
6977,343.573761
6978,343.601179
6979,343.629062
6980,343.657496
6981,343.686603
6982,343.716548
6983,343.747542
6984,343.779855
6985,343.813827
6986,343.849878
6987,343.888534
6988,343.930444
6989,343.976418
6990,344.027464
6991,344.08485
6992,344.150174
6993,344.225473
6994,344.313352
6995,344.41712
6996,344.540799
6997,344.688505
6998,344.822083
6999,344.927943
7000,345.012323
7001,345.079213
7002,345.131322
7003,345.170521
7004,345.198058
7005,345.214681
7006,345.220689
7007,345.215955
7008,345.199904
7009,345.171453
7010,345.128884
7011,345.069612
7012,344.989717
7013,344.882946
7014,344.786389
7015,344.71692
7016,344.671829
7017,344.64884
7018,344.646685
7019,344.665197
7020,344.705327
7021,344.769224
7022,344.860344
7023,344.983429
7024,345.143654
7025,345.264332
7026,345.355596
7027,345.423702
7028,345.472853
7029,345.506012
7030,345.525295
7031,345.532199
7032,345.527732
7033,345.51249
7034,345.4867
7035,345.450241
7036,345.402624
7037,345.342936
7038,345.26969
7039,345.180413
7040,343.539992
7041,343.566712
7042,343.593932
7043,343.621716
7044,343.650158
7045,343.679391
7046,343.70959
7047,343.740983
7048,343.773859
7049,343.80858
7050,343.8456
7051,343.88548
7052,343.928922
7053,343.976799
7054,344.0302
7055,344.090491
7056,344.159391
7057,344.239069
7058,344.332253
7059,344.442314
7060,344.573172
7061,344.728523
7062,344.86934
7063,344.981532
7064,345.07117
7065,345.142251
7066,345.197576
7067,345.239117
7068,345.268208
7069,345.285649
7070,345.29176
7071,345.286401
7072,345.26895
7073,345.238254
7074,345.192519
7075,345.129124
7076,345.044237
7077,344.931933
7078,344.830045
7079,344.756213
7080,344.708112
7081,344.683617
7082,344.681514
7083,344.70167
7084,344.745089
7085,344.81396
7086,344.9117
7087,345.042768
7088,345.211599
7089,345.340271
7090,345.438422
7091,345.512166
7092,345.565772
7093,345.602338
7094,345.624124
7095,345.632749
7096,345.629312
7097,345.614467
7098,345.588467
7099,345.551184
7100,345.502092
7101,345.44021
7102,345.36395
7103,345.270722
7104,343.533551
7105,343.559985
7106,343.586997
7107,343.614657
7108,343.643065
7109,343.672363
7110,343.702736
7111,343.734425
7112,343.767734
7113,343.803045
7114,343.840836
7115,343.8817
7116,343.926377
7117,343.975789
7118,344.031082
7119,344.093694
7120,344.165418
7121,344.248497
7122,344.345709
7123,344.46042
7124,344.596434
7125,344.757175
7126,344.903127
7127,345.019919
7128,345.113488
7129,345.187788
7130,345.245636
7131,345.289047
7132,345.3194
7133,345.337526
7134,345.343761
7135,345.337958
7136,345.319474
7137,345.287128
7138,345.239111
7139,345.172828
7140,345.084561
7141,344.968607
7142,344.863218
7143,344.786488
7144,344.736373
7145,344.710905
7146,344.708949
7147,344.730414
7148,344.776324
7149,344.848852
7150,344.951318
7151,345.087933
7152,345.262678
7153,345.39695
7154,345.500094
7155,345.578067
7156,345.63511
7157,345.674364
7158,345.698162
7159,345.708193
7160,345.705613
7161,345.691116
7162,345.664974
7163,345.627056
7164,345.57681
7165,345.513214
7166,345.434626
7167,345.33839
7168,343.527308
7169,343.553454
7170,343.580242
7171,343.607746
7172,343.636072
7173,343.665369
7174,343.695829
7175,343.727703
7176,343.761306
7177,343.797037
7178,343.835389
7179,343.876981
7180,343.922578
7181,343.973136
7182,344.029842
7183,344.094175
7184,344.167974
7185,344.253518
7186,344.353603
7187,344.471568
7188,344.61113
7189,344.775543
7190,344.925005
7191,345.044986
7192,345.141335
7193,345.217958
7194,345.277661
7195,345.322473
7196,345.353793
7197,345.37247
7198,345.378848
7199,345.372778
7200,345.353613
7201,345.320165
7202,345.270633
7203,345.202464
7204,345.112034
7205,344.993777
7206,344.886195
7207,344.807653
7208,344.756294
7209,344.730266
7210,344.728507
7211,344.750959
7212,344.798651
7213,344.873728
7214,344.979417
7215,345.119754
7216,345.298454
7217,345.43651
7218,345.543098
7219,345.624059
7220,345.683585
7221,345.72482
7222,345.750126
7223,345.76123
7224,345.759322
7225,345.745118
7226,345.718904
7227,345.680545
7228,345.629477
7229,345.564652
7230,345.484399
7231,345.386029
7232,343.521166
7233,343.547018
7234,343.57356
7235,343.600872
7236,343.629063
7237,343.658286
7238,343.688741
7239,343.720683
7240,343.754437
7241,343.79041
7242,343.829107
7243,343.87116
7244,343.917352
7245,343.968658
7246,344.026287
7247,344.091742
7248,344.166886
7249,344.254013
7250,344.35592
7251,344.475924
7252,344.617684
7253,344.784365
7254,344.935998
7255,345.057972
7256,345.156086
7257,345.234208
7258,345.295133
7259,345.34089
7260,345.372886
7261,345.391978
7262,345.398513
7263,345.392345
7264,345.372826
7265,345.338771
7266,345.288393
7267,345.219172
7268,345.127541
7269,345.008019
7270,344.899243
7271,344.819728
7272,344.767724
7273,344.741457
7274,344.739908
7275,344.763043
7276,344.811892
7277,344.888572
7278,344.996251
7279,345.13886
7280,345.319968
7281,345.460342
7282,345.56907
7283,345.651921
7284,345.713046
7285,345.755582
7286,345.7819
7287,345.793742
7288,345.792315
7289,345.778347
7290,345.75213
7291,345.713527
7292,345.661967
7293,345.596392
7294,345.515113
7295,345.415424
7296,343.51505
7297,343.540595
7298,343.566867
7299,343.593946
7300,343.621945
7301,343.651021
7302,343.681374
7303,343.713265
7304,343.747021
7305,343.783054
7306,343.821874
7307,343.864117
7308,343.910574
7309,343.962226
7310,344.02029
7311,344.086277
7312,344.162055
7313,344.249922
7314,344.352673
7315,344.473612
7316,344.616375
7317,344.784086
7318,344.936713
7319,345.059612
7320,345.158561
7321,345.237415
7322,345.298958
7323,345.345219
7324,345.377604
7325,345.396974
7326,345.403678
7327,345.39757
7328,345.378004
7329,345.343799
7330,345.293175
7331,345.223627
7332,345.131617
7333,345.011695
7334,344.902552
7335,344.822761
7336,344.770614
7337,344.744366
7338,344.743018
7339,344.766547
7340,344.81598
7341,344.893424
7342,345.002021
7343,345.145659
7344,345.327853
7345,345.469276
7346,345.578988
7347,345.662725
7348,345.724621
7349,345.767806
7350,345.794649
7351,345.806896
7352,345.805759
7353,345.79197
7354,345.765819
7355,345.727169
7356,345.675447
7357,345.609589
7358,345.527901
7359,345.427672
7360,343.508899
7361,343.534123
7362,343.560097
7363,343.5869
7364,343.61465
7365,343.6435
7366,343.673654
7367,343.705372
7368,343.738982
7369,343.774892
7370,343.813613
7371,343.855777
7372,343.90217
7373,343.953768
7374,344.011783
7375,344.077717
7376,344.153431
7377,344.241219
7378,344.34387
7379,344.46469
7380,344.607318
7381,344.774894
7382,344.927401
7383,345.05021
7384,345.149105
7385,345.227946
7386,345.289519
7387,345.33585
7388,345.368343
7389,345.387856
7390,345.394738
7391,345.388844
7392,345.369528
7393,345.33561
7394,345.285311
7395,345.216122
7396,345.124496
7397,345.004974
7398,344.896227
7399,344.8168
7400,344.764968
7401,344.738974
7402,344.73781
7403,344.76145
7404,344.810921
7405,344.888333
7406,344.996839
7407,345.140345
7408,345.322388
7409,345.46367
7410,345.573268
7411,345.656931
7412,345.718796
7413,345.761991
7414,345.788881
7415,345.801206
7416,345.800171
7417,345.786501
7418,345.760486
7419,345.721987
7420,345.670429
7421,345.604751
7422,345.523261
7423,345.423252
7424,343.502673
7425,343.527559
7426,343.553204
7427,343.579688
7428,343.607126
7429,343.635674
7430,343.665531
7431,343.696957
7432,343.730272
7433,343.765881
7434,343.804284
7435,343.846103
7436,343.892109
7437,343.943259
7438,344.000746
7439,344.066049
7440,344.141007
7441,344.227896
7442,344.329498
7443,344.449131
7444,344.590473
7445,344.756724
7446,344.907978
7447,345.029665
7448,345.127607
7449,345.205688
7450,345.266702
7451,345.31267
7452,345.34499
7453,345.364513
7454,345.371583
7455,345.366057
7456,345.347291
7457,345.314104
7458,345.264712
7459,345.196582
7460,345.106127
7461,344.987834
7462,344.880272
7463,344.801874
7464,344.750834
7465,344.725339
7466,344.724347
7467,344.747814
7468,344.796767
7469,344.873335
7470,344.980717
7471,345.122895
7472,345.303514
7473,345.443435
7474,345.551802
7475,345.634417
7476,345.695444
7477,345.738012
7478,345.764473
7479,345.77655
7480,345.775431
7481,345.761827
7482,345.736019
7483,345.697866
7484,345.6468
7485,345.581764
7486,345.501081
7487,345.402055
7488,343.496345
7489,343.520875
7490,343.546159
7491,343.572279
7492,343.599346
7493,343.627513
7494,343.656979
7495,343.687993
7496,343.720871
7497,343.756005
7498,343.793879
7499,343.835097
7500,343.880402
7501,343.930724
7502,343.987214
7503,344.051314
7504,344.124819
7505,344.209969
7506,344.309531
7507,344.426838
7508,344.565637
7509,344.729259
7510,344.878016
7511,344.997463
7512,345.093495
7513,345.170036
7514,345.229884
7515,345.275052
7516,345.306919
7517,345.326319
7518,345.333592
7519,345.328596
7520,345.310693
7521,345.27871
7522,345.230854
7523,345.164562
7524,345.076171
7525,344.96006
7526,344.854601
7527,344.778003
7528,344.728309
7529,344.703606
7530,344.702792
7531,344.725792
7532,344.773631
7533,344.848466
7534,344.953571
7535,345.093074
7536,345.270835
7537,345.40803
7538,345.513942
7539,345.59447
7540,345.653817
7541,345.695106
7542,345.720661
7543,345.73217
7544,345.730785
7545,345.717196
7546,345.691668
7547,345.65406
7548,345.603811
7549,345.539886
7550,345.460629
7551,345.363372
7552,343.4899
7553,343.514056
7554,343.538949
7555,343.564658
7556,343.591295
7557,343.619007
7558,343.647987
7559,343.678478
7560,343.710783
7561,343.745277
7562,343.782424
7563,343.822798
7564,343.867108
7565,343.916236
7566,343.971279
7567,344.033613
7568,344.104964
7569,344.187504
7570,344.283956
7571,344.397659
7572,344.53246
7573,344.691908
7574,344.836703
7575,344.952625
7576,345.045685
7577,345.119848
7578,345.177903
7579,345.221826
7580,345.252958
7581,345.272108
7582,345.279603
7583,345.275306
7584,345.2586
7585,345.228335
7586,345.182729
7587,345.119193
7588,345.033964
7589,344.921241
7590,344.819053
7591,344.745231
7592,344.697577
7593,344.674038
7594,344.673438
7595,344.695666
7596,344.741727
7597,344.813801
7598,344.915255
7599,345.050435
7600,345.223572
7601,345.356394
7602,345.45843
7603,345.535718
7604,345.592489
7605,345.63183
7606,345.656004
7607,345.666631
7608,345.66481
7609,345.651191
7610,345.626018
7611,345.589151
7612,345.540047
7613,345.477702
7614,345.400509
7615,345.305852
7616,343.48334
7617,343.507103
7618,343.531573
7619,343.556829
7620,343.582976
7621,343.610161
7622,343.638567
7623,343.668428
7624,343.700032
7625,343.733735
7626,343.769973
7627,343.809283
7628,343.852327
7629,343.899925
7630,343.953099
7631,344.013129
7632,344.081631
7633,344.160661
7634,344.252835
7635,344.361454
7636,344.490462
7637,344.643766
7638,344.782748
7639,344.893596
7640,344.982475
7641,345.053359
7642,345.108973
7643,345.151207
7644,345.181332
7645,345.200108
7646,345.207846
7647,345.204422
7648,345.18926
7649,345.161272
7650,345.118734
7651,345.059074
7652,344.978438
7653,344.870746
7654,344.773428
7655,344.703679
7656,344.658961
7657,344.637069
7658,344.636766
7659,344.6579
7660,344.701439
7661,344.769539
7662,344.865632
7663,344.99433
7664,345.160483
7665,345.286811
7666,345.383256
7667,345.456002
7668,345.509245
7669,345.545964
7670,345.568296
7671,345.57775
7672,345.575337
7673,345.561652
7674,345.536913
7675,345.500978
7676,345.453336
7677,345.393041
7678,345.318566
7679,345.227395
7680,343.47668
7681,343.500031
7682,343.524048
7683,343.548805
7684,343.574407
7685,343.600994
7686,343.628743
7687,343.657877
7688,343.688665
7689,343.721441
7690,343.756608
7691,343.794661
7692,343.836202
7693,343.881977
7694,343.932907
7695,343.990144
7696,344.055143
7697,344.129763
7698,344.21641
7699,344.318208
7700,344.439111
7701,344.583518
7702,344.714172
7703,344.818018
7704,344.901347
7705,344.968009
7706,345.020541
7707,345.060666
7708,345.089528
7709,345.107816
7710,345.115815
7711,345.113427
7712,345.100151
7713,345.075016
7714,345.036456
7715,344.98204
7716,344.907935
7717,344.807703
7718,344.717588
7719,344.653678
7720,344.613035
7721,344.593387
7722,344.593508
7723,344.61323
7724,344.653438
7725,344.716158
7726,344.804731
7727,344.923964
7728,345.079654
7729,345.196598
7730,345.285363
7731,345.35213
7732,345.400879
7733,345.434332
7734,345.454404
7735,345.462431
7736,345.459301
7737,345.445531
7738,345.421302
7739,345.386478
7740,345.340593
7741,345.282792
7742,345.211685
7743,345.124943
7744,343.469946
7745,343.492868
7746,343.5164
7747,343.540615
7748,343.565617
7749,343.59154
7750,343.618556
7751,343.646872
7752,343.676743
7753,343.708475
7754,343.742436
7755,343.779072
7756,343.81892
7757,343.862635
7758,343.911019
7759,343.965063
7760,344.026
7761,344.095399
7762,344.17528
7763,344.268308
7764,344.378048
7765,344.509198
7766,344.627797
7767,344.722255
7768,344.798576
7769,344.86011
7770,344.908985
7771,344.946634
7772,344.974015
7773,344.991711
7774,344.999977
7775,344.998755
7776,344.987655
7777,344.965906
7778,344.932243
7779,344.884647
7780,344.819722
7781,344.730973
7782,344.65171
7783,344.595988
7784,344.560762
7785,344.544011
7786,344.544713
7787,344.56274
7788,344.59883
7789,344.654673
7790,344.73313
7791,344.838654
7792,344.977898
7793,345.081417
7794,345.160069
7795,345.219405
7796,345.262775
7797,345.292416
7798,345.309894
7799,345.316304
7800,345.312373
7801,345.298518
7802,345.274877
7803,345.241322
7804,345.197446
7805,345.142521
7806,345.075372
7807,344.994015
7808,343.46318
7809,343.485656
7810,343.508672
7811,343.532301
7812,343.556647
7813,343.581843
7814,343.608053
7815,343.635473
7816,343.664339
7817,343.694931
7818,343.727579
7819,343.762678
7820,343.800694
7821,343.842187
7822,343.887824
7823,343.938408
7824,343.99491
7825,344.058509
7826,344.130647
7827,344.213089
7828,344.307946
7829,344.41745
7830,344.517863
7831,344.600319
7832,344.668343
7833,344.724031
7834,344.768812
7835,344.80371
7836,344.829438
7837,344.846452
7838,344.854971
7839,344.854985
7840,344.846252
7841,344.828272
7842,344.800246
7843,344.760959
7844,344.708488
7845,344.639276
7846,344.577032
7847,344.532229
7848,344.503671
7849,344.490359
7850,344.491774
7851,344.507913
7852,344.539303
7853,344.587029
7854,344.652802
7855,344.739026
7856,344.848692
7857,344.933602
7858,344.999813
7859,345.050542
7860,345.087886
7861,345.113344
7862,345.128019
7863,345.132706
7864,345.12794
7865,345.114026
7866,345.091054
7867,345.058901
7868,345.017229
7869,344.965455
7870,344.902681
7871,344.827486
7872,343.45644
7873,343.478453
7874,343.500917
7875,343.523914
7876,343.547549
7877,343.571955
7878,343.597291
7879,343.623745
7880,343.651533
7881,343.68091
7882,343.712169
7883,343.745654
7884,343.781761
7885,343.820952
7886,343.86376
7887,343.910795
7888,343.962751
7889,344.020392
7890,344.084505
7891,344.155739
7892,344.234102
7893,344.317382
7894,344.396287
7895,344.465645
7896,344.524885
7897,344.574448
7898,344.614952
7899,344.646966
7900,344.670943
7901,344.687204
7902,344.695927
7903,344.697158
7904,344.69081
7905,344.676682
7906,344.654499
7907,344.624024
7908,344.585406
7909,344.54047
7910,344.498272
7911,344.465456
7912,344.443943
7913,344.434198
7914,344.436351
7915,344.450562
7916,344.477121
7917,344.516405
7918,344.568629
7919,344.633051
7920,344.705393
7921,344.769488
7922,344.822456
7923,344.864221
7924,344.895363
7925,344.916555
7926,344.928397
7927,344.931369
7928,344.925806
7929,344.911895
7930,344.889674
7931,344.859029
7932,344.819689
7933,344.77122
7934,344.713011
7935,344.64428
7936,343.449805
7937,343.471332
7938,343.493205
7939,343.515515
7940,343.538378
7941,343.561931
7942,343.586331
7943,343.611757
7944,343.638408
7945,343.666516
7946,343.69634
7947,343.728175
7948,343.762354
7949,343.79925
7950,343.839271
7951,343.882856
7952,343.930453
7953,343.982478
7954,344.039215
7955,344.100625
7956,344.165932
7957,344.232902
7958,344.297207
7959,344.355692
7960,344.407053
7961,344.450938
7962,344.487403
7963,344.516653
7964,344.538917
7965,344.554395
7966,344.563231
7967,344.565517
7968,344.561301
7969,344.55063
7970,344.533629
7971,344.510666
7972,344.482699
7973,344.451964
7974,344.422915
7975,344.399545
7976,344.384024
7977,344.377395
7978,344.38016
7979,344.392577
7980,344.414748
7981,344.446553
7982,344.487387
7983,344.535552
7984,344.587189
7985,344.635486
7986,344.677151
7987,344.710911
7988,344.736419
7989,344.753718
7990,344.762992
7991,344.764439
7992,344.758217
7993,344.744408
7994,344.723006
7995,344.693904
7996,344.656901
7997,344.611702
7998,344.557949
7999,344.495287
8000,343.443381
8001,343.464392
8002,343.485617
8003,343.507174
8004,343.529197
8005,343.551832
8006,343.575234
8007,343.599575
8008,343.625043
8009,343.651846
8010,343.680214
8011,343.710402
8012,343.742689
8013,343.777372
8014,343.814759
8015,343.855151
8016,343.898813
8017,343.945916
8018,343.996444
8019,344.050044
8020,344.105802
8021,344.16201
8022,344.21625
8023,344.266469
8024,344.311416
8025,344.350469
8026,344.383391
8027,344.410152
8028,344.430823
8029,344.445513
8030,344.454339
8031,344.457423
8032,344.454912
8033,344.447017
8034,344.434096
8035,344.416791
8036,344.396231
8037,344.374291
8038,344.353646
8039,344.336873
8040,344.325795
8041,344.321531
8042,344.324702
8043,344.335589
8044,344.354176
8045,344.380099
8046,344.412469
8047,344.449581
8048,344.488637
8049,344.526005
8050,344.559117
8051,344.586492
8052,344.60738
8053,344.621453
8054,344.628608
8055,344.628839
8056,344.622166
8057,344.608588
8058,344.588064
8059,344.560496
8060,344.525735
8061,344.483589
8062,344.433863
8063,344.376421
8064,343.437318
8065,343.457755
8066,343.478246
8067,343.498963
8068,343.520066
8069,343.541712
8070,343.564055
8071,343.587262
8072,343.611508
8073,343.636985
8074,343.663898
8075,343.692472
8076,343.722943
8077,343.755553
8078,343.790538
8079,343.828106
8080,343.868402
8081,343.911454
8082,343.957095
8083,344.004867
8084,344.053908
8085,344.102915
8086,344.150285
8087,344.194549
8088,344.23463
8089,344.269858
8090,344.299871
8091,344.324516
8092,344.34377
8093,344.357682
8094,344.366352
8095,344.369919
8096,344.368584
8097,344.362646
8098,344.352571
8099,344.339085
8100,344.323278
8101,344.306679
8102,344.291168
8103,344.278593
8104,344.270437
8105,344.267728
8106,344.271086
8107,344.280775
8108,344.296721
8109,344.318472
8110,344.345108
8111,344.375135
8112,344.406475
8113,344.436754
8114,344.463989
8115,344.486791
8116,344.504286
8117,344.515972
8118,344.521583
8119,344.520989
8120,344.51412
8121,344.500923
8122,344.481332
8123,344.455257
8124,344.42258
8125,344.383174
8126,344.336925
8127,344.283781
8128,343.431847
8129,343.451571
8130,343.471189
8131,343.49095
8132,343.511039
8133,343.531618
8134,343.552842
8135,343.574867
8136,343.59786
8137,343.621999
8138,343.647474
8139,343.674485
8140,343.703242
8141,343.733955
8142,343.766817
8143,343.801988
8144,343.839552
8145,343.879475
8146,343.921536
8147,343.965261
8148,344.009865
8149,344.054263
8150,344.097198
8151,344.137478
8152,344.174159
8153,344.20659
8154,344.234378
8155,344.257323
8156,344.275362
8157,344.288518
8158,344.296877
8159,344.300583
8160,344.299855
8161,344.295021
8162,344.286573
8163,344.275236
8164,344.262024
8165,344.248256
8166,344.235455
8167,344.225127
8168,344.218542
8169,344.216632
8170,344.219979
8171,344.228825
8172,344.243076
8173,344.262269
8174,344.28553
8175,344.311537
8176,344.338586
8177,344.364817
8178,344.388571
8179,344.408578
8180,344.423963
8181,344.43417
8182,344.438875
8183,344.437892
8184,344.431111
8185,344.418456
8186,344.39985
8187,344.375209
8188,344.344433
8189,344.307421
8190,344.264092
8191,344.214393
8192,343.238044
8193,343.248454
8194,343.258512
8195,343.267945
8196,343.276579
8197,343.284296
8198,343.291018
8199,343.296698
8200,343.301311
8201,343.304854
8202,343.307345
8203,343.308815
8204,343.309312
8205,343.308898
8206,343.307646
8207,343.305637
8208,343.30296
8209,343.299706
8210,343.295968
8211,343.291836
8212,343.287398
8213,343.282734
8214,343.277917
8215,343.273013
8216,343.268079
8217,343.263165
8218,343.258313
8219,343.253557
8220,343.248927
8221,343.244446
8222,343.240133
8223,343.236001
8224,343.232063
8225,343.228327
8226,343.224798
8227,343.221481
8228,343.218378
8229,343.215491
8230,343.212819
8231,343.21036
8232,343.208111
8233,343.206066
8234,343.204216
8235,343.202551
8236,343.201052
8237,343.199698
8238,343.198456
8239,343.197284
8240,343.196125
8241,343.194903
8242,343.193568
8243,343.192088
8244,343.190446
8245,343.188638
8246,343.186672
8247,343.184566
8248,343.182349
8249,343.180064
8250,343.177766
8251,343.175532
8252,343.173465
8253,343.171707
8254,343.170471
8255,343.170093
8256,343.265405
8257,343.276846
8258,343.287719
8259,343.297838
8260,343.307061
8261,343.315281
8262,343.322426
8263,343.32845
8264,343.333332
8265,343.337071
8266,343.339685
8267,343.341211
8268,343.341701
8269,343.34122
8270,343.339848
8271,343.337673
8272,343.334789
8273,343.331296
8274,343.327293
8275,343.322878
8276,343.318144
8277,343.313175
8278,343.308051
8279,343.302841
8280,343.297604
8281,343.292393
8282,343.287252
8283,343.282216
8284,343.277317
8285,343.272577
8286,343.268016
8287,343.263649
8288,343.259487
8289,343.255538
8290,343.251809
8291,343.248303
8292,343.245022
8293,343.241968
8294,343.23914
8295,343.236535
8296,343.23415
8297,343.231978
8298,343.230011
8299,343.228235
8300,343.226633
8301,343.225181
8302,343.223844
8303,343.222579
8304,343.221325
8305,343.220004
8306,343.218562
8307,343.216965
8308,343.215197
8309,343.213251
8310,343.211135
8311,343.208866
8312,343.206474
8313,343.203999
8314,343.201497
8315,343.19904
8316,343.196724
8317,343.194673
8318,343.193052
8319,343.192069
8320,343.292624
8321,343.305269
8322,343.317121
8323,343.328056
8324,343.337962
8325,343.346753
8326,343.354366
8327,343.360762
8328,343.365924
8329,343.369854
8330,343.372577
8331,343.374131
8332,343.374576
8333,343.373983
8334,343.372438
8335,343.370038
8336,343.366888
8337,343.363095
8338,343.358768
8339,343.354014
8340,343.348931
8341,343.343613
8342,343.338142
8343,343.332591
8344,343.327023
8345,343.321492
8346,343.316043
8347,343.310713
8348,343.305533
8349,343.300525
8350,343.295711
8351,343.291102
8352,343.286712
8353,343.282547
8354,343.278614
8355,343.274914
8356,343.271451
8357,343.268224
8358,343.265232
8359,343.262473
8360,343.259941
8361,343.257629
8362,343.255528
8363,343.253625
8364,343.251899
8365,343.250326
8366,343.248869
8367,343.247483
8368,343.246103
8369,343.244651
8370,343.243069
8371,343.241322
8372,343.239391
8373,343.237269
8374,343.234961
8375,343.232484
8376,343.229864
8377,343.227139
8378,343.224359
8379,343.221589
8380,343.218909
8381,343.216416
8382,343.214225
8383,343.212454
8384,343.319932
8385,343.333864
8386,343.346797
8387,343.358639
8388,343.369305
8389,343.378724
8390,343.386844
8391,343.393634
8392,343.399084
8393,343.403202
8394,343.406015
8395,343.407569
8396,343.407929
8397,343.407176
8398,343.405403
8399,343.402718
8400,343.399238
8401,343.395082
8402,343.39037
8403,343.385219
8404,343.379737
8405,343.374023
8406,343.368166
8407,343.36224
8408,343.356314
8409,343.35044
8410,343.344666
8411,343.339028
8412,343.333556
8413,343.328274
8414,343.323199
8415,343.318346
8416,343.313725
8417,343.309341
8418,343.3052
8419,343.301304
8420,343.297654
8421,343.294248
8422,343.291086
8423,343.288163
8424,343.285473
8425,343.283009
8426,343.28076
8427,343.27871
8428,343.276841
8429,343.275123
8430,343.273521
8431,343.271986
8432,343.270452
8433,343.268836
8434,343.267082
8435,343.265152
8436,343.263022
8437,343.260686
8438,343.258146
8439,343.255416
8440,343.252518
8441,343.249488
8442,343.246366
8443,343.243208
8444,343.240076
8445,343.237044
8446,343.234186
8447,343.231573
8448,343.347451
8449,343.362718
8450,343.376797
8451,343.389612
8452,343.401094
8453,343.411184
8454,343.419843
8455,343.427047
8456,343.43279
8457,343.437087
8458,343.439972
8459,343.441496
8460,343.441732
8461,343.440768
8462,343.43871
8463,343.435678
8464,343.431802
8465,343.427218
8466,343.422059
8467,343.416453
8468,343.41052
8469,343.404366
8470,343.398084
8471,343.391754
8472,343.385443
8473,343.379208
8474,343.373093
8475,343.367136
8476,343.361365
8477,343.355802
8478,343.350465
8479,343.345364
8480,343.340509
8481,343.335905
8482,343.331555
8483,343.32746
8484,343.32362
8485,343.320032
8486,343.316693
8487,343.313598
8488,343.31074
8489,343.308111
8490,343.305699
8491,343.303486
8492,343.301453
8493,343.299569
8494,343.297797
8495,343.296086
8496,343.294368
8497,343.29256
8498,343.290602
8499,343.288454
8500,343.286092
8501,343.283506
8502,343.280695
8503,343.27767
8504,343.274451
8505,343.271066
8506,343.267549
8507,343.263943
8508,343.260298
8509,343.256666
8510,343.253097
8511,343.249634
8512,343.375229
8513,343.391863
8514,343.407131
8515,343.420964
8516,343.433303
8517,343.444099
8518,343.45332
8519,343.460949
8520,343.466988
8521,343.471456
8522,343.474394
8523,343.475858
8524,343.475929
8525,343.474705
8526,343.472303
8527,343.46886
8528,343.464523
8529,343.459444
8530,343.453775
8531,343.447659
8532,343.441226
8533,343.43459
8534,343.427849
8535,343.421087
8536,343.414371
8537,343.407758
8538,343.401292
8539,343.395008
8540,343.388933
8541,343.383088
8542,343.377486
8543,343.372139
8544,343.367051
8545,343.362227
8546,343.357668
8547,343.353374
8548,343.349341
8549,343.345566
8550,343.342046
8551,343.338772
8552,343.335738
8553,343.332932
8554,343.330343
8555,343.327951
8556,343.325735
8557,343.323664
8558,343.321698
8559,343.319785
8560,343.317857
8561,343.315827
8562,343.313635
8563,343.311238
8564,343.30861
8565,343.305739
8566,343.302622
8567,343.299266
8568,343.295686
8569,343.291903
8570,343.287948
8571,343.283851
8572,343.279651
8573,343.275384
8574,343.271087
8575,343.266786
8576,343.40325
8577,343.421275
8578,343.43776
8579,343.452641
8580,343.465865
8581,343.477389
8582,343.487188
8583,343.495251
8584,343.501586
8585,343.506217
8586,343.509188
8587,343.510564
8588,343.510432
8589,343.508899
8590,343.506098
8591,343.50218
8592,343.497314
8593,343.491675
8594,343.485437
8595,343.478758
8596,343.47178
8597,343.464626
8598,343.457399
8599,343.450183
8600,343.443048
8601,343.436047
8602,343.429223
8603,343.42261
8604,343.416232
8605,343.410105
8606,343.404242
8607,343.39865
8608,343.393334
8609,343.388293
8610,343.383528
8611,343.379035
8612,343.37481
8613,343.370847
8614,343.367141
8615,343.363684
8616,343.360465
8617,343.357473
8618,343.354693
8619,343.352107
8620,343.34969
8621,343.347411
8622,343.345229
8623,343.34309
8624,343.340926
8625,343.338647
8626,343.336192
8627,343.333516
8628,343.330592
8629,343.327405
8630,343.323949
8631,343.320228
8632,343.316252
8633,343.312039
8634,343.307611
8635,343.302991
8636,343.298209
8637,343.29329
8638,343.288261
8639,343.28314
8640,343.431435
8641,343.450863
8642,343.468583
8643,343.484531
8644,343.498655
8645,343.510922
8646,343.521309
8647,343.529812
8648,343.536441
8649,343.541226
8650,343.544216
8651,343.54548
8652,343.54511
8653,343.543226
8654,343.539972
8655,343.535519
8656,343.53006
8657,343.523801
8658,343.516938
8659,343.509651
8660,343.502093
8661,343.494394
8662,343.486661
8663,343.478979
8664,343.471416
8665,343.464024
8666,343.456844
8667,343.449905
8668,343.443228
8669,343.436826
8670,343.430709
8671,343.42488
8672,343.419341
8673,343.41409
8674,343.409123
8675,343.404436
8676,343.400021
8677,343.395871
8678,343.391978
8679,343.388332
8680,343.384922
8681,343.381735
8682,343.378754
8683,343.375959
8684,343.373326
8685,343.37082
8686,343.368401
8687,343.366014
8688,343.363588
8689,343.361034
8690,343.358289
8691,343.355307
8692,343.352058
8693,343.348526
8694,343.344703
8695,343.340587
8696,343.336188
8697,343.331516
8698,343.326589
8699,343.321424
8700,343.316042
8701,343.310464
8702,343.304708
8703,343.298787
8704,343.459633
8705,343.480468
8706,343.499427
8707,343.516447
8708,343.53148
8709,343.544496
8710,343.555476
8711,343.564421
8712,343.571344
8713,343.576278
8714,343.579276
8715,343.58041
8716,343.579779
8717,343.577509
8718,343.573758
8719,343.568717
8720,343.56261
8721,343.555676
8722,343.548145
8723,343.540215
8724,343.532054
8725,343.523795
8726,343.515549
8727,343.507399
8728,343.499411
8729,343.491635
8730,343.484107
8731,343.476852
8732,343.469887
8733,343.463223
8734,343.456863
8735,343.450809
8736,343.445058
8737,343.439606
8738,343.434447
8739,343.429571
8740,343.424971
8741,343.420636
8742,343.416557
8743,343.412721
8744,343.409116
8745,343.405726
8746,343.402534
8747,343.399519
8748,343.396653
8749,343.393904
8750,343.391229
8751,343.388571
8752,343.385861
8753,343.383008
8754,343.379947
8755,343.376634
8756,343.373035
8757,343.369132
8758,343.364915
8759,343.360381
8760,343.355534
8761,343.350381
8762,343.344935
8763,343.339209
8764,343.333219
8765,343.326979
8766,343.320504
8767,343.313806
8768,343.487608
8769,343.509839
8770,343.53003
8771,343.548117
8772,343.564056
8773,343.577819
8774,343.589394
8775,343.598782
8776,343.606
8777,343.611084
8778,343.614087
8779,343.615086
8780,343.614182
8781,343.611508
8782,343.607232
8783,343.601566
8784,343.594764
8785,343.58712
8786,343.578895
8787,343.570308
8788,343.561537
8789,343.552721
8790,343.543968
8791,343.535362
8792,343.526964
8793,343.51882
8794,343.510962
8795,343.503409
8796,343.496176
8797,343.489266
8798,343.482681
8799,343.476418
8800,343.470471
8801,343.464831
8802,343.45949
8803,343.454436
8804,343.449658
8805,343.445144
8806,343.440881
8807,343.436856
8808,343.433053
8809,343.429456
8810,343.426046
8811,343.422799
8812,343.419689
8813,343.416681
8814,343.413731
8815,343.410783
8816,343.407767
8817,343.404592
8818,343.401194
8819,343.397525
8820,343.393553
8821,343.389256
8822,343.384624
8823,343.379649
8824,343.374334
8825,343.368682
8826,343.362703
8827,343.356406
8828,343.349802
8829,343.342903
8830,343.335721
8831,343.328266
8832,343.515022
8833,343.538621
8834,343.560019
8835,343.579156
8836,343.595989
8837,343.610493
8838,343.622659
8839,343.632491
8840,343.640009
8841,343.645249
8842,343.648266
8843,343.649137
8844,343.647968
8845,343.644894
8846,343.640093
8847,343.633792
8848,343.626277
8849,343.617913
8850,343.608997
8851,343.599765
8852,343.590403
8853,343.581051
8854,343.571817
8855,343.562781
8856,343.554002
8857,343.545518
8858,343.537357
8859,343.529534
8860,343.522057
8861,343.514927
8862,343.50814
8863,343.50169
8864,343.495565
8865,343.489755
8866,343.484248
8867,343.479028
8868,343.474083
8869,343.469398
8870,343.464957
8871,343.460745
8872,343.456745
8873,343.452939
8874,343.449304
8875,343.445819
8876,343.442453
8877,343.439172
8878,343.435931
8879,343.432675
8880,343.429334
8881,343.425817
8882,343.42206
8883,343.418014
8884,343.413648
8885,343.408938
8886,343.40387
8887,343.398437
8888,343.392638
8889,343.386474
8890,343.37995
8891,343.373074
8892,343.365855
8893,343.358301
8894,343.350423
8895,343.342231
8896,343.541412
8897,343.566331
8898,343.588897
8899,343.609053
8900,343.626757
8901,343.641989
8902,343.65474
8903,343.665018
8904,343.672844
8905,343.678255
8906,343.681307
8907,343.682077
8908,343.680673
8909,343.677233
8910,343.671943
8911,343.665043
8912,343.656851
8913,343.647807
8914,343.638244
8915,343.628413
8916,343.618504
8917,343.608662
8918,343.598992
8919,343.58957
8920,343.58045
8921,343.571667
8922,343.563241
8923,343.555184
8924,343.547498
8925,343.540179
8926,343.53322
8927,343.526608
8928,343.52033
8929,343.514372
8930,343.508717
8931,343.503349
8932,343.498251
8933,343.493405
8934,343.488795
8935,343.484402
8936,343.480208
8937,343.476191
8938,343.47233
8939,343.468599
8940,343.464969
8941,343.461403
8942,343.457858
8943,343.454278
8944,343.450594
8945,343.446716
8946,343.442581
8947,343.438141
8948,343.433362
8949,343.428221
8950,343.422702
8951,343.416796
8952,343.410499
8953,343.403812
8954,343.396736
8955,343.389277
8956,343.381442
8957,343.373238
8958,343.364676
8959,343.355764
8960,343.566276
8961,343.592444
8962,343.616122
8963,343.637253
8964,343.655798
8965,343.671738
8966,343.685068
8967,343.695795
8968,343.703942
8969,343.709547
8970,343.712666
8971,343.713379
8972,343.711793
8973,343.708052
8974,343.702349
8975,343.694941
8976,343.686177
8977,343.676551
8978,343.666428
8979,343.656076
8980,343.645696
8981,343.635432
8982,343.62539
8983,343.615642
8984,343.606238
8985,343.597208
8986,343.588567
8987,343.580321
8988,343.572468
8989,343.564998
8990,343.557901
8991,343.55116
8992,343.544758
8993,343.538677
8994,343.532898
8995,343.527401
8996,343.522167
8997,343.517175
8998,343.512407
8999,343.507842
9000,343.503458
9001,343.499234
9002,343.495146
9003,343.491167
9004,343.487266
9005,343.483407
9006,343.479545
9007,343.475628
9008,343.471585
9009,343.46733
9010,343.462801
9011,343.45795
9012,343.452743
9013,343.447156
9014,343.441173
9015,343.434782
9016,343.427977
9017,343.420758
9018,343.413124
9019,343.405079
9020,343.396629
9021,343.387781
9022,343.378544
9023,343.368928
9024,343.589248
9025,343.616577
9026,343.641298
9027,343.66335
9028,343.682697
9029,343.699322
9030,343.713219
9031,343.7244
9032,343.732886
9033,343.738717
9034,343.741949
9035,343.742662
9036,343.740967
9037,343.737013
9038,343.731002
9039,343.723208
9040,343.714006
9041,343.703926
9042,343.69336
9043,343.682597
9044,343.671842
9045,343.661247
9046,343.650916
9047,343.640918
9048,343.6313
9049,343.622087
9050,343.613289
9051,343.604909
9052,343.596938
9053,343.589363
9054,343.582169
9055,343.575336
9056,343.568844
9057,343.56267
9058,343.556793
9059,343.55119
9060,343.54584
9061,343.54072
9062,343.535808
9063,343.531082
9064,343.526518
9065,343.522093
9066,343.517781
9067,343.513554
9068,343.509379
9069,343.50522
9070,343.501034
9071,343.496766
9072,343.492352
9073,343.487707
9074,343.482769
9075,343.477494
9076,343.471848
9077,343.465804
9078,343.459345
9079,343.45246
9080,343.44514
9081,343.437382
9082,343.429186
9083,343.420553
9084,343.41149
9085,343.402002
9086,343.392098
9087,343.381791
9088,343.610062
9089,343.638452
9090,343.664132
9091,343.687043
9092,343.707147
9093,343.724428
9094,343.738883
9095,343.750523
9096,343.75937
9097,343.765465
9098,343.768864
9099,343.76965
9100,343.767935
9101,343.763873
9102,343.757677
9103,343.749634
9104,343.740141
9105,343.729754
9106,343.718885
9107,343.707836
9108,343.696827
9109,343.686008
9110,343.675486
9111,343.665328
9112,343.655578
9113,343.646257
9114,343.637371
9115,343.628918
9116,343.620886
9117,343.613258
9118,343.606014
9119,343.599131
9120,343.592585
9121,343.586352
9122,343.580408
9123,343.574726
9124,343.569284
9125,343.564055
9126,343.559017
9127,343.554145
9128,343.549413
9129,343.544796
9130,343.540266
9131,343.535794
9132,343.531346
9133,343.526886
9134,343.522368
9135,343.517743
9136,343.512947
9137,343.5079
9138,343.502545
9139,343.496837
9140,343.490742
9141,343.484233
9142,343.477292
9143,343.469905
9144,343.462064
9145,343.453763
9146,343.445001
9147,343.43578
9148,343.426104
9149,343.415979
9150,343.405415
9151,343.394425
9152,343.628524
9153,343.657865
9154,343.684415
9155,343.708113
9156,343.728925
9157,343.746832
9158,343.761833
9159,343.773938
9160,343.783172
9161,343.789574
9162,343.793204
9163,343.794142
9164,343.792506
9165,343.788455
9166,343.782207
9167,343.774064
9168,343.764436
9169,343.753897
9170,343.742875
9171,343.731685
9172,343.720552
9173,343.709631
9174,343.699029
9175,343.688814
9176,343.679025
9177,343.66968
9178,343.660783
9179,343.652327
9180,343.644296
9181,343.636671
9182,343.629428
9183,343.622542
9184,343.615985
9185,343.609731
9186,343.603752
9187,343.598021
9188,343.592513
9189,343.5872
9190,343.582056
9191,343.577055
9192,343.57217
9193,343.567374
9194,343.562637
9195,343.557927
9196,343.553212
9197,343.548451
9198,343.543603
9199,343.538616
9200,343.533432
9201,343.527978
9202,343.5222
9203,343.516053
9204,343.509505
9205,343.502527
9206,343.495099
9207,343.487207
9208,343.47884
9209,343.469993
9210,343.460663
9211,343.450852
9212,343.440562
9213,343.429802
9214,343.418582
9215,343.406915
9216,343.644499
9217,343.674673
9218,343.701996
9219,343.726407
9220,343.747871
9221,343.766372
9222,343.781906
9223,343.794485
9224,343.804134
9225,343.810892
9226,343.814819
9227,343.815999
9228,343.814549
9229,343.810632
9230,343.804474
9231,343.796384
9232,343.786783
9233,343.776254
9234,343.765239
9235,343.754059
9236,343.742944
9237,343.732054
9238,343.721495
9239,343.711333
9240,343.701605
9241,343.692329
9242,343.683504
9243,343.67512
9244,343.66716
9245,343.6596
9246,343.652413
9247,343.645573
9248,343.63905
9249,343.632815
9250,343.626838
9251,343.621091
9252,343.615546
9253,343.610174
9254,343.604948
9255,343.599839
9256,343.59482
9257,343.58986
9258,343.58493
9259,343.579995
9260,343.575022
9261,343.56997
9262,343.564796
9263,343.559451
9264,343.553879
9265,343.548019
9266,343.541818
9267,343.535234
9268,343.528232
9269,343.520784
9270,343.512869
9271,343.50447
9272,343.495577
9273,343.486181
9274,343.476281
9275,343.465878
9276,343.454974
9277,343.443578
9278,343.431701
9279,343.419359
9280,343.657896
9281,343.68878
9282,343.716775
9283,343.741821
9284,343.763882
9285,343.782941
9286,343.798996
9287,343.812057
9288,343.822151
9289,343.829317
9290,343.833614
9291,343.835127
9292,343.833975
9293,343.830323
9294,343.8244
9295,343.816519
9296,343.807109
9297,343.796758
9298,343.785913
9299,343.774901
9300,343.763955
9301,343.753234
9302,343.742846
9303,343.732855
9304,343.723298
9305,343.714188
9306,343.705524
9307,343.697293
9308,343.689475
9309,343.682045
9310,343.674975
9311,343.668234
9312,343.661792
9313,343.655619
9314,343.649683
9315,343.643955
9316,343.638405
9317,343.633003
9318,343.62772
9319,343.622528
9320,343.617395
9321,343.612291
9322,343.607185
9323,343.602042
9324,343.596826
9325,343.591498
9326,343.586012
9327,343.580323
9328,343.574377
9329,343.568121
9330,343.561507
9331,343.554492
9332,343.547041
9333,343.539127
9334,343.530726
9335,343.521822
9336,343.512402
9337,343.502458
9338,343.491986
9339,343.480988
9340,343.469468
9341,343.457433
9342,343.444897
9343,343.431875
9344,343.668662
9345,343.70013
9346,343.728696
9347,343.754296
9348,343.776896
9349,343.796478
9350,343.81304
9351,343.826594
9352,343.837164
9353,343.84479
9354,343.849532
9355,343.851473
9356,343.850734
9357,343.847479
9358,343.841939
9359,343.834427
9360,343.825374
9361,343.81537
9362,343.804864
9363,343.794182
9364,343.783557
9365,343.773151
9366,343.763067
9367,343.753371
9368,343.744096
9369,343.735255
9370,343.726844
9371,343.718849
9372,343.71125
9373,343.704018
9374,343.697124
9375,343.690538
9376,343.684228
9377,343.678162
9378,343.672308
9379,343.666635
9380,343.661114
9381,343.655712
9382,343.650401
9383,343.64515
9384,343.639928
9385,343.634704
9386,343.629444
9387,343.624113
9388,343.618675
9389,343.613089
9390,343.607313
9391,343.601299
9392,343.595
9393,343.588367
9394,343.581353
9395,343.57392
9396,343.566031
9397,343.557657
9398,343.548777
9399,343.53937
9400,343.529425
9401,343.518932
9402,343.507888
9403,343.496293
9404,343.484152
9405,343.471474
9406,343.458271
9407,343.444563
9408,343.676777
9409,343.708704
9410,343.737735
9411,343.763809
9412,343.786889
9413,343.806958
9414,343.824015
9415,343.83807
9416,343.849149
9417,343.85729
9418,343.862552
9419,343.865019
9420,343.864808
9421,343.862085
9422,343.857076
9423,343.850095
9424,343.841567
9425,343.832081
9426,343.822082
9427,343.811894
9428,343.801749
9429,343.791803
9430,343.78216
9431,343.772884
9432,343.764006
9433,343.755538
9434,343.747475
9435,343.739803
9436,343.732498
9437,343.725534
9438,343.718881
9439,343.712506
9440,343.706379
9441,343.700466
9442,343.694735
9443,343.689157
9444,343.683698
9445,343.678329
9446,343.67302
9447,343.667738
9448,343.662454
9449,343.657134
9450,343.651745
9451,343.646251
9452,343.640615
9453,343.634797
9454,343.628754
9455,343.622442
9456,343.615814
9457,343.608825
9458,343.601432
9459,343.593596
9460,343.585282
9461,343.576461
9462,343.567108
9463,343.557206
9464,343.546739
9465,343.535699
9466,343.524081
9467,343.511886
9468,343.499119
9469,343.485789
9470,343.471911
9471,343.457503
9472,343.682253
9473,343.714513
9474,343.743907
9475,343.770372
9476,343.793875
9477,343.814396
9478,343.831935
9479,343.846502
9480,343.858121
9481,343.866831
9482,343.872689
9483,343.875778
9484,343.876213
9485,343.874155
9486,343.869828
9487,343.863538
9488,343.855705
9489,343.846909
9490,343.837588
9491,343.82806
9492,343.81855
9493,343.809212
9494,343.800147
9495,343.791417
9496,343.783051
9497,343.775061
9498,343.767442
9499,343.760177
9500,343.753246
9501,343.74662
9502,343.74027
9503,343.734164
9504,343.72827
9505,343.722557
9506,343.716993
9507,343.711547
9508,343.706187
9509,343.700885
9510,343.695608
9511,343.690326
9512,343.685007
9513,343.67962
9514,343.674129
9515,343.668499
9516,343.662692
9517,343.656669
9518,343.650387
9519,343.643804
9520,343.636875
9521,343.629557
9522,343.621808
9523,343.613589
9524,343.604867
9525,343.595611
9526,343.585797
9527,343.575406
9528,343.564423
9529,343.552837
9530,343.540645
9531,343.527846
9532,343.514446
9533,343.500456
9534,343.48589
9535,343.470768
9536,343.685134
9537,343.717604
9538,343.747259
9539,343.774038
9540,343.797905
9541,343.818844
9542,343.836853
9543,343.851941
9544,343.864131
9545,343.873463
9546,343.879992
9547,343.883798
9548,343.884994
9549,343.883736
9550,343.88024
9551,343.874803
9552,343.867834
9553,343.8599
9554,343.851426
9555,343.842721
9556,343.834003
9557,343.82542
9558,343.817068
9559,343.809008
9560,343.801268
9561,343.79386
9562,343.786778
9563,343.780007
9564,343.773525
9565,343.767307
9566,343.761322
9567,343.755541
9568,343.749933
9569,343.744466
9570,343.73911
9571,343.733835
9572,343.728611
9573,343.723408
9574,343.718196
9575,343.712944
9576,343.707621
9577,343.702195
9578,343.696632
9579,343.690895
9580,343.684947
9581,343.67875
9582,343.67226
9583,343.665437
9584,343.658236
9585,343.650616
9586,343.642535
9587,343.633957
9588,343.624845
9589,343.615171
9590,343.60491
9591,343.594039
9592,343.582545
9593,343.570417
9594,343.557649
9595,343.544243
9596,343.530203
9597,343.51554
9598,343.500272
9599,343.484418
9600,343.685501
9601,343.718062
9602,343.74788
9603,343.774895
9604,343.799073
9605,343.820397
9606,343.838863
9607,343.85448
9608,343.867273
9609,343.877278
9610,343.88455
9611,343.889166
9612,343.891235
9613,343.890908
9614,343.88839
9615,343.883966
9616,343.878029
9617,343.871128
9618,343.86367
9619,343.85595
9620,343.848176
9621,343.840489
9622,343.832982
9623,343.825712
9624,343.818709
9625,343.811983
9626,343.805529
9627,343.799334
9628,343.793377
9629,343.787633
9630,343.782075
9631,343.776674
9632,343.771401
9633,343.766226
9634,343.76112
9635,343.756055
9636,343.751002
9637,343.745932
9638,343.740816
9639,343.735625
9640,343.730329
9641,343.724895
9642,343.719289
9643,343.713476
9644,343.70742
9645,343.701079
9646,343.694414
9647,343.687382
9648,343.679941
9649,343.672049
9650,343.663665
9651,343.654751
9652,343.645273
9653,343.635199
9654,343.624504
9655,343.613165
9656,343.601168
9657,343.5885
9658,343.575156
9659,343.561137
9660,343.546448
9661,343.531101
9662,343.515113
9663,343.498507
9664,343.683477
9665,343.716016
9666,343.745904
9667,343.773085
9668,343.797522
9669,343.819199
9670,343.83811
9671,343.854266
9672,343.867689
9673,343.878414
9674,343.886496
9675,343.892009
9676,343.895059
9677,343.895788
9678,343.894392
9679,343.891139
9680,343.886401
9681,343.880699
9682,343.874421
9683,343.867841
9684,343.861157
9685,343.854502
9686,343.847965
9687,343.8416
9688,343.835439
9689,343.82949
9690,343.823751
9691,343.818211
9692,343.812849
9693,343.807645
9694,343.802572
9695,343.797603
9696,343.792713
9697,343.787873
9698,343.783057
9699,343.778238
9700,343.77339
9701,343.768486
9702,343.763498
9703,343.7584
9704,343.75316
9705,343.747749
9706,343.742133
9707,343.736276
9708,343.730143
9709,343.723693
9710,343.716886
9711,343.70968
9712,343.702031
9713,343.693899
9714,343.685241
9715,343.676019
9716,343.666197
9717,343.655744
9718,343.644632
9719,343.632838
9720,343.620345
9721,343.607142
9722,343.593221
9723,343.578585
9724,343.563238
9725,343.547192
9726,343.530466
9727,343.513084
9728,343.67924
9729,343.711652
9730,343.741527
9731,343.768807
9732,343.793456
9733,343.815456
9734,343.834803
9735,343.851503
9736,343.865581
9737,343.877069
9738,343.886022
9739,343.892512
9740,343.89664
9741,343.898543
9742,343.898405
9743,343.896474
9744,343.893095
9745,343.888755
9746,343.88381
9747,343.878517
9748,343.873058
9749,343.86756
9750,343.862108
9751,343.856756
9752,343.851533
9753,343.84645
9754,343.841508
9755,343.836696
9756,343.831997
9757,343.827392
9758,343.822858
9759,343.818372
9760,343.813909
9761,343.809445
9762,343.804956
9763,343.800418
9764,343.795808
9765,343.791101
9766,343.786273
9767,343.781296
9768,343.776144
9769,343.770786
9770,343.765191
9771,343.759324
9772,343.753148
9773,343.746624
9774,343.73971
9775,343.732364
9776,343.724543
9777,343.716203
9778,343.707303
9779,343.697802
9780,343.687663
9781,343.676853
9782,343.665342
9783,343.653106
9784,343.640128
9785,343.626394
9786,343.611897
9787,343.596638
9788,343.580622
9789,343.563863
9790,343.546379
9791,343.528196
9792,343.673035
9793,343.705229
9794,343.735015
9795,343.762337
9796,343.787156
9797,343.809454
9798,343.829225
9799,343.846476
9800,343.861228
9801,343.873516
9802,343.883392
9803,343.890928
9804,343.89622
9805,343.8994
9806,343.900641
9807,343.900171
9808,343.898302
9809,343.895473
9810,343.892002
9811,343.888126
9812,343.884013
9813,343.879784
9814,343.875521
9815,343.871276
9816,343.867079
9817,343.862944
9818,343.858871
9819,343.854855
9820,343.85088
9821,343.84693
9822,343.842985
9823,343.839026
9824,343.835031
9825,343.830981
9826,343.826853
9827,343.822629
9828,343.818287
9829,343.813806
9830,343.809165
9831,343.80434
9832,343.799305
9833,343.794032
9834,343.78849
9835,343.782645
9836,343.776461
9837,343.769898
9838,343.762914
9839,343.755466
9840,343.747508
9841,343.738997
9842,343.729888
9843,343.720139
9844,343.70971
9845,343.698567
9846,343.686678
9847,343.674017
9848,343.660563
9849,343.646304
9850,343.631231
9851,343.615344
9852,343.598649
9853,343.581159
9854,343.562896
9855,343.543885
9856,343.665197
9857,343.697097
9858,343.726734
9859,343.754048
9860,343.779003
9861,343.801576
9862,343.821762
9863,343.839566
9864,343.855009
9865,343.868126
9866,343.878966
9867,343.887602
9868,343.894127
9869,343.898666
9870,343.901384
9871,343.902491
9872,343.902264
9873,343.901069
9874,343.899189
9875,343.896837
9876,343.894171
9877,343.891305
9878,343.888319
9879,343.885264
9880,343.882171
9881,343.879055
9882,343.875918
9883,343.872757
9884,343.869561
9885,343.866316
9886,343.863006
9887,343.859614
9888,343.856125
9889,343.85252
9890,343.848785
9891,343.844902
9892,343.840855
9893,343.836628
9894,343.832201
9895,343.827554
9896,343.822664
9897,343.817505
9898,343.812048
9899,343.806259
9900,343.800102
9901,343.793538
9902,343.786522
9903,343.779009
9904,343.770954
9905,343.762309
9906,343.753027
9907,343.743063
9908,343.732376
9909,343.720926
9910,343.70868
9911,343.695611
9912,343.681694
9913,343.666916
9914,343.651268
9915,343.634748
9916,343.617362
9917,343.599126
9918,343.580059
9919,343.560191
9920,343.656185
9921,343.687736
9922,343.717176
9923,343.744447
9924,343.769509
9925,343.792339
9926,343.812931
9927,343.831289
9928,343.847434
9929,343.861398
9930,343.873232
9931,343.883005
9932,343.890809
9933,343.896764
9934,343.901022
9935,343.903779
9936,343.905275
9937,343.905796
9938,343.905585
9939,343.904835
9940,343.903692
9941,343.902265
9942,343.900628
9943,343.898832
9944,343.896908
9945,343.894872
9946,343.892729
9947,343.890477
9948,343.888107
9949,343.88561
9950,343.882974
9951,343.880185
9952,343.877232
9953,343.874102
9954,343.870785
9955,343.867268
9956,343.86354
9957,343.859589
9958,343.855399
9959,343.850956
9960,343.846237
9961,343.841221
9962,343.83588
9963,343.830181
9964,343.824087
9965,343.817558
9966,343.81055
9967,343.803014
9968,343.794902
9969,343.786163
9970,343.776747
9971,343.766605
9972,343.755691
9973,343.743964
9974,343.731386
9975,343.717927
9976,343.703562
9977,343.688273
9978,343.67205
9979,343.654892
9980,343.636805
9981,343.617803
9982,343.59791
9983,343.577155
9984,343.646518
9985,343.677684
9986,343.706897
9987,343.734098
9988,343.759247
9989,343.782321
9990,343.803311
9991,343.822221
9992,343.839071
9993,343.853893
9994,343.866737
9995,343.877668
9996,343.886775
9997,343.89417
9998,343.899993
9999,343.904419
10000,343.907652
10001,343.909914
10002,343.91141
10003,343.912308
10004,343.91274
10005,343.912805
10006,343.912573
10007,343.912092
10008,343.911391
10009,343.910487
10010,343.909385
10011,343.908086
10012,343.906584
10013,343.904873
10014,343.902943
10015,343.900786
10016,343.898395
10017,343.895764
10018,343.892885
10019,343.889754
10020,343.886364
10021,343.882707
10022,343.878776
10023,343.874557
10024,343.870035
10025,343.865188
10026,343.859993
10027,343.854416
10028,343.848422
10029,343.841969
10030,343.83501
10031,343.827494
10032,343.819368
10033,343.810578
10034,343.801069
10035,343.790788
10036,343.779684
10037,343.767712
10038,343.754829
10039,343.741002
10040,343.726203
10041,343.710412
10042,343.693618
10043,343.675818
10044,343.657017
10045,343.637232
10046,343.616485
10047,343.594811
10048,343.636584
10049,343.667349
10050,343.696318
10051,343.723433
10052,343.748656
10053,343.771962
10054,343.793342
10055,343.812801
10056,343.830355
10057,343.846037
10058,343.859893
10059,343.871987
10060,343.8824
10061,343.891237
10062,343.898621
10063,343.904705
10064,343.909657
10065,343.913655
10066,343.916867
10067,343.919434
10068,343.92147
10069,343.923064
10070,343.924277
10071,343.925152
10072,343.925717
10073,343.925987
10074,343.925967
10075,343.925658
10076,343.925057
10077,343.924161
10078,343.922964
10079,343.921462
10080,343.919654
10081,343.917538
10082,343.915113
10083,343.912381
10084,343.909343
10085,343.905996
10086,343.902338
10087,343.898362
10088,343.894057
10089,343.889406
10090,343.884386
10091,343.878965
10092,343.873108
10093,343.866771
10094,343.859905
10095,343.852454
10096,343.844361
10097,343.835567
10098,343.826011
10099,343.815633
10100,343.804379
10101,343.792195
10102,343.779038
10103,343.764867
10104,343.749652
10105,343.73337
10106,343.716007
10107,343.69756
10108,343.678035
10109,343.657447
10110,343.635822
10111,343.613194
10112,343.626664
10113,343.657025
10114,343.685744
10115,343.712767
10116,343.738056
10117,343.761587
10118,343.783351
10119,343.803351
10120,343.821604
10121,343.83814
10122,343.853002
10123,343.86625
10124,343.877958
10125,343.88822
10126,343.897144
10127,343.904857
10128,343.911499
10129,343.917211
10130,343.922129
10131,343.926367
10132,343.930022
10133,343.933166
10134,343.935852
10135,343.938115
10136,343.939979
10137,343.941455
10138,343.942549
10139,343.94326
10140,343.943587
10141,343.943529
10142,343.943085
10143,343.942255
10144,343.941043
10145,343.939452
10146,343.937491
10147,343.935167
10148,343.932487
10149,343.929459
10150,343.926086
10151,343.922368
10152,343.918298
10153,343.913865
10154,343.909047
10155,343.903816
10156,343.898134
10157,343.891956
10158,343.885228
10159,343.877891
10160,343.869882
10161,343.861134
10162,343.851579
10163,343.841152
10164,343.82979
10165,343.817435
10166,343.804035
10167,343.789547
10168,343.773935
10169,343.757174
10170,343.739248
10171,343.720152
10172,343.699891
10173,343.678481
10174,343.65595
10175,343.632335
10176,343.616956
10177,343.646921
10178,343.675394
10179,343.702324
10180,343.727675
10181,343.751426
10182,343.773566
10183,343.794099
10184,343.813041
10185,343.830419
10186,343.846273
10187,343.860658
10188,343.87364
10189,343.885299
10190,343.89573
10191,343.905038
10192,343.913334
10193,343.920732
10194,343.927336
10195,343.933238
10196,343.938514
10197,343.94322
10198,343.947397
10199,343.951072
10200,343.95426
10201,343.956968
10202,343.959199
10203,343.960953
10204,343.962229
10205,343.963027
10206,343.963349
10207,343.9632
10208,343.96259
10209,343.96153
10210,343.960034
10211,343.958118
10212,343.955799
10213,343.953093
10214,343.95001
10215,343.946558
10216,343.942739
10217,343.938543
10218,343.933955
10219,343.928946
10220,343.923478
10221,343.917502
10222,343.910962
10223,343.903792
10224,343.89592
10225,343.887273
10226,343.877774
10227,343.867348
10228,343.855926
10229,343.843441
10230,343.829836
10231,343.81506
10232,343.799075
10233,343.781849
10234,343.763366
10235,343.743619
10236,343.722611
10237,343.700361
10238,343.676896
10239,343.652258
10240,343.607595
10241,343.637177
10242,343.665412
10243,343.692253
10244,343.717667
10245,343.741634
10246,343.764144
10247,343.7852
10248,343.804817
10249,343.823021
10250,343.839847
10251,343.855344
10252,343.869571
10253,343.882595
10254,343.894497
10255,343.905361
10256,343.915275
10257,343.924326
10258,343.932594
10259,343.940148
10260,343.947042
10261,343.953316
10262,343.958996
10263,343.964098
10264,343.968629
10265,343.97259
10266,343.975978
10267,343.978792
10268,343.98103
10269,343.982693
10270,343.983788
10271,343.984324
10272,343.984316
10273,343.983782
10274,343.982746
10275,343.981233
10276,343.97927
10277,343.97688
10278,343.974087
10279,343.970907
10280,343.967347
10281,343.963407
10282,343.959072
10283,343.954317
10284,343.949102
10285,343.943376
10286,343.937076
10287,343.930129
10288,343.922454
10289,343.913967
10290,343.904583
10291,343.894216
10292,343.882785
10293,343.870217
10294,343.856446
10295,343.841416
10296,343.825082
10297,343.807409
10298,343.788377
10299,343.767978
10300,343.746214
10301,343.723105
10302,343.698679
10303,343.672981
10304,343.598663
10305,343.627881
10306,343.65589
10307,343.682649
10308,343.708128
10309,343.732307
10310,343.755179
10311,343.776747
10312,343.797024
10313,343.816033
10314,343.833807
10315,343.850389
10316,343.865828
10317,343.880183
10318,343.893517
10319,343.905898
10320,343.917394
10321,343.928068
10322,343.937977
10323,343.947169
10324,343.955676
10325,343.96352
10326,343.970712
10327,343.977255
10328,343.983144
10329,343.988372
10330,343.992932
10331,343.996816
10332,344.000025
10333,344.002558
10334,344.004426
10335,344.005643
10336,344.006229
10337,344.006211
10338,344.005623
10339,344.004498
10340,344.002876
10341,344.000792
10342,343.998281
10343,343.99537
10344,343.992075
10345,343.988403
10346,343.984344
10347,343.979875
10348,343.974954
10349,343.969527
10350,343.963523
10351,343.95686
10352,343.949447
10353,343.941187
10354,343.931981
10355,343.921733
10356,343.910352
10357,343.897752
10358,343.88386
10359,343.868611
10360,343.851956
10361,343.833855
10362,343.814285
10363,343.793234
10364,343.770706
10365,343.74672
10366,343.721307
10367,343.694513
10368,343.590204
10369,343.619078
10370,343.646876
10371,343.673561
10372,343.699106
10373,343.723495
10374,343.746721
10375,343.768787
10376,343.789706
10377,343.809499
10378,343.828195
10379,343.84583
10380,343.862448
10381,343.878096
10382,343.892825
10383,343.906686
10384,343.91973
10385,343.931998
10386,343.943528
10387,343.954344
10388,343.964459
10389,343.973876
10390,343.982588
10391,343.990583
10392,343.997842
10393,344.004349
10394,344.01009
10395,344.015053
10396,344.019234
10397,344.022637
10398,344.025272
10399,344.027159
10400,344.028324
10401,344.028805
10402,344.028642
10403,344.027883
10404,344.02658
10405,344.024782
10406,344.022538
10407,344.019886
10408,344.016856
10409,344.013461
10410,344.009699
10411,344.005546
10412,344.000962
10413,343.995885
10414,343.990238
10415,343.983925
10416,343.976843
10417,343.968881
10418,343.959925
10419,343.949864
10420,343.938593
10421,343.926017
10422,343.912051
10423,343.896624
10424,343.879679
10425,343.861172
10426,343.841076
10427,343.819377
10428,343.796078
10429,343.771199
10430,343.744771
10431,343.716846
10432,343.582233
10433,343.610784
10434,343.638386
10435,343.665005
10436,343.690619
10437,343.715214
10438,343.738784
10439,343.761334
10440,343.782875
10441,343.803426
10442,343.823015
10443,343.841672
10444,343.859433
10445,343.876337
10446,343.892424
10447,343.907731
10448,343.92229
10449,343.936128
10450,343.94926
10451,343.96169
10452,343.97341
10453,343.984404
10454,343.994643
10455,344.004099
10456,344.01274
10457,344.020535
10458,344.027463
10459,344.033507
10460,344.03866
10461,344.042926
10462,344.046316
10463,344.048856
10464,344.050579
10465,344.051531
10466,344.051765
10467,344.051341
10468,344.050325
10469,344.048785
10470,344.046783
10471,344.044374
10472,344.041602
10473,344.038489
10474,344.03504
10475,344.031234
10476,344.027029
10477,344.022358
10478,344.01713
10479,344.011241
10480,344.004567
10481,343.996981
10482,343.988351
10483,343.978549
10484,343.967456
10485,343.954962
10486,343.940974
10487,343.925412
10488,343.90821
10489,343.889322
10490,343.868715
10491,343.846373
10492,343.8223
10493,343.796513
10494,343.769048
10495,343.739958
10496,343.574743
10497,343.602991
10498,343.63041
10499,343.656971
10500,343.682655
10501,343.707451
10502,343.731354
10503,343.754371
10504,343.776512
10505,343.797796
10506,343.818247
10507,343.837891
10508,343.856759
10509,343.874882
10510,343.89229
10511,343.909008
10512,343.925054
10513,343.940438
10514,343.955156
10515,343.969192
10516,343.982518
10517,343.995093
10518,344.00687
10519,344.017798
10520,344.027829
10521,344.036921
10522,344.045039
10523,344.052163
10524,344.058281
10525,344.063397
10526,344.067525
10527,344.070695
10528,344.072948
10529,344.074337
10530,344.07493
10531,344.074801
10532,344.074032
10533,344.07271
10534,344.070918
10535,344.068728
10536,344.066199
10537,344.063368
10538,344.060246
10539,344.056816
10540,344.053034
10541,344.048824
10542,344.044087
10543,344.038698
10544,344.032516
10545,344.02539
10546,344.017168
10547,344.007703
10548,343.996858
10549,343.98451
10550,343.970554
10551,343.954901
10552,343.93748
10553,343.918237
10554,343.897137
10555,343.874162
10556,343.849312
10557,343.822606
10558,343.794082
10559,343.763796
10560,343.567709
10561,343.595673
10562,343.622922
10563,343.649431
10564,343.675184
10565,343.700174
10566,343.724398
10567,343.747862
10568,343.77058
10569,343.792567
10570,343.813847
10571,343.834442
10572,343.854379
10573,343.873683
10574,343.892375
10575,343.91047
10576,343.927974
10577,343.944882
10578,343.961172
10579,343.976809
10580,343.991743
10581,344.005907
10582,344.019232
10583,344.031643
10584,344.043073
10585,344.053465
10586,344.062774
10587,344.070972
10588,344.078045
10589,344.083994
10590,344.088837
10591,344.092608
10592,344.095355
10593,344.097143
10594,344.098049
10595,344.098165
10596,344.097594
10597,344.096443
10598,344.094817
10599,344.092812
10600,344.090507
10601,344.087951
10602,344.085166
10603,344.08214
10604,344.078824
10605,344.075136
10606,344.070961
10607,344.066155
10608,344.060554
10609,344.053979
10610,344.046252
10611,344.037205
10612,344.026682
10613,344.014545
10614,344.000678
10615,343.984982
10616,343.967379
10617,343.947811
10618,343.926238
10619,343.902641
10620,343.877017
10621,343.849387
10622,343.819787
10623,343.788279
10624,343.561094
10625,343.588792
10626,343.615881
10627,343.642341
10628,343.668162
10629,343.693335
10630,343.717864
10631,343.741756
10632,343.765023
10633,343.787682
10634,343.809754
10635,343.831262
10636,343.852229
10637,343.872672
10638,343.892609
10639,343.912045
10640,343.930977
10641,343.949385
10642,343.967233
10643,343.984467
10644,344.001011
10645,344.016774
10646,344.031657
10647,344.045561
10648,344.058397
10649,344.070091
10650,344.080586
10651,344.089848
10652,344.097859
10653,344.10462
10654,344.11015
10655,344.114489
10656,344.117691
10657,344.11983
10658,344.120999
10659,344.121305
10660,344.120873
10661,344.119834
10662,344.118323
10663,344.116462
10664,344.114352
10665,344.11206
10666,344.109619
10667,344.10702
10668,344.104213
10669,344.101107
10670,344.097571
10671,344.093436
10672,344.088509
10673,344.082579
10674,344.075439
10675,344.066893
10676,344.056766
10677,344.044905
10678,344.031182
10679,344.01549
10680,343.997745
10681,343.977883
10682,343.955862
10683,343.931659
10684,343.90527
10685,343.876713
10686,343.846029
10687,343.813279
10688,343.554853
10689,343.582299
10690,343.609236
10691,343.63565
10692,343.661531
10693,343.686878
10694,343.711694
10695,343.735988
10696,343.759774
10697,343.78307
10698,343.805896
10699,343.828275
10700,343.850225
10701,343.871764
10702,343.892902
10703,343.913639
10704,343.933964
10705,343.953846
10706,343.973235
10707,343.992057
10708,344.010214
10709,344.027584
10710,344.044036
10711,344.05944
10712,344.073683
10713,344.086674
10714,344.098345
10715,344.108654
10716,344.117581
10717,344.125127
10718,344.131313
10719,344.136182
10720,344.139797
10721,344.142239
10722,344.143615
10723,344.144049
10724,344.14369
10725,344.142699
10726,344.141243
10727,344.139477
10728,344.137528
10729,344.135485
10730,344.133389
10731,344.131238
10732,344.128981
10733,344.126515
10734,344.123693
10735,344.120319
10736,344.116163
10737,344.110975
10738,344.104511
10739,344.096547
10740,344.086888
10741,344.075366
10742,344.061841
10743,344.046199
10744,344.028351
10745,344.008229
10746,343.985787
10747,343.960998
10748,343.933857
10749,343.904382
10750,343.872611
10751,343.83861
10752,343.548935
10753,343.576141
10754,343.602932
10755,343.629298
10756,343.655232
10757,343.680737
10758,343.705817
10759,343.730486
10760,343.754758
10761,343.778652
10762,343.802189
10763,343.825391
10764,343.848276
10765,343.870859
10766,343.893148
10767,343.91514
10768,343.936815
10769,343.958136
10770,343.979041
10771,343.999437
10772,344.019202
10773,344.038184
10774,344.056209
10775,344.073113
10776,344.088756
10777,344.10303
10778,344.115858
10779,344.12719
10780,344.137005
10781,344.145304
10782,344.152111
10783,344.157471
10784,344.161453
10785,344.16415
10786,344.165677
10787,344.166178
10788,344.165823
10789,344.164809
10790,344.163342
10791,344.161619
10792,344.159795
10793,344.157979
10794,344.156227
10795,344.15454
10796,344.152866
10797,344.151093
10798,344.149056
10799,344.14653
10800,344.143242
10801,344.138889
10802,344.133185
10803,344.125878
10804,344.11675
10805,344.105622
10806,344.092344
10807,344.076797
10808,344.058885
10809,344.038537
10810,344.015703
10811,343.990355
10812,343.962485
10813,343.932107
10814,343.899262
10815,343.864013
10816,343.543288
10817,343.570263
10818,343.596909
10819,343.623222
10820,343.649198
10821,343.674842
10822,343.700162
10823,343.725174
10824,343.749894
10825,343.774342
10826,343.798542
10827,343.822514
10828,343.846278
10829,343.869848
10830,343.89323
10831,343.916418
10832,343.939391
10833,343.962102
10834,343.984482
10835,344.006423
10836,344.027781
10837,344.048366
10838,344.067958
10839,344.086347
10840,344.103369
10841,344.118899
10842,344.132852
10843,344.145174
10844,344.155842
10845,344.164857
10846,344.172245
10847,344.178057
10848,344.182365
10849,344.185269
10850,344.186897
10851,344.187407
10852,344.186993
10853,344.185885
10854,344.184344
10855,344.182612
10856,344.180877
10857,344.179269
10858,344.177854
10859,344.17664
10860,344.175573
10861,344.174534
10862,344.173341
10863,344.171739
10864,344.169405
10865,344.165968
10866,344.161095
10867,344.154503
10868,344.145959
10869,344.135269
10870,344.122279
10871,344.106863
10872,344.088923
10873,344.068384
10874,344.045193
10875,344.019318
10876,343.99075
10877,343.959501
10878,343.925606
10879,343.889133
10880,343.537857
10881,343.564605
10882,343.591107
10883,343.617358
10884,343.643361
10885,343.669122
10886,343.694654
10887,343.719972
10888,343.745098
10889,343.770053
10890,343.79486
10891,343.819543
10892,343.844122
10893,343.868612
10894,343.893018
10895,343.917334
10896,343.941534
10897,343.96557
10898,343.989364
10899,344.012797
10900,344.035705
10901,344.057864
10902,344.07899
10903,344.098827
10904,344.117183
10905,344.133924
10906,344.148955
10907,344.162221
10908,344.173697
10909,344.183386
10910,344.191316
10911,344.19754
10912,344.202137
10913,344.205211
10914,344.2069
10915,344.207375
10916,344.206851
10917,344.205592
10918,344.203925
10919,344.202144
10920,344.200471
10921,344.199053
10922,344.197967
10923,344.197226
10924,344.196776
10925,344.196492
10926,344.196176
10927,344.195548
10928,344.194233
10929,344.191765
10930,344.187764
10931,344.181923
10932,344.173993
10933,344.163772
10934,344.151099
10935,344.135845
10936,344.117909
10937,344.097213
10938,344.073702
10939,344.047342
10940,344.018119
10941,343.986041
10942,343.951143
10943,343.913489
10944,343.532586
10945,343.559111
10946,343.585463
10947,343.611642
10948,343.637653
10949,343.663506
10950,343.689216
10951,343.714803
10952,343.740287
10953,343.765693
10954,343.791048
10955,343.816376
10956,343.841699
10957,343.867031
10958,343.89238
10959,343.917738
10960,343.943079
10961,343.968352
10962,343.993471
10963,344.018309
10964,344.042683
10965,344.066337
10966,344.08892
10967,344.110127
10968,344.129745
10969,344.147625
10970,344.16367
10971,344.177821
10972,344.190052
10973,344.200368
10974,344.208798
10975,344.215398
10976,344.220252
10977,344.223471
10978,344.225198
10979,344.225618
10980,344.224964
10981,344.223534
10982,344.221723
10983,344.219881
10984,344.218258
10985,344.217019
10986,344.216252
10987,344.215975
10988,344.216132
10989,344.216594
10990,344.21715
10991,344.217492
10992,344.217201
10993,344.215703
10994,344.212576
10995,344.207489
10996,344.200179
10997,344.190438
10998,344.178099
10999,344.163029
11000,344.145125
11001,344.124307
11002,344.100518
11003,344.073719
11004,344.043895
11005,344.01105
11006,343.975216
11007,343.936454
11008,343.527424
11009,343.553725
11010,343.57992
11011,343.606012
11012,343.63201
11013,343.657926
11014,343.683778
11015,343.709587
11016,343.735378
11017,343.761177
11018,343.787013
11019,343.812912
11020,343.838897
11021,343.864985
11022,343.891184
11023,343.917485
11024,343.943861
11025,343.970259
11026,343.996587
11027,344.022705
11028,344.048413
11029,344.07342
11030,344.097326
11031,344.119784
11032,344.140558
11033,344.159486
11034,344.176463
11035,344.191426
11036,344.204351
11037,344.215241
11038,344.224128
11039,344.231072
11040,344.236159
11041,344.239505
11042,344.241266
11043,344.241636
11044,344.240871
11045,344.239301
11046,344.237373
11047,344.235485
11048,344.233918
11049,344.232856
11050,344.232398
11051,344.232564
11052,344.233301
11053,344.234472
11054,344.235849
11055,344.237099
11056,344.237753
11057,344.237166
11058,344.23487
11059,344.230506
11060,344.223799
11061,344.21453
11062,344.202528
11063,344.187656
11064,344.169808
11065,344.148902
11066,344.124877
11067,344.097695
11068,344.067336
11069,344.033801
11070,343.997119
11071,343.957351
11072,343.52232
11073,343.548394
11074,343.574421
11075,343.600409
11076,343.626369
11077,343.652314
11078,343.678267
11079,343.704251
11080,343.730292
11081,343.75642
11082,343.782665
11083,343.809054
11084,343.835613
11085,343.86236
11086,343.889302
11087,343.916433
11088,343.943723
11089,343.971115
11090,343.998511
11091,344.025759
11092,344.052638
11093,344.078832
11094,344.103901
11095,344.127465
11096,344.149266
11097,344.169129
11098,344.186941
11099,344.202634
11100,344.216182
11101,344.22759
11102,344.236891
11103,344.244147
11104,344.249448
11105,344.252918
11106,344.254718
11107,344.255061
11108,344.25422
11109,344.252555
11110,344.250554
11111,344.248652
11112,344.247158
11113,344.246274
11114,344.24611
11115,344.246693
11116,344.247966
11117,344.249785
11118,344.251907
11119,344.253972
11120,344.255468
11121,344.2557
11122,344.254159
11123,344.250465
11124,344.244321
11125,344.235502
11126,344.223828
11127,344.209159
11128,344.191386
11129,344.170426
11130,344.146214
11131,344.11871
11132,344.087891
11133,344.053758
11134,344.016336
11135,343.975685
11136,343.517228
11137,343.543069
11138,343.568916
11139,343.594779
11140,343.620672
11141,343.646611
11142,343.672621
11143,343.698727
11144,343.724958
11145,343.751345
11146,343.777919
11147,343.804712
11148,343.831748
11149,343.859048
11150,343.886619
11151,343.914455
11152,343.942523
11153,343.970763
11154,343.999069
11155,344.027279
11156,344.055154
11157,344.082354
11158,344.108411
11159,344.132922
11160,344.155607
11161,344.176279
11162,344.194816
11163,344.211147
11164,344.225243
11165,344.237109
11166,344.246778
11167,344.254316
11168,344.259817
11169,344.26341
11170,344.265267
11171,344.265612
11172,344.264736
11173,344.263026
11174,344.260999
11175,344.259118
11176,344.257716
11177,344.257012
11178,344.257127
11179,344.258091
11180,344.259845
11181,344.26224
11182,344.265016
11183,344.267787
11184,344.270012
11185,344.270958
11186,344.270084
11187,344.266986
11188,344.261353
11189,344.252947
11190,344.241583
11191,344.227116
11192,344.209436
11193,344.188454
11194,344.164106
11195,344.136347
11196,344.105155
11197,344.070526
11198,344.032486
11199,343.991096
11200,343.512107
11201,343.537706
11202,343.563357
11203,343.589072
11204,343.614867
11205,343.640761
11206,343.666781
11207,343.692952
11208,343.719308
11209,343.74588
11210,343.772701
11211,343.799804
11212,343.827215
11213,343.854955
11214,343.883031
11215,343.911436
11216,343.940137
11217,343.969068
11218,343.998116
11219,344.02711
11220,344.055797
11221,344.083817
11222,344.110683
11223,344.135971
11224,344.159388
11225,344.180734
11226,344.199879
11227,344.21675
11228,344.231313
11229,344.243573
11230,344.253565
11231,344.261356
11232,344.267044
11233,344.270765
11234,344.272696
11235,344.273074
11236,344.272207
11237,344.270499
11238,344.268489
11239,344.266663
11240,344.265373
11241,344.26485
11242,344.265224
11243,344.266529
11244,344.268705
11245,344.271594
11246,344.274925
11247,344.278293
11248,344.281131
11249,344.282679
11250,344.282373
11251,344.279789
11252,344.274602
11253,344.266566
11254,344.255487
11255,344.241219
11256,344.223644
11257,344.202674
11258,344.178242
11259,344.150302
11260,344.118828
11261,344.083817
11262,344.045295
11263,344.003321
11264,343.50692
11265,343.532266
11266,343.557703
11267,343.583244
11268,343.608908
11269,343.634716
11270,343.660694
11271,343.686873
11272,343.713285
11273,343.739964
11274,343.766945
11275,343.794261
11276,343.821939
11277,343.85
11278,343.878452
11279,343.907285
11280,343.936465
11281,343.965921
11282,343.995538
11283,344.025133
11284,344.054442
11285,344.083094
11286,344.110586
11287,344.13648
11288,344.160471
11289,344.18235
11290,344.201982
11291,344.219288
11292,344.234233
11293,344.246822
11294,344.25709
11295,344.265106
11296,344.27097
11297,344.274821
11298,344.276847
11299,344.27729
11300,344.276471
11301,344.274808
11302,344.272856
11303,344.271117
11304,344.269954
11305,344.269611
11306,344.270222
11307,344.271825
11308,344.274358
11309,344.277658
11310,344.281443
11311,344.285296
11312,344.28863
11313,344.290668
11314,344.290828
11315,344.288671
11316,344.283863
11317,344.276146
11318,344.265324
11319,344.251244
11320,344.233788
11321,344.212864
11322,344.188403
11323,344.160357
11324,344.1287
11325,344.093428
11326,344.054566
11327,344.012175
11328,343.501635
11329,343.526716
11330,343.551919
11331,343.577259
11332,343.602756
11333,343.628433
11334,343.654318
11335,343.680442
11336,343.70684
11337,343.733546
11338,343.760597
11339,343.788024
11340,343.815858
11341,343.844117
11342,343.872809
11343,343.901925
11344,343.931427
11345,343.961241
11346,343.991247
11347,344.021258
11348,344.051001
11349,344.080095
11350,344.108028
11351,344.134354
11352,344.158759
11353,344.181028
11354,344.201021
11355,344.218657
11356,344.233898
11357,344.246749
11358,344.257245
11359,344.265455
11360,344.271482
11361,344.27547
11362,344.277608
11363,344.278147
11364,344.277414
11365,344.275836
11366,344.273978
11367,344.272352
11368,344.27133
11369,344.271161
11370,344.271985
11371,344.27384
11372,344.276665
11373,344.280291
11374,344.28443
11375,344.288656
11376,344.292373
11377,344.294789
11378,344.295312
11379,344.293494
11380,344.288991
11381,344.281542
11382,344.270946
11383,344.257045
11384,344.239719
11385,344.218875
11386,344.194442
11387,344.166371
11388,344.134633
11389,344.099226
11390,344.060172
11391,344.017535
11392,343.496228
11393,343.52103
11394,343.545978
11395,343.571087
11396,343.59638
11397,343.621879
11398,343.647616
11399,343.673623
11400,343.699933
11401,343.726584
11402,343.753612
11403,343.781049
11404,343.808923
11405,343.837256
11406,343.866053
11407,343.895303
11408,343.924966
11409,343.954969
11410,343.985185
11411,344.015425
11412,344.045412
11413,344.074759
11414,344.102951
11415,344.129535
11416,344.154193
11417,344.176708
11418,344.196936
11419,344.214793
11420,344.230243
11421,344.243287
11422,344.253962
11423,344.262336
11424,344.268515
11425,344.272643
11426,344.274911
11427,344.275574
11428,344.274961
11429,344.273505
11430,344.271775
11431,344.270286
11432,344.269416
11433,344.269415
11434,344.270425
11435,344.272486
11436,344.275535
11437,344.279402
11438,344.283797
11439,344.288287
11440,344.292272
11441,344.294956
11442,344.29574
11443,344.294171
11444,344.289902
11445,344.282668
11446,344.272265
11447,344.258533
11448,344.24135
11449,344.220621
11450,344.196274
11451,344.168258
11452,344.136546
11453,344.101131
11454,344.06204
11455,344.019333
11456,343.49068
11457,343.515188
11458,343.539858
11459,343.564706
11460,343.589755
11461,343.61503
11462,343.640563
11463,343.666387
11464,343.692536
11465,343.719049
11466,343.74596
11467,343.773302
11468,343.801104
11469,343.829385
11470,343.858149
11471,343.887384
11472,343.91705
11473,343.94707
11474,343.977318
11475,344.007602
11476,344.037644
11477,344.067057
11478,344.095325
11479,344.121993
11480,344.146745
11481,344.169361
11482,344.189697
11483,344.207669
11484,344.223239
11485,344.236409
11486,344.247213
11487,344.255722
11488,344.262039
11489,344.266309
11490,344.268724
11491,344.269537
11492,344.269078
11493,344.267779
11494,344.266208
11495,344.26488
11496,344.26417
11497,344.264329
11498,344.265499
11499,344.267719
11500,344.270925
11501,344.274949
11502,344.2795
11503,344.284147
11504,344.288289
11505,344.29113
11506,344.292074
11507,344.290667
11508,344.286561
11509,344.279489
11510,344.269247
11511,344.255675
11512,344.238648
11513,344.21807
11514,344.193869
11515,344.165992
11516,344.134411
11517,344.099121
11518,344.060144
11519,344.017545
11520,343.48498
11521,343.509178
11522,343.533545
11523,343.5581
11524,343.582866
11525,343.607869
11526,343.633141
11527,343.658716
11528,343.68463
11529,343.71092
11530,343.737621
11531,343.764766
11532,343.792382
11533,343.820486
11534,343.849082
11535,343.878156
11536,343.907667
11537,343.937536
11538,343.967638
11539,343.997783
11540,344.027693
11541,344.056987
11542,344.085149
11543,344.111731
11544,344.136418
11545,344.158992
11546,344.179311
11547,344.197291
11548,344.212894
11549,344.22612
11550,344.237005
11551,344.245617
11552,344.252059
11553,344.256474
11554,344.259051
11555,344.260041
11556,344.259769
11557,344.258661
11558,344.25728
11559,344.256135
11560,344.255594
11561,344.255906
11562,344.25721
11563,344.259541
11564,344.262839
11565,344.266936
11566,344.271545
11567,344.276241
11568,344.280429
11569,344.283321
11570,344.284325
11571,344.282992
11572,344.278978
11573,344.272019
11574,344.261909
11575,344.248489
11576,344.231633
11577,344.211244
11578,344.187249
11579,344.159595
11580,344.128252
11581,344.093215
11582,344.054508
11583,344.012192
11584,343.479122
11585,343.502994
11586,343.527034
11587,343.551263
11588,343.575705
11589,343.600386
11590,343.62534
11591,343.650601
11592,343.676206
11593,343.70219
11594,343.72859
11595,343.755436
11596,343.782753
11597,343.810559
11598,343.838855
11599,343.867625
11600,343.896826
11601,343.92638
11602,343.956164
11603,343.985988
11604,344.015583
11605,344.044573
11606,344.072452
11607,344.098778
11608,344.123244
11609,344.145637
11610,344.165816
11611,344.183699
11612,344.199249
11613,344.212464
11614,344.223381
11615,344.232065
11616,344.238618
11617,344.243179
11618,344.245934
11619,344.247127
11620,344.247075
11621,344.246194
11622,344.245035
11623,344.244095
11624,344.243735
11625,344.244193
11626,344.245603
11627,344.248001
11628,344.251325
11629,344.255412
11630,344.259983
11631,344.26462
11632,344.268744
11633,344.27158
11634,344.272546
11635,344.271204
11636,344.267217
11637,344.260323
11638,344.250318
11639,344.237045
11640,344.220376
11641,344.200215
11642,344.176487
11643,344.14914
11644,344.118142
11645,344.083487
11646,344.0452
11647,344.003342
11648,343.47311
11649,343.496638
11650,343.520327
11651,343.544197
11652,343.568272
11653,343.592583
11654,343.617161
11655,343.642042
11656,343.667263
11657,343.692861
11658,343.718869
11659,343.745317
11660,343.77223
11661,343.79962
11662,343.827488
11663,343.855816
11664,343.88456
11665,343.913642
11666,343.942939
11667,343.972268
11668,344.001368
11669,344.029873
11670,344.057293
11671,344.083199
11672,344.107292
11673,344.129367
11674,344.149287
11675,344.166972
11676,344.182385
11677,344.195525
11678,344.206425
11679,344.21515
11680,344.221798
11681,344.226507
11682,344.229454
11683,344.230875
11684,344.231077
11685,344.23046
11686,344.229557
11687,344.228848
11688,344.228679
11689,344.229278
11690,344.230772
11691,344.233192
11692,344.23648
11693,344.240475
11694,344.244911
11695,344.249385
11696,344.253335
11697,344.256009
11698,344.256843
11699,344.255413
11700,344.251389
11701,344.244518
11702,344.234597
11703,344.221469
11704,344.205008
11705,344.185116
11706,344.161717
11707,344.134759
11708,344.104209
11709,344.070063
11710,344.032342
11711,343.991109
11712,343.466954
11713,343.490122
11714,343.513434
11715,343.53691
11716,343.560577
11717,343.584466
11718,343.60861
11719,343.633047
11720,343.657813
11721,343.682944
11722,343.708474
11723,343.73443
11724,343.760835
11725,343.787699
11726,343.81502
11727,343.842777
11728,343.870924
11729,343.899384
11730,343.928035
11731,343.956701
11732,343.985131
11733,344.012978
11734,344.039768
11735,344.065094
11736,344.088668
11737,344.110296
11738,344.129844
11739,344.147235
11740,344.162431
11741,344.175431
11742,344.186267
11743,344.195001
11744,344.201729
11745,344.206582
11746,344.209734
11747,344.211409
11748,344.211898
11749,344.211583
11750,344.210973
11751,344.210523
11752,344.210559
11753,344.211295
11754,344.21285
11755,344.215252
11756,344.218443
11757,344.22227
11758,344.226477
11759,344.230683
11760,344.234352
11761,344.236762
11762,344.237374
11763,344.235782
11764,344.231669
11765,344.224785
11766,344.214933
11767,344.201955
11768,344.185726
11769,344.166146
11770,344.143138
11771,344.11665
11772,344.08665
11773,344.053131
11774,344.016117
11775,343.975668
11776,343.460673
11777,343.483464
11778,343.506373
11779,343.529421
11780,343.552636
11781,343.576052
11782,343.599705
11783,343.623633
11784,343.647873
11785,343.672461
11786,343.697429
11787,343.722804
11788,343.748605
11789,343.77484
11790,343.801503
11791,343.82857
11792,343.855993
11793,343.883693
11794,343.911552
11795,343.939398
11796,343.966995
11797,343.994015
11798,344.020014
11799,344.044609
11800,344.06753
11801,344.08859
11802,344.107662
11803,344.124669
11804,344.139573
11805,344.152372
11806,344.163097
11807,344.171806
11808,344.178594
11809,344.183587
11810,344.186951
11811,344.1889
11812,344.18971
11813,344.189736
11814,344.189455
11815,344.18929
11816,344.189544
11817,344.190416
11818,344.192013
11819,344.19436
11820,344.1974
11821,344.200987
11822,344.204879
11823,344.208718
11824,344.212003
11825,344.214053
11826,344.214363
11827,344.212548
11828,344.208301
11829,344.201381
11830,344.191591
11831,344.178775
11832,344.162806
11833,344.143583
11834,344.12103
11835,344.095092
11836,344.065737
11837,344.03296
11838,343.996782
11839,343.957265
11840,343.454296
11841,343.476694
11842,343.499172
11843,343.521754
11844,343.544473
11845,343.567364
11846,343.590467
11847,343.613821
11848,343.637466
11849,343.661437
11850,343.685765
11851,343.710476
11852,343.735584
11853,343.761097
11854,343.787003
11855,343.813275
11856,343.839861
11857,343.866682
11858,343.893618
11859,343.920506
11860,343.94712
11861,343.97316
11862,343.99822
11863,344.021948
11864,344.044095
11865,344.064482
11866,344.082985
11867,344.099528
11868,344.114072
11869,344.126613
11870,344.137179
11871,344.145828
11872,344.152651
11873,344.157769
11874,344.161345
11875,344.163582
11876,344.164738
11877,344.16514
11878,344.165221
11879,344.165364
11880,344.165847
11881,344.166849
11882,344.168472
11883,344.170734
11884,344.173579
11885,344.176867
11886,344.180369
11887,344.183753
11888,344.186561
11889,344.188169
11890,344.188114
11891,344.18603
11892,344.181623
11893,344.174655
11894,344.164934
11895,344.152299
11896,344.136625
11897,344.117809
11898,344.095773
11899,344.070462
11900,344.041843
11901,344.009911
11902,343.974688
11903,343.936234
11904,343.447862
11905,343.469851
11906,343.491869
11907,343.513945
11908,343.536119
11909,343.55843
11910,343.580923
11911,343.60364
11912,343.626623
11913,343.649906
11914,343.673521
11915,343.697489
11916,343.721826
11917,343.746532
11918,343.771595
11919,343.796981
11920,343.822637
11921,343.848479
11922,343.874389
11923,343.900205
11924,343.925715
11925,343.950644
11926,343.97464
11927,343.997393
11928,344.018668
11929,344.038294
11930,344.056151
11931,344.072161
11932,344.086283
11933,344.098512
11934,344.108873
11935,344.117422
11936,344.124248
11937,344.129469
11938,344.133242
11939,344.135763
11940,344.137274
11941,344.138073
11942,344.138536
11943,344.138998
11944,344.139708
11945,344.140833
11946,344.142465
11947,344.144619
11948,344.147239
11949,344.15019
11950,344.153254
11951,344.156121
11952,344.158377
11953,344.15949
11954,344.159033
11955,344.15666
11956,344.152088
11957,344.145081
11958,344.135446
11959,344.123024
11960,344.107687
11961,344.08933
11962,344.067875
11963,344.043265
11964,344.015466
11965,343.984473
11966,343.950307
11967,343.913029
11968,343.441426
11969,343.462986
11970,343.48451
11971,343.506036
11972,343.527611
11973,343.549284
11974,343.571106
11975,343.593122
11976,343.615376
11977,343.637904
11978,343.660736
11979,343.683893
11980,343.707387
11981,343.731215
11982,343.755361
11983,343.779789
11984,343.80444
11985,343.829229
11986,343.854037
11987,343.878707
11988,343.903035
11989,343.926773
11990,343.949628
11991,343.971333
11992,343.99167
11993,344.010474
11994,344.027625
11995,344.043045
11996,344.056692
11997,344.068559
11998,344.078668
11999,344.087074
12000,344.093862
12001,344.099149
12002,344.103085
12003,344.10586
12004,344.107701
12005,344.108882
12006,344.10971
12007,344.110472
12008,344.111391
12009,344.112622
12010,344.114246
12011,344.116279
12012,344.118662
12013,344.121265
12014,344.123881
12015,344.12622
12016,344.127913
12017,344.128527
12018,344.127675
12019,344.125029
12020,344.120312
12021,344.113293
12022,344.10378
12023,344.091612
12024,344.076661
12025,344.05882
12026,344.03801
12027,344.014172
12028,343.987272
12029,343.9573
12030,343.924277
12031,343.888261
12032,343.435058
12033,343.456167
12034,343.477155
12035,343.498076
12036,343.518992
12037,343.539964
12038,343.56105
12039,343.582301
12040,343.603761
12041,343.625469
12042,343.647454
12043,343.669736
12044,343.692323
12045,343.715212
12046,343.738382
12047,343.761795
12048,343.785389
12049,343.809077
12050,343.832741
12051,343.856229
12052,343.879351
12053,343.901884
12054,343.923582
12055,343.944214
12056,343.96358
12057,343.981523
12058,343.997928
12059,344.012716
12060,344.025845
12061,344.037303
12062,344.047113
12063,344.055327
12064,344.062027
12065,344.067327
12066,344.071372
12067,344.074341
12068,344.076448
12069,344.077934
12070,344.079061
12071,344.08007
12072,344.08116
12073,344.082468
12074,344.084071
12075,344.085977
12076,344.088131
12077,344.090407
12078,344.092609
12079,344.094474
12080,344.095677
12081,344.095855
12082,344.094662
12083,344.091792
12084,344.08698
12085,344.079998
12086,344.070657
12087,344.058797
12088,344.044288
12089,344.027025
12090,344.006924
12091,343.983928
12092,343.957998
12093,343.929121
12094,343.897312
12095,343.862621
12096,343.428856
12097,343.449481
12098,343.469874
12099,343.490122
12100,343.510308
12101,343.530509
12102,343.55079
12103,343.571208
12104,343.591812
12105,343.612638
12106,343.633716
12107,343.655065
12108,343.676692
12109,343.69859
12110,343.720737
12111,343.743093
12112,343.765595
12113,343.788156
12114,343.81066
12115,343.832961
12116,343.854886
12117,343.876233
12118,343.896791
12119,343.916354
12120,343.934743
12121,343.951811
12122,343.967446
12123,343.981571
12124,343.994143
12125,344.005152
12126,344.014616
12127,344.022586
12128,344.02914
12129,344.034389
12130,344.03847
12131,344.041554
12132,344.043836
12133,344.045533
12134,344.046868
12135,344.048053
12136,344.049259
12137,344.05061
12138,344.052174
12139,344.053957
12140,344.055905
12141,344.057898
12142,344.059755
12143,344.061236
12144,344.062054
12145,344.061895
12146,344.06045
12147,344.057436
12148,344.0526
12149,344.045722
12150,344.036617
12151,344.025127
12152,344.011124
12153,343.994502
12154,343.975178
12155,343.953092
12156,343.928201
12157,343.900488
12158,343.869954
12159,343.836633
12160,343.42296
12161,343.443038
12162,343.462749
12163,343.482232
12164,343.501602
12165,343.520953
12166,343.540357
12167,343.559876
12168,343.579559
12169,343.599445
12170,343.61956
12171,343.639924
12172,343.660542
12173,343.681407
12174,343.702495
12175,343.723765
12176,343.745154
12177,343.766578
12178,343.787924
12179,343.809055
12180,343.82981
12181,343.850007
12182,343.869456
12183,343.887975
12184,343.905399
12185,343.921591
12186,343.936444
12187,343.949885
12188,343.961872
12189,343.972392
12190,343.981464
12191,343.989135
12192,343.995481
12193,344.000606
12194,344.004642
12195,344.007748
12196,344.010105
12197,344.011908
12198,344.013356
12199,344.014633
12200,344.015894
12201,344.017249
12202,344.01876
12203,344.02043
12204,344.022205
12205,344.023975
12206,344.02557
12207,344.026773
12208,344.027325
12209,344.026947
12210,344.025359
12211,344.022298
12212,344.017525
12213,344.010831
12214,344.002035
12215,343.990986
12216,343.977556
12217,343.961642
12218,343.943163
12219,343.922055
12220,343.898275
12221,343.871794
12222,343.8426
12223,343.810695
12224,343.417588
12225,343.436978
12226,343.455862
12227,343.474458
12228,343.492912
12229,343.511326
12230,343.529778
12231,343.548331
12232,343.567032
12233,343.585919
12234,343.60502
12235,343.624351
12236,343.643918
12237,343.663713
12238,343.683712
12239,343.703875
12240,343.724141
12241,343.744429
12242,343.764631
12243,343.784619
12244,343.804241
12245,343.82333
12246,343.841712
12247,343.85922
12248,343.8757
12249,343.891025
12250,343.905094
12251,343.917837
12252,343.929212
12253,343.939209
12254,343.947843
12255,343.95516
12256,343.961232
12257,343.966158
12258,343.970062
12259,343.973095
12260,343.975423
12261,343.977227
12262,343.978689
12263,343.979976
12264,343.981229
12265,343.982549
12266,343.983992
12267,343.98556
12268,343.987204
12269,343.988816
12270,343.990241
12271,343.991276
12272,343.991685
12273,343.991212
12274,343.989597
12275,343.986595
12276,343.981982
12277,343.975559
12278,343.967152
12279,343.956616
12280,343.943829
12281,343.928692
12282,343.911124
12283,343.891064
12284,343.868467
12285,343.843299
12286,343.81553
12287,343.785117
12288,343.068404
12289,343.206981
12290,342.747207
12291,343.351427
12292,343.053327
12293,343.189739
12294,342.73635
12295,343.337543
12296,342.435184
12297,342.56821
12298,342.126076
12299,342.712346
