0,345.694562
1,345.756275
2,345.881151
3,346.151486
4,346.855421
5,346.977576
6,347.051759
7,347.124125
8,347.192698
9,347.251096
10,347.298425
11,347.335137
12,347.361822
13,347.378866
14,347.386359
15,347.38408
16,347.371508
17,347.34792
18,347.312768
19,347.267034
20,347.217891
21,347.152425
22,346.954637
23,346.363862
24,346.148147
25,346.055561
26,346.007369
27,345.978341
28,345.95992
29,345.948863
30,345.943719
31,345.943727
32,345.948461
33,345.957707
34,345.97143
35,345.989755
36,346.012974
37,346.041559
38,346.076188
39,346.117798
40,346.167691
41,346.227803
42,346.301471
43,346.395795
44,346.529131
45,346.755232
46,347.241526
47,348.523375
48,348.675662
49,348.780724
50,348.895043
51,348.9948
52,349.075367
53,349.137327
54,349.182353
55,349.212044
56,349.227629
57,349.229923
58,349.219348
59,349.196011
60,349.159901
61,349.111562
62,349.054311
63,349.001639
64,345.702787
65,345.765616
66,345.89234
67,346.165377
68,346.874046
69,346.996923
70,347.072909
71,347.147247
72,347.217732
73,347.277796
74,347.326508
75,347.364324
76,347.391843
77,347.409457
78,347.41726
79,347.415023
80,347.402217
81,347.378107
82,347.342138
83,347.295331
84,347.245055
85,347.178621
86,346.979971
87,346.386261
88,346.168909
89,346.07519
90,346.026168
91,345.996546
92,345.977732
93,345.966456
94,345.961251
95,345.961341
96,345.96629
97,345.975881
98,345.990076
99,346.009004
100,346.032966
101,346.062445
102,346.098138
103,346.141007
104,346.192382
105,346.254236
106,346.329954
107,346.42669
108,346.562876
109,346.792419
110,347.283213
111,348.572509
112,348.725551
113,348.833406
114,348.950745
115,349.053146
116,349.13586
117,349.199476
118,349.245696
119,349.276155
120,349.292109
121,349.294391
122,349.283433
123,349.259341
124,349.222099
125,349.172252
126,349.113184
127,349.058751
128,345.712313
129,345.776248
130,345.904892
131,346.180808
132,346.894431
133,347.017971
134,347.09571
135,347.172072
136,347.244606
137,347.306504
138,347.356773
139,347.395859
140,347.424364
141,347.442683
142,347.450909
143,347.448811
144,347.435853
145,347.411291
146,347.374582
147,347.326801
148,347.275538
149,347.208314
150,347.008935
151,346.412396
152,346.193421
153,346.098588
154,346.048764
155,346.018584
156,345.999421
157,345.987984
158,345.982787
159,345.98304
160,345.988296
161,345.998334
162,346.013114
163,346.03277
164,346.057609
165,346.088131
166,346.12505
167,346.169352
168,346.222398
169,346.2862
170,346.364184
171,346.463558
172,346.602828
173,346.836054
174,347.331605
175,348.62843
176,348.782128
177,348.892631
178,349.012989
179,349.118107
180,349.203061
181,349.268408
182,349.315871
183,349.347109
184,349.363404
185,349.365606
186,349.354156
187,349.32916
188,349.2906
189,349.239033
190,349.177944
191,349.121638
192,345.720606
193,345.785416
194,345.915605
195,346.193873
196,346.911511
197,347.035567
198,347.114694
199,347.192714
200,347.266976
201,347.330463
202,347.382117
203,347.422364
204,347.451803
205,347.470828
206,347.479533
207,347.477684
208,347.464739
209,347.439957
210,347.402806
211,347.354414
212,347.302526
213,347.234809
214,347.034963
215,346.436509
216,346.216418
217,346.120832
218,346.070485
219,346.039971
220,346.020641
221,346.009186
222,346.004107
223,346.004603
224,346.010221
225,346.020734
226,346.036102
227,346.056461
228,346.082127
229,346.113606
230,346.15163
231,346.197202
232,346.251708
233,346.317186
234,346.397095
235,346.498678
236,346.640493
237,346.876712
238,347.376063
239,348.678741
240,348.832924
241,348.945409
242,349.068081
243,349.175318
244,349.262026
245,349.328724
246,349.377137
247,349.408938
248,349.425426
249,349.427463
250,349.415496
251,349.389631
252,349.349851
253,349.296733
254,349.233863
255,349.175951
256,345.726682
257,345.792112
258,345.923409
259,346.203381
260,346.923936
261,347.048362
262,347.128504
263,347.207763
264,347.283348
265,347.348087
266,347.400866
267,347.442091
268,347.472354
269,347.492051
270,347.50127
271,347.499776
272,347.487028
273,347.462283
274,347.425021
275,347.376401
276,347.324252
277,347.256317
278,347.056258
279,346.456904
280,346.236301
281,346.140396
282,346.089871
283,346.059297
284,346.040017
285,346.028712
286,346.023875
287,346.024697
288,346.030721
289,346.041715
290,346.05764
291,346.078633
292,346.105011
293,346.137291
294,346.17621
295,346.222786
296,346.278418
297,346.345161
298,346.426493
299,346.529678
300,346.673302
301,346.911611
302,347.413565
303,348.720171
304,348.874673
305,348.988449
306,349.112636
307,349.221258
308,349.309104
309,349.376656
310,349.425634
311,349.45772
312,349.47422
313,349.476002
314,349.463519
315,349.436877
316,349.39606
317,349.341666
318,349.277367
319,349.218193
320,345.730109
321,345.795919
322,345.92791
323,346.208971
324,346.931412
325,347.056079
326,347.136894
327,347.216996
328,347.293509
329,347.359157
330,347.412787
331,347.454792
332,347.485758
333,347.506079
334,347.515841
335,347.514807
336,347.502433
337,347.477979
338,347.440925
339,347.392439
340,347.34036
341,347.272452
342,347.072409
343,346.473125
344,346.252601
345,346.156815
346,346.106461
347,346.076112
348,346.057108
349,346.046129
350,346.04166
351,346.042892
352,346.049362
353,346.060839
354,346.07728
355,346.098822
356,346.125784
357,346.158685
358,346.198265
359,346.245547
360,346.301936
361,346.369496
362,346.45171
363,346.555853
364,346.700524
365,346.940003
366,347.443372
367,348.752055
368,348.906724
369,349.021147
370,349.146081
371,349.255362
372,349.343717
373,349.411606
374,349.460746
375,349.492821
376,349.509142
377,349.510582
378,349.497592
379,349.470281
380,349.428636
381,349.373268
382,349.307914
383,349.24783
384,345.730659
385,345.796624
386,345.928926
387,346.210503
388,346.933876
389,347.058664
390,347.139839
391,347.220413
392,347.297475
393,347.363697
394,347.417908
395,347.460495
396,347.492041
397,347.512937
398,347.523268
399,347.522796
400,347.510974
401,347.487057
402,347.450519
403,347.40251
404,347.350812
405,347.283159
406,347.083349
407,346.485057
408,346.265186
409,346.16995
410,346.120113
411,346.090273
412,346.071774
413,346.061296
414,346.057327
415,346.059053
416,346.066012
417,346.077971
418,346.094885
419,346.11689
420,346.144303
421,346.17764
422,346.217641
423,346.265323
424,346.322093
425,346.390011
426,346.472561
427,346.577016
428,346.721977
429,346.961726
430,347.465356
431,348.774346
432,348.929035
433,349.043499
434,349.16844
435,349.277673
436,349.365915
437,349.433624
438,349.48252
439,349.514287
440,349.530238
441,349.531246
442,349.517764
443,349.489898
444,349.447638
445,349.391605
446,349.325574
447,349.264932
448,345.728183
449,345.794085
450,345.926324
451,346.207864
452,346.931242
453,347.056037
454,347.137267
455,347.21795
456,347.295185
457,347.361648
458,347.416171
459,347.459142
460,347.491144
461,347.512566
462,347.523495
463,347.523688
464,347.512595
465,347.489464
466,347.453752
467,347.406565
468,347.355558
469,347.288385
470,347.089024
471,346.492648
472,346.274005
473,346.179751
474,346.130784
475,346.10174
476,346.083978
477,346.074183
478,346.070844
479,346.073152
480,346.080644
481,346.093086
482,346.110432
483,346.132816
484,346.160549
485,346.194139
486,346.234319
487,346.282097
488,346.338869
489,346.406686
490,346.489021
491,346.593139
492,346.737629
493,346.976743
494,347.479481
495,348.787006
496,348.941572
497,349.055471
498,349.179684
499,349.288158
500,349.37566
501,349.442668
502,349.490908
503,349.522066
504,349.537453
505,349.537941
506,349.52398
507,349.495677
508,349.453021
509,349.396636
510,349.330308
511,349.269458
512,345.722565
513,345.78818
514,345.919975
515,346.200903
516,346.923328
517,347.04801
518,347.128977
519,347.20939
520,347.28641
521,347.35277
522,347.407326
523,347.450476
524,347.482807
525,347.504708
526,347.516265
527,347.517233
528,347.507058
529,347.484977
530,347.450418
531,347.404416
532,347.35443
533,347.28798
534,347.089297
535,346.495818
536,346.279013
537,346.186196
538,346.138464
539,346.110514
540,346.093728
541,346.084801
542,346.082229
543,346.085208
544,346.09328
545,346.106211
546,346.123953
547,346.146635
548,346.174559
549,346.208224
550,346.248346
551,346.295917
552,346.352313
553,346.419565
554,346.501126
555,346.60424
556,346.74747
557,346.985005
558,347.485638
559,348.789828
560,348.944119
561,349.056815
562,349.179524
563,349.286496
564,349.372607
565,349.438374
566,349.485533
567,349.515773
568,349.530397
569,349.530274
570,349.51585
571,349.487229
572,349.444401
573,349.387986
574,349.32175
575,349.261053
576,345.71371
577,345.778796
578,345.90973
579,346.189416
580,346.909824
581,347.03426
582,347.114611
583,347.194336
584,347.270716
585,347.336601
586,347.390893
587,347.434006
588,347.466534
589,347.488865
590,347.501086
591,347.502949
592,347.493898
593,347.473155
594,347.440113
595,347.395707
596,347.347114
597,347.28166
598,347.083916
599,346.494437
600,346.280147
601,346.189265
602,346.143162
603,346.116623
604,346.101062
605,346.093195
606,346.091531
607,346.095275
608,346.103977
609,346.117406
610,346.135512
611,346.158417
612,346.186412
613,346.219979
614,346.259813
615,346.306879
616,346.362522
617,346.428738
618,346.508947
619,346.610358
620,346.751484
621,346.986411
622,347.483598
623,348.78237
624,348.936215
625,349.046997
626,349.167347
627,349.272006
628,349.356023
629,349.419975
630,349.46561
631,349.49461
632,349.508268
633,349.507441
634,349.492568
635,349.463754
636,349.420984
637,349.36487
638,349.299134
639,349.238966
640,345.701546
641,345.765834
642,345.89543
643,346.173144
644,346.890292
645,347.014326
646,347.093642
647,347.172193
648,347.247447
649,347.312441
650,347.366143
651,347.408988
652,347.441574
653,347.464287
654,347.477212
655,347.480104
656,347.472404
657,347.453326
658,347.422218
659,347.379886
660,347.333129
661,347.269001
662,347.072502
663,346.488317
664,346.277326
665,346.188943
666,346.144904
667,346.120116
668,346.106045
669,346.099436
670,346.098824
671,346.103431
672,346.112817
673,346.126757
674,346.145202
675,346.168263
676,346.196218
677,346.229526
678,346.268851
679,346.315122
680,346.369637
681,346.434342
682,346.512601
683,346.61156
684,346.749653
685,346.980807
686,347.473001
687,348.763927
688,348.917126
689,349.025164
690,349.14217
691,349.243604
692,349.324757
693,349.386277
694,349.429918
695,349.457343
696,349.469824
697,349.468197
698,349.452892
699,349.424009
700,349.381536
701,349.32607
702,349.261263
703,349.20203
704,345.686045
705,345.749219
706,345.876907
707,346.151773
708,346.864182
709,346.987622
710,347.065389
711,347.14218
712,347.215741
713,347.279372
714,347.332127
715,347.374456
716,347.406952
717,347.429997
718,347.443672
719,347.447738
720,347.441642
721,347.424595
722,347.395906
723,347.35622
724,347.311842
725,347.249448
726,347.054572
727,346.477217
728,346.270451
729,346.185225
730,346.143741
731,346.121074
732,346.108769
733,346.103625
734,346.104212
735,346.109781
736,346.119908
737,346.134379
738,346.153143
739,346.176304
740,346.204121
741,346.237022
742,346.275635
743,346.320835
744,346.373858
745,346.436575
746,346.51226
747,346.607958
748,346.74197
749,346.967991
750,347.453356
751,348.733559
752,348.88587
753,348.990154
754,349.102654
755,349.19982
756,349.277258
757,349.335687
758,349.376845
759,349.402353
760,349.413443
761,349.41092
762,349.395198
763,349.366374
764,349.32444
765,349.269983
766,349.20656
767,349.148696
768,345.667231
769,345.7289
770,345.853958
771,346.124909
772,346.830944
773,346.95356
774,347.029126
775,347.103446
776,347.174654
777,347.236401
778,347.287826
779,347.329382
780,347.36164
781,347.384965
782,347.399436
783,347.404824
784,347.400596
785,347.38598
786,347.360257
787,347.323895
788,347.282566
789,347.22243
790,347.029617
791,346.460806
792,346.259384
793,346.178116
794,346.139759
795,346.119617
796,346.109368
797,346.105894
798,346.107826
799,346.114455
800,346.125383
801,346.140408
802,346.159482
803,346.182699
804,346.210295
805,346.242664
806,346.280382
807,346.324261
808,346.37545
809,346.435712
810,346.508185
811,346.599738
812,346.728448
813,346.947666
814,347.423988
815,348.690245
816,348.841376
817,348.940657
818,349.047278
819,349.139007
820,349.211822
821,349.266483
822,349.304673
823,349.327933
824,349.337428
825,349.333918
826,349.317794
827,349.289151
828,349.247994
829,349.194907
830,349.133338
831,349.077309
832,345.645199
833,345.704819
834,345.826173
835,346.091791
836,346.790398
837,346.912004
838,346.984567
839,347.055589
840,347.123734
841,347.18307
842,347.2328
843,347.273344
844,347.305226
845,347.328781
846,347.344081
847,347.350914
848,347.348789
849,347.336983
850,347.314785
851,347.282491
852,347.245006
853,347.187742
854,346.997297
855,346.438371
856,346.243786
857,346.167594
858,346.133078
859,346.115913
860,346.108014
861,346.106412
862,346.109827
863,346.117609
864,346.129395
865,346.145003
866,346.164388
867,346.187632
868,346.214947
869,346.246684
870,346.283361
871,346.325705
872,346.374757
873,346.432128
874,346.500745
875,346.587174
876,346.709045
877,346.919153
878,347.383555
879,348.63351
880,348.783185
881,348.875962
882,348.975181
883,349.06028
884,349.127609
885,349.1779
886,349.212708
887,349.233449
888,349.241188
889,349.236621
890,349.22011
891,349.191752
892,349.151576
893,349.100182
894,349.040912
895,348.98719
896,345.62011
897,345.676752
898,345.792225
899,346.049426
900,346.743129
901,346.864813
902,346.933616
903,347.00059
904,347.065111
905,347.121673
906,347.16948
907,347.208867
908,347.240282
909,347.264015
910,347.280126
911,347.288432
912,347.288502
913,347.2797
914,347.261385
915,347.233744
916,347.200828
917,347.146767
918,346.956641
919,346.407071
920,346.222522
921,346.153483
922,346.123849
923,346.110186
924,346.104932
925,346.105384
926,346.110404
927,346.119422
928,346.132123
929,346.148346
930,346.168053
931,346.191314
932,346.218313
933,346.249355
934,346.284886
935,346.325538
936,346.372212
937,346.426316
938,346.490453
939,346.570618
940,346.683417
941,346.880148
942,347.326899
943,348.564751
944,348.713963
945,348.798766
946,348.889332
947,348.96699
948,349.02835
949,349.073993
950,349.105263
951,349.1234
952,349.129345
953,349.123717
954,349.106844
955,349.078831
956,349.039743
957,348.99022
958,348.933533
959,348.882482
960,345.592245
961,345.644132
962,345.747907
963,345.982606
964,346.674034
965,346.820875
966,346.886518
967,346.949604
968,347.010791
969,347.064885
970,347.111013
971,347.149391
972,347.180383
973,347.20423
974,347.220984
975,347.230488
976,347.232376
977,347.226113
978,347.211179
979,347.187764
980,347.159169
981,347.10568
982,346.885629
983,346.353752
984,346.192193
985,346.135333
986,346.112281
987,346.102736
988,346.100396
989,346.103049
990,346.109771
991,346.120093
992,346.133758
993,346.150633
994,346.170685
995,346.193974
996,346.220654
997,346.250978
998,346.285317
999,346.32419
1000,346.368338
1001,346.418905
1002,346.478009
1003,346.550569
1004,346.650561
1005,346.823186
1006,347.227529
1007,348.465992
1008,348.648045
1009,348.725153
1010,348.807727
1011,348.878827
1012,348.935088
1013,348.976836
1014,349.005176
1015,349.021175
1016,349.025655
1017,349.019167
1018,349.00201
1019,348.974297
1020,348.936134
1021,348.888216
1022,348.833807
1023,348.785245
1024,345.562371
1025,345.606936
1026,345.685865
1027,345.828191
1028,346.121311
1029,346.67986
1030,346.801543
1031,346.866578
1032,346.927106
1033,346.980615
1034,347.026333
1035,347.064462
1036,347.095345
1037,347.119212
1038,347.136114
1039,347.145899
1040,347.148218
1041,347.142564
1042,347.128438
1043,347.105844
1044,347.072702
1045,346.891422
1046,346.443966
1047,346.23261
1048,346.147705
1049,346.113217
1050,346.098883
1051,346.093986
1052,346.094737
1053,346.09968
1054,346.108161
1055,346.119835
1056,346.134506
1057,346.152071
1058,346.172506
1059,346.195858
1060,346.22225
1061,346.251882
1062,346.285047
1063,346.322145
1064,346.36374
1065,346.410672
1066,346.464424
1067,346.528211
1068,346.610368
1069,346.734491
1070,346.967128
1071,347.473413
1072,348.468723
1073,348.578898
1074,348.661043
1075,348.730677
1076,348.785726
1077,348.826538
1078,348.854173
1079,348.869655
1080,348.873779
1081,348.867079
1082,348.849848
1083,348.822201
1084,348.784254
1085,348.736717
1086,348.682863
1087,348.634972
1088,345.532478
1089,345.570671
1090,345.630562
1091,345.716746
1092,345.845796
1093,346.017892
1094,346.110545
1095,346.173775
1096,346.227094
1097,346.273857
1098,346.314659
1099,346.349737
1100,346.379268
1101,346.403363
1102,346.422048
1103,346.435252
1104,346.442813
1105,346.444472
1106,346.439803
1107,346.427582
1108,346.401998
1109,346.335292
1110,346.219029
1111,346.14515
1112,346.108221
1113,346.0914
1114,346.084946
1115,346.084526
1116,346.08833
1117,346.095559
1118,346.105814
1119,346.118866
1120,346.134577
1121,346.152874
1122,346.173743
1123,346.197218
1124,346.223392
1125,346.252413
1126,346.284493
1127,346.319919
1128,346.359078
1129,346.402523
1130,346.45114
1131,346.506651
1132,346.572946
1133,346.659311
1134,346.786376
1135,346.988055
1136,347.264128
1137,347.37862
1138,347.449497
1139,347.502772
1140,347.543451
1141,347.572899
1142,347.591879
1143,347.600989
1144,347.600701
1145,347.591356
1146,347.573169
1147,347.546282
1148,347.510913
1149,347.467887
1150,347.420307
1151,347.37891
1152,345.503926
1153,345.537679
1154,345.586414
1155,345.646688
1156,345.719455
1157,345.799827
1158,345.864292
1159,345.917905
1160,345.965163
1161,346.007455
1162,346.045114
1163,346.078243
1164,346.106907
1165,346.131147
1166,346.150976
1167,346.16637
1168,346.177275
1169,346.183606
1170,346.185198
1171,346.18153
1172,346.170732
1173,346.14806
1174,346.115259
1175,346.090884
1176,346.077342
1177,346.071688
1178,346.071341
1179,346.074859
1180,346.081522
1181,346.090962
1182,346.102965
1183,346.117399
1184,346.134177
1185,346.153255
1186,346.174624
1187,346.19831
1188,346.224375
1189,346.252917
1190,346.284076
1191,346.318031
1192,346.355015
1193,346.395334
1194,346.439433
1195,346.488063
1196,346.542684
1197,346.606229
1198,346.683807
1199,346.780452
1200,346.887565
1201,346.960891
1202,347.014409
1203,347.055611
1204,347.086859
1205,347.10893
1206,347.122237
1207,347.127109
1208,347.123829
1209,347.11263
1210,347.093686
1211,347.067158
1212,347.033327
1213,346.993058
1214,346.949276
1215,346.911668
1216,345.477302
1217,345.508101
1218,345.550574
1219,345.599191
1220,345.652083
1221,345.706522
1222,345.757077
1223,345.803349
1224,345.845847
1225,345.884753
1226,345.920058
1227,345.951729
1228,345.979749
1229,346.004116
1230,346.024833
1231,346.041907
1232,346.055352
1233,346.065195
1234,346.071482
1235,346.074212
1236,346.073193
1237,346.068125
1238,346.060548
1239,346.054923
1240,346.05284
1241,346.054172
1242,346.058453
1243,346.065335
1244,346.074605
1245,346.086132
1246,346.099829
1247,346.115634
1248,346.133504
1249,346.153417
1250,346.175371
1251,346.199382
1252,346.225487
1253,346.253739
1254,346.284211
1255,346.316988
1256,346.352173
1257,346.389882
1258,346.430262
1259,346.47352
1260,346.520004
1261,346.570304
1262,346.625138
1263,346.684275
1264,346.743496
1265,346.793009
1266,346.833112
1267,346.864927
1268,346.888919
1269,346.905254
1270,346.914056
1271,346.915473
1272,346.909672
1273,346.896821
1274,346.877078
1275,346.850626
1276,346.817792
1277,346.77946
1278,346.738403
1279,346.703531
1280,345.452786
1281,345.48154
1282,345.520245
1283,345.563026
1284,345.607708
1285,345.652722
1286,345.696313
1287,345.737742
1288,345.776707
1289,345.813002
1290,345.846465
1291,345.876989
1292,345.904511
1293,345.929007
1294,345.950475
1295,345.968939
1296,345.984448
1297,345.997094
1298,346.007018
1299,346.014423
1300,346.019568
1301,346.022867
1302,346.025246
1303,346.028159
1304,346.032478
1305,346.038537
1306,346.046431
1307,346.056185
1308,346.067801
1309,346.081275
1310,346.096595
1311,346.113753
1312,346.132738
1313,346.15355
1314,346.176191
1315,346.200671
1316,346.227005
1317,346.255206
1318,346.285291
1319,346.317264
1320,346.351122
1321,346.386838
1322,346.424362
1323,346.463608
1324,346.504453
1325,346.546707
1326,346.589999
1327,346.633424
1328,346.674961
1329,346.71167
1330,346.742511
1331,346.767115
1332,346.785257
1333,346.796802
1334,346.801712
1335,346.800035
1336,346.791873
1337,346.777364
1338,346.756673
1339,346.73001
1340,346.697743
1341,346.660769
1342,346.621735
1343,346.58894
1344,345.430398
1345,345.457641
1346,345.493826
1347,345.53317
1348,345.573603
1349,345.614037
1350,345.653616
1351,345.691773
1352,345.728131
1353,345.762417
1354,345.794436
1355,345.824058
1356,345.851204
1357,345.875837
1358,345.897958
1359,345.917595
1360,345.934817
1361,345.949736
1362,345.962525
1363,345.973425
1364,345.982762
1365,345.990968
1366,345.998636
1367,346.006455
1368,346.014966
1369,346.02452
1370,346.035339
1371,346.047561
1372,346.061279
1373,346.076552
1374,346.093421
1375,346.11191
1376,346.13204
1377,346.153825
1378,346.177275
1379,346.202396
1380,346.229186
1381,346.257627
1382,346.287687
1383,346.319305
1384,346.352388
1385,346.386801
1386,346.422355
1387,346.458801
1388,346.495808
1389,346.532938
1390,346.569598
1391,346.604944
1392,346.637804
1393,346.666848
1394,346.691175
1395,346.710203
1396,346.723548
1397,346.730984
1398,346.732412
1399,346.727837
1400,346.717343
1401,346.70107
1402,346.679204
1403,346.651996
1404,346.619861
1405,346.583713
1406,346.546098
1407,346.51484
1408,345.410084
1409,345.436148
1410,345.470491
1411,345.507509
1412,345.545265
1413,345.582893
1414,345.619831
1415,345.655667
1416,345.69008
1417,345.722828
1418,345.753727
1419,345.782652
1420,345.809524
1421,345.834306
1422,345.856997
1423,345.87763
1424,345.896276
1425,345.913051
1426,345.928122
1427,345.941716
1428,345.954125
1429,345.965705
1430,345.97687
1431,345.988058
1432,345.999651
1433,346.011954
1434,346.025199
1435,346.039556
1436,346.055154
1437,346.072088
1438,346.09043
1439,346.110234
1440,346.131543
1441,346.154387
1442,346.178788
1443,346.204751
1444,346.232263
1445,346.261286
1446,346.291745
1447,346.323527
1448,346.356464
1449,346.39033
1450,346.424831
1451,346.459602
1452,346.494203
1453,346.528109
1454,346.5607
1455,346.591248
1456,346.618927
1457,346.642902
1458,346.662478
1459,346.677131
1460,346.686494
1461,346.690341
1462,346.68857
1463,346.681191
1464,346.668298
1465,346.650061
1466,346.626711
1467,346.598558
1468,346.566073
1469,346.530203
1470,346.493429
1471,346.463218
1472,345.391748
1473,345.416859
1474,345.449778
1475,345.485078
1476,345.520934
1477,345.5566
1478,345.591653
1479,345.625779
1480,345.658729
1481,345.690302
1482,345.720345
1483,345.748745
1484,345.775433
1485,345.800374
1486,345.823566
1487,345.845044
1488,345.864876
1489,345.883169
1490,345.900076
1491,345.915793
1492,345.930564
1493,345.944674
1494,345.958437
1495,345.972174
1496,345.986182
1497,346.000722
1498,346.016009
1499,346.032222
1500,346.049503
1501,346.067969
1502,346.087716
1503,346.108822
1504,346.131352
1505,346.155356
1506,346.180868
1507,346.207902
1508,346.236442
1509,346.266437
1510,346.297786
1511,346.33033
1512,346.363836
1513,346.397993
1514,346.432409
1515,346.466616
1516,346.500085
1517,346.532234
1518,346.562443
1519,346.590059
1520,346.614419
1521,346.634892
1522,346.650933
1523,346.662109
1524,346.668111
1525,346.66875
1526,346.663953
1527,346.653755
1528,346.638291
1529,346.617781
1530,346.592529
1531,346.562928
1532,346.529533
1533,346.493348
1534,346.456831
1535,346.427199
1536,345.375265
1537,345.399589
1538,345.431372
1539,345.465342
1540,345.499766
1541,345.533975
1542,345.567623
1543,345.600467
1544,345.632311
1545,345.662997
1546,345.692396
1547,345.720416
1548,345.746994
1549,345.772102
1550,345.795739
1551,345.817936
1552,345.838756
1553,345.858297
1554,345.87669
1555,345.894103
1556,345.91074
1557,345.92683
1558,345.942624
1559,345.958378
1560,345.974337
1561,345.990726
1562,346.007747
1563,346.025576
1564,346.044365
1565,346.064248
1566,346.085339
1567,346.107741
1568,346.131542
1569,346.156816
1570,346.183617
1571,346.211977
1572,346.241889
1573,346.273304
1574,346.306107
1575,346.340105
1576,346.375009
1577,346.41042
1578,346.445832
1579,346.480648
1580,346.514231
1581,346.545932
1582,346.575111
1583,346.601154
1584,346.623481
1585,346.641572
1586,346.654984
1587,346.663366
1588,346.666469
1589,346.664149
1590,346.656374
1591,346.643221
1592,346.624878
1593,346.60164
1594,346.573909
1595,346.542203
1596,346.507205
1597,346.470023
1598,346.433136
1599,346.403619
1600,345.360492
1601,345.384158
1602,345.415017
1603,345.447937
1604,345.481251
1605,345.514348
1606,345.546931
1607,345.578807
1608,345.609821
1609,345.639844
1610,345.668774
1611,345.696531
1612,345.723064
1613,345.748347
1614,345.772382
1615,345.795195
1616,345.816844
1617,345.837412
1618,345.857015
1619,345.875796
1620,345.893926
1621,345.911595
1622,345.929013
1623,345.946394
1624,345.963948
1625,345.981879
1626,346.000377
1627,346.019616
1628,346.039758
1629,346.060951
1630,346.083331
1631,346.107027
1632,346.132154
1633,346.158816
1634,346.187098
1635,346.217062
1636,346.24873
1637,346.282072
1638,346.316984
1639,346.353262
1640,346.390574
1641,346.428425
1642,346.466143
1643,346.502927
1644,346.53797
1645,346.570526
1646,346.599919
1647,346.625549
1648,346.64689
1649,346.663493
1650,346.674993
1651,346.681104
1652,346.681631
1653,346.676474
1654,346.665638
1655,346.649242
1656,346.627533
1657,346.600893
1658,346.56985
1659,346.535104
1660,346.49757
1661,346.458536
1662,346.420564
1663,346.39067
1664,345.347282
1665,345.370395
1666,345.400496
1667,345.432573
1668,345.465019
1669,345.497258
1670,345.529033
1671,345.560182
1672,345.59058
1673,345.620123
1674,345.648725
1675,345.676319
1676,345.702863
1677,345.728332
1678,345.752728
1679,345.776075
1680,345.798421
1681,345.819841
1682,345.840434
1683,345.860323
1684,345.879655
1685,345.898595
1686,345.917321
1687,345.93602
1688,345.954884
1689,345.974101
1690,345.993854
1691,346.014322
1692,346.035676
1693,346.058081
1694,346.081699
1695,346.106686
1696,346.133192
1697,346.161362
1698,346.191326
1699,346.223192
1700,346.257036
1701,346.292883
1702,346.330685
1703,346.370284
1704,346.411359
1705,346.453319
1706,346.495203
1707,346.535758
1708,346.573883
1709,346.608726
1710,346.639594
1711,346.665909
1712,346.687199
1713,346.703081
1714,346.713257
1715,346.717498
1716,346.715655
1717,346.707656
1718,346.693529
1719,346.67342
1720,346.647613
1721,346.616548
1722,346.580869
1723,346.54155
1724,346.50002
1725,346.457921
1726,346.417952
1727,346.387119
1728,345.335491
1729,345.358136
1730,345.387611
1731,345.419012
1732,345.450776
1733,345.482357
1734,345.513524
1735,345.544137
1736,345.574093
1737,345.603305
1738,345.631699
1739,345.659218
1740,345.685822
1741,345.711491
1742,345.736223
1743,345.760038
1744,345.782978
1745,345.805108
1746,345.826513
1747,345.847302
1748,345.867604
1749,345.887564
1750,345.907342
1751,345.927108
1752,345.947042
1753,345.967323
1754,345.988137
1755,346.009667
1756,346.0321
1757,346.055622
1758,346.080422
1759,346.106692
1760,346.134625
1761,346.164417
1762,346.196259
1763,346.230333
1764,346.266808
1765,346.305824
1766,346.347492
1767,346.391865
1768,346.438836
1769,346.48784
1770,346.537301
1771,346.58459
1772,346.628049
1773,346.666908
1774,346.700626
1775,346.728739
1776,346.750868
1777,346.76672
1778,346.776068
1779,346.778744
1780,346.774626
1781,346.763656
1782,346.745852
1783,346.721335
1784,346.690339
1785,346.653203
1786,346.610458
1787,346.563405
1788,346.515034
1789,346.467802
1790,346.424498
1791,346.392006
1792,345.324982
1793,345.34723
1794,345.376191
1795,345.40705
1796,345.438282
1797,345.469367
1798,345.500089
1799,345.530325
1800,345.559985
1801,345.588993
1802,345.617285
1803,345.644807
1804,345.671523
1805,345.697409
1806,345.722462
1807,345.746698
1808,345.77015
1809,345.792875
1810,345.814949
1811,345.836468
1812,345.857547
1813,345.87832
1814,345.898935
1815,345.919552
1816,345.940345
1817,345.961493
1818,345.983187
1819,346.005622
1820,346.029002
1821,346.05354
1822,346.079458
1823,346.106989
1824,346.13638
1825,346.16789
1826,346.201792
1827,346.238377
1828,346.277963
1829,346.320927
1830,346.367774
1831,346.419242
1832,346.476236
1833,346.538998
1834,346.604564
1835,346.66486
1836,346.717274
1837,346.762412
1838,346.800575
1839,346.831676
1840,346.855538
1841,346.872007
1842,346.88096
1843,346.882288
1844,346.875891
1845,346.861688
1846,346.839634
1847,346.809728
1848,346.771936
1849,346.725927
1850,346.670861
1851,346.60753
1852,346.545318
1853,346.488653
1854,346.439707
1855,346.40451
1856,345.31563
1857,345.337544
1858,345.366082
1859,345.396513
1860,345.427342
1861,345.458066
1862,345.488482
1863,345.518477
1864,345.54797
1865,345.576891
1866,345.605179
1867,345.632782
1868,345.65966
1869,345.68579
1870,345.711162
1871,345.735786
1872,345.759688
1873,345.782918
1874,345.805543
1875,345.827649
1876,345.849344
1877,345.870752
1878,345.892014
1879,345.91329
1880,345.934749
1881,345.956579
1882,345.978979
1883,346.002161
1884,346.026351
1885,346.051793
1886,346.078748
1887,346.107497
1888,346.138348
1889,346.171639
1890,346.20775
1891,346.24712
1892,346.29031
1893,346.338144
1894,346.392071
1895,346.454838
1896,346.531215
1897,346.626449
1898,346.735675
1899,346.825192
1900,346.892714
1901,346.947112
1902,346.991642
1903,347.0271
1904,347.053672
1905,347.071421
1906,347.080368
1907,347.080479
1908,347.071662
1909,347.053774
1910,347.026632
1911,346.989976
1912,346.943139
1913,346.883637
1914,346.803778
1915,346.695236
1916,346.598779
1917,346.522452
1918,346.463413
1919,346.423833
1920,345.30732
1921,345.328954
1922,345.357152
1923,345.387254
1924,345.417793
1925,345.448276
1926,345.478511
1927,345.508391
1928,345.537838
1929,345.566783
1930,345.595165
1931,345.622929
1932,345.650031
1933,345.676441
1934,345.702142
1935,345.727137
1936,345.751446
1937,345.775109
1938,345.798186
1939,345.820759
1940,345.842927
1941,345.864811
1942,345.88655
1943,345.908303
1944,345.930246
1945,345.952574
1946,345.975503
1947,345.999265
1948,346.024115
1949,346.050329
1950,346.078214
1951,346.108106
1952,346.140381
1953,346.175471
1954,346.213882
1955,346.256252
1956,346.303504
1957,346.357269
1958,346.42103
1959,346.502892
1960,346.62079
1961,346.805062
1962,347.062963
1963,347.226997
1964,347.316937
1965,347.383719
1966,347.437099
1967,347.478815
1968,347.509424
1969,347.529284
1970,347.538623
1971,347.537509
1972,347.525843
1973,347.503365
1974,347.469679
1975,347.424223
1976,347.365693
1977,347.287819
1978,347.156899
1979,346.888262
1980,346.694183
1981,346.573353
1982,346.49563
1983,346.449006
1984,345.299951
1985,345.321355
1986,345.349286
1987,345.379149
1988,345.4095
1989,345.439856
1990,345.470029
1991,345.499916
1992,345.529437
1993,345.558523
1994,345.587105
1995,345.615121
1996,345.64252
1997,345.66926
1998,345.695316
1999,345.720681
2000,345.745369
2001,345.76941
2002,345.79286
2003,345.815793
2004,345.838306
2005,345.860518
2006,345.88257
2007,345.904624
2008,345.926865
2009,345.949504
2010,345.972773
2011,345.996932
2012,346.022268
2013,346.049097
2014,346.077772
2015,346.108691
2016,346.142305
2017,346.179146
2018,346.219864
2019,346.265337
2020,346.316977
2021,346.377656
2022,346.454568
2023,346.567758
2024,346.773359
2025,347.210434
2026,348.064805
2027,348.419485
2028,348.512587
2029,348.592878
2030,348.659701
2031,348.71155
2032,348.748849
2033,348.772361
2034,348.782651
2035,348.779952
2036,348.764138
2037,348.734737
2038,348.691019
2039,348.632327
2040,348.559166
2041,348.4736
2042,348.284076
2043,347.342108
2044,346.863454
2045,346.645664
2046,346.535522
2047,346.478444
2048,345.29343
2049,345.314648
2050,345.342383
2051,345.372093
2052,345.402354
2053,345.432694
2054,345.462926
2055,345.492946
2056,345.522673
2057,345.552027
2058,345.58093
2059,345.609308
2060,345.637095
2061,345.664235
2062,345.690691
2063,345.716444
2064,345.741498
2065,345.765879
2066,345.789633
2067,345.812832
2068,345.835571
2069,345.857968
2070,345.880168
2071,345.902342
2072,345.924687
2073,345.947431
2074,345.970832
2075,345.995179
2076,346.020797
2077,346.048047
2078,346.077332
2079,346.109113
2080,346.14392
2081,346.182387
2082,346.225313
2083,346.273827
2084,346.329867
2085,346.397739
2086,346.489389
2087,346.64302
2088,346.991963
2089,348.036335
2090,348.455673
2091,348.574223
2092,348.657922
2093,348.739329
2094,348.807337
2095,348.860042
2096,348.8979
2097,348.921719
2098,348.932095
2099,348.929275
2100,348.913131
2101,348.88317
2102,348.838626
2103,348.778806
2104,348.70436
2105,348.621679
2106,348.527604
2107,348.275537
2108,347.108545
2109,346.73117
2110,346.5785
2111,346.509273
2112,345.287671
2113,345.308747
2114,345.336351
2115,345.365992
2116,345.396265
2117,345.426703
2118,345.457123
2119,345.487417
2120,345.517497
2121,345.54727
2122,345.576643
2123,345.60552
2124,345.633814
2125,345.661449
2126,345.688373
2127,345.714552
2128,345.73998
2129,345.764673
2130,345.788675
2131,345.812053
2132,345.834901
2133,345.85734
2134,345.879519
2135,345.901619
2136,345.923854
2137,345.946472
2138,345.969763
2139,345.994053
2140,346.019709
2141,346.047141
2142,346.076808
2143,346.109232
2144,346.145021
2145,346.184905
2146,346.229822
2147,346.281118
2148,346.341143
2149,346.415134
2150,346.517421
2151,346.692152
2152,347.082617
2153,348.158898
2154,348.521573
2155,348.640414
2156,348.731001
2157,348.818988
2158,348.89206
2159,348.948365
2160,348.988597
2161,349.013756
2162,349.024566
2163,349.021327
2164,349.003897
2165,348.971705
2166,348.923831
2167,348.859369
2168,348.778821
2169,348.689122
2170,348.58932
2171,348.379401
2172,347.204086
2173,346.787169
2174,346.614565
2175,346.53759
2176,345.282596
2177,345.30357
2178,345.331109
2179,345.360766
2180,345.391155
2181,345.421817
2182,345.452568
2183,345.483299
2184,345.513911
2185,345.544294
2186,345.574327
2187,345.603884
2188,345.632844
2189,345.661106
2190,345.688594
2191,345.715261
2192,345.741087
2193,345.766083
2194,345.790285
2195,345.81376
2196,345.836601
2197,345.858931
2198,345.880906
2199,345.902717
2200,345.924597
2201,345.946821
2202,345.969713
2203,345.993645
2204,346.019038
2205,346.046358
2206,346.076121
2207,346.108911
2208,346.145403
2209,346.186416
2210,346.233002
2211,346.286677
2212,346.350068
2213,346.428919
2214,346.538535
2215,346.724702
2216,347.131697
2217,348.222132
2218,348.58452
2219,348.708346
2220,348.806052
2221,348.9011
2222,348.979841
2223,349.040298
2224,349.08332
2225,349.110084
2226,349.121434
2227,349.117726
2228,349.098809
2229,349.064032
2230,349.01234
2231,348.942671
2232,348.855521
2233,348.758567
2234,348.652088
2235,348.44216
2236,347.257172
2237,346.825624
2238,346.643258
2239,346.561629
2240,345.278125
2241,345.299038
2242,345.326577
2243,345.356339
2244,345.386957
2245,345.41798
2246,345.449231
2247,345.480599
2248,345.511974
2249,345.543223
2250,345.574184
2251,345.604675
2252,345.634523
2253,345.663592
2254,345.691781
2255,345.719026
2256,345.745297
2257,345.770598
2258,345.794963
2259,345.818455
2260,345.841169
2261,345.863229
2262,345.884796
2263,345.906072
2264,345.927307
2265,345.948806
2266,345.970933
2267,345.994122
2268,346.018868
2269,346.045706
2270,346.075212
2271,346.108024
2272,346.144876
2273,346.186656
2274,346.234506
2275,346.290063
2276,346.356131
2277,346.438728
2278,346.553589
2279,346.747123
2280,347.16433
2281,348.269279
2282,348.635143
2283,348.763303
2284,348.866723
2285,348.967662
2286,349.051308
2287,349.115458
2288,349.161014
2289,349.189259
2290,349.201124
2291,349.197008
2292,349.176754
2293,349.139661
2294,349.084588
2295,349.01041
2296,348.917728
2297,348.814933
2298,348.703209
2299,348.491538
2300,347.293773
2301,346.853359
2302,346.665145
2303,346.580514
2304,345.274179
2305,345.29507
2306,345.322675
2307,345.352635
2308,345.383603
2309,345.415146
2310,345.447101
2311,345.479367
2312,345.511833
2313,345.544343
2314,345.576661
2315,345.608488
2316,345.639557
2317,345.669689
2318,345.698766
2319,345.726715
2320,345.7535
2321,345.779125
2322,345.803622
2323,345.827054
2324,345.849514
2325,345.871126
2326,345.892053
2327,345.912502
2328,345.932735
2329,345.953074
2330,345.973927
2331,345.995815
2332,346.019372
2333,346.045236
2334,346.074041
2335,346.106462
2336,346.143269
2337,346.185394
2338,346.234037
2339,346.290914
2340,346.35894
2341,346.444286
2342,346.562903
2343,346.761551
2344,347.185965
2345,348.302616
2346,348.671337
2347,348.802652
2348,348.910265
2349,349.015651
2350,349.103101
2351,349.170182
2352,349.217785
2353,349.247245
2354,349.259543
2355,349.255109
2356,349.233782
2357,349.194836
2358,349.137091
2359,349.05942
2360,348.962562
2361,348.85549
2362,348.740028
2363,348.526999
2364,347.318868
2365,346.872325
2366,346.68025
2367,346.593617
2368,345.270675
2369,345.291581
2370,345.319317
2371,345.34957
2372,345.381023
2373,345.413273
2374,345.446193
2375,345.479732
2376,345.513828
2377,345.548329
2378,345.582862
2379,345.616796
2380,345.64964
2381,345.681214
2382,345.711438
2383,345.74026
2384,345.767658
2385,345.793641
2386,345.818246
2387,345.841537
2388,345.863606
2389,345.884571
2390,345.904586
2391,345.92385
2392,345.942606
2393,345.961152
2394,345.979889
2395,345.999477
2396,346.020935
2397,346.045092
2398,346.072607
2399,346.104135
2400,346.14043
2401,346.182425
2402,346.231344
2403,346.288944
2404,346.358196
2405,346.445351
2406,346.56648
2407,346.768555
2408,347.197867
2409,348.322711
2410,348.693401
2411,348.826842
2412,348.937317
2413,349.045797
2414,349.135948
2415,349.205143
2416,349.254243
2417,349.284602
2418,349.297227
2419,349.292564
2420,349.270456
2421,349.230165
2422,349.170503
2423,349.090362
2424,348.990609
2425,348.880634
2426,348.762685
2427,348.548745
2428,347.333494
2429,346.882897
2430,346.688344
2431,346.60045
2432,345.26752
2433,345.288475
2434,345.316406
2435,345.347051
2436,345.379134
2437,345.412314
2438,345.446561
2439,345.481984
2440,345.518764
2441,345.556955
2442,345.595917
2443,345.633808
2444,345.669475
2445,345.70308
2446,345.734812
2447,345.764737
2448,345.792879
2449,345.819272
2450,345.843967
2451,345.867032
2452,345.888552
2453,345.908633
2454,345.927405
2455,345.945018
2456,345.961624
2457,345.977318
2458,345.992191
2459,346.007065
2460,346.024458
2461,346.045598
2462,346.070964
2463,346.10097
2464,346.136221
2465,346.177574
2466,346.226224
2467,346.283926
2468,346.353667
2469,346.441731
2470,346.564241
2471,346.768285
2472,347.200489
2473,348.330248
2474,348.702113
2475,348.836823
2476,348.949027
2477,349.059398
2478,349.151218
2479,349.221736
2480,349.271781
2481,349.302709
2482,349.315542
2483,349.310735
2484,349.288134
2485,349.246998
2486,349.186144
2487,349.104484
2488,349.002978
2489,348.891272
2490,348.771862
2491,348.557392
2492,347.337993
2493,346.885091
2494,346.689194
2495,346.600663
2496,345.264613
2497,345.285647
2498,345.313832
2499,345.344964
2500,345.377835
2501,345.41222
2502,345.448323
2503,345.486744
2504,345.528594
2505,345.575147
2506,345.625594
2507,345.672857
2508,345.713445
2509,345.74997
2510,345.783712
2511,345.815056
2512,345.84413
2513,345.871013
2514,345.895782
2515,345.918513
2516,345.939284
2517,345.95817
2518,345.975246
2519,345.990558
2520,346.003992
2521,346.014885
2522,346.021521
2523,346.024048
2524,346.03211
2525,346.047452
2526,346.069248
2527,346.096908
2528,346.130513
2529,346.170684
2530,346.218506
2531,346.275684
2532,346.345184
2533,346.433282
2534,346.556108
2535,346.760785
2536,347.194062
2537,348.32577
2538,348.69811
2539,348.833344
2540,348.946274
2541,349.057447
2542,349.149979
2543,349.221062
2544,349.27151
2545,349.302679
2546,349.315596
2547,349.310721
2548,349.287904
2549,349.246405
2550,349.185043
2551,349.102747
2552,349.000515
2553,348.888106
2554,348.768117
2555,348.553448
2556,347.332526
2557,346.878863
2558,346.682621
2559,346.59402
2560,345.261841
2561,345.282977
2562,345.311464
2563,345.343169
2564,345.376989
2565,345.412911
2566,345.451663
2567,345.49518
2568,345.54773
2569,345.616482
2570,345.704157
2571,345.778693
2572,345.827501
2573,345.86796
2574,345.904412
2575,345.937691
2576,345.96802
2577,345.995539
2578,346.020365
2579,346.042591
2580,346.062276
2581,346.079442
2582,346.094073
2583,346.106042
2584,346.114768
2585,346.117595
2586,346.104357
2587,346.065578
2588,346.048722
2589,346.05192
2590,346.067671
2591,346.091877
2592,346.123171
2593,346.161609
2594,346.208048
2595,346.264085
2596,346.332624
2597,346.4199
2598,346.542013
2599,346.746045
2600,347.178676
2601,348.309546
2602,348.681704
2603,348.816773
2604,348.929491
2605,349.040434
2606,349.13276
2607,349.203673
2608,349.253989
2609,349.285069
2610,349.297943
2611,349.293072
2612,349.270306
2613,349.22891
2614,349.167701
2615,349.085607
2616,348.983618
2617,348.871462
2618,348.751704
2619,348.537141
2620,347.317135
2621,346.864145
2622,346.668501
2623,346.580369
2624,345.259081
2625,345.280332
2626,345.309153
2627,345.341496
2628,345.376401
2629,345.41421
2630,345.45666
2631,345.508765
2632,345.584086
2633,345.714594
2634,345.942145
2635,346.107286
2636,346.160293
2637,346.204523
2638,346.244972
2639,346.281362
2640,346.313712
2641,346.342221
2642,346.367081
2643,346.38841
2644,346.406236
2645,346.420485
2646,346.430983
2647,346.437442
2648,346.439224
2649,346.432378
2650,346.372989
2651,346.168716
2652,346.082538
2653,346.060462
2654,346.066303
2655,346.085717
2656,346.114025
2657,346.150206
2658,346.194732
2659,346.249029
2660,346.315903
2661,346.401515
2662,346.521892
2663,346.724008
2664,347.154279
2665,348.281527
2666,348.652851
2667,348.787065
2668,348.898632
2669,349.008313
2670,349.099511
2671,349.169512
2672,349.219159
2673,349.249818
2674,349.262516
2675,349.257715
2676,349.235266
2677,349.194434
2678,349.134036
2679,349.052981
2680,348.952203
2681,348.841254
2682,348.722537
2683,348.508383
2684,347.291727
2685,346.840848
2686,346.646743
2687,346.559621
2688,345.256201
2689,345.277569
2690,345.306731
2691,345.339735
2692,345.375797
2693,345.415713
2694,345.462693
2695,345.527017
2696,345.642555
2697,345.9246
2698,346.157496
2699,346.230965
2700,346.274373
2701,346.319
2702,346.360436
2703,346.39758
2704,346.430406
2705,346.45914
2706,346.483998
2707,346.505105
2708,346.522481
2709,346.536026
2710,346.545527
2711,346.550658
2712,346.550994
2713,346.545799
2714,346.525924
2715,346.383769
2716,346.136359
2717,346.072031
2718,346.064412
2719,346.078029
2720,346.102844
2721,346.136333
2722,346.178468
2723,346.230461
2724,346.294984
2725,346.37809
2726,346.49569
2727,346.694573
2728,347.120684
2729,348.241363
2730,348.611153
2731,348.743767
2732,348.853178
2733,348.960501
2734,349.049604
2735,349.117926
2736,349.166351
2737,349.196247
2738,349.208634
2739,349.203968
2740,349.182102
2741,349.142306
2742,349.083396
2743,349.004254
2744,348.905707
2745,348.79699
2746,348.680191
2747,348.466775
2748,347.256083
2749,346.808854
2750,346.617291
2751,346.53175
2752,345.253067
2753,345.274537
2754,345.30402
2755,345.337657
2756,345.374822
2757,345.416718
2758,345.467769
2759,345.542338
2760,345.688851
2761,346.07657
2762,346.214464
2763,346.264193
2764,346.307557
2765,346.353556
2766,346.396162
2767,346.434116
2768,346.467433
2769,346.496385
2770,346.521215
2771,346.542061
2772,346.55893
2773,346.571697
2774,346.580098
2775,346.583748
2776,346.58224
2777,346.575567
2778,346.561138
2779,346.494829
2780,346.16927
2781,346.078088
2782,346.059905
2783,346.068156
2784,346.089358
2785,346.119861
2786,346.159203
2787,346.208371
2788,346.26988
2789,346.349632
2790,346.463366
2791,346.657593
2792,347.077573
2793,348.188452
2794,348.555921
2795,348.686079
2796,348.792194
2797,348.895945
2798,348.981907
2799,349.047739
2800,349.094368
2801,349.123152
2802,349.135089
2803,349.130624
2804,349.109611
2805,349.071335
2806,349.014623
2807,348.938335
2808,348.843151
2809,348.737827
2810,348.623965
2811,348.411666
2812,347.209867
2813,346.76802
2814,346.580134
2815,346.496806
2816,345.249546
2817,345.271092
2818,345.300846
2819,345.335033
2820,345.373152
2821,345.416649
2822,345.470527
2823,345.55047
2824,345.706903
2825,346.103632
2826,346.232882
2827,346.282736
2828,346.328115
2829,346.376108
2830,346.420245
2831,346.459246
2832,346.493186
2833,346.522392
2834,346.547142
2835,346.567583
2836,346.583713
2837,346.595371
2838,346.602237
2839,346.603859
2840,346.59981
2841,346.59036
2842,346.57364
2843,346.510942
2844,346.177519
2845,346.07647
2846,346.051839
2847,346.055672
2848,346.07337
2849,346.100715
2850,346.136939
2851,346.182819
2852,346.240677
2853,346.316209
2854,346.424889
2855,346.61283
2856,347.024452
2857,348.122152
2858,348.486429
2859,348.613103
2860,348.714585
2861,348.813394
2862,348.895089
2863,348.957588
2864,349.001844
2865,349.02917
2866,349.040521
2867,349.036319
2868,349.016425
2869,348.980155
2870,348.926375
2871,348.853946
2872,348.763391
2873,348.662822
2874,348.553137
2875,348.342391
2876,347.152597
2877,346.718146
2878,346.535307
2879,346.454942
2880,345.245515
2881,345.267096
2882,345.297048
2883,345.331673
2884,345.370551
2885,345.415266
2886,345.471067
2887,345.554043
2888,345.714974
2889,346.11682
2890,346.246669
2891,346.297945
2892,346.345327
2893,346.395296
2894,346.440979
2895,346.481046
2896,346.515607
2897,346.545035
2898,346.569636
2899,346.589568
2900,346.604817
2901,346.615189
2902,346.620317
2903,346.619703
2904,346.612941
2905,346.600609
2906,346.581276
2907,346.517764
2908,346.176761
2909,346.069705
2910,346.040424
2911,346.04047
2912,346.054802
2913,346.078895
2914,346.111754
2915,346.153944
2916,346.207549
2917,346.277948
2918,346.380159
2919,346.559657
2920,346.960108
2921,348.042236
2922,348.402768
2923,348.524787
2924,348.620105
2925,348.71251
2926,348.78881
2927,348.847184
2928,348.888547
2929,348.914115
2930,348.924763
2931,348.920879
2932,348.902336
2933,348.868505
2934,348.81834
2935,348.750761
2936,348.66617
2937,348.5719
2938,348.46788
2939,348.259036
2940,347.083187
2941,346.658678
2942,346.482825
2943,346.406427
2944,345.240865
2945,345.26243
2946,345.292491
2947,345.327416
2948,345.366846
2949,345.412442
2950,345.469567
2951,345.554481
2952,345.71822
2953,346.124368
2954,346.255247
2955,346.307705
2956,346.35662
2957,346.408134
2958,346.455046
2959,346.495956
2960,346.530983
2961,346.560525
2962,346.584907
2963,346.604293
2964,346.618657
2965,346.627785
2966,346.631278
2967,346.628617
2968,346.619449
2969,346.604643
2970,346.583107
2971,346.51873
2972,346.170756
2973,346.05898
2974,346.025891
2975,346.022558
2976,346.033666
2977,346.054481
2978,346.083808
2979,346.121984
2980,346.170774
2981,346.235024
2982,346.328769
2983,346.495905
2984,346.879318
2985,347.947643
2986,348.308519
2987,348.425281
2988,348.513034
2989,348.597859
2990,348.667989
2991,348.721763
2992,348.759953
2993,348.783612
2994,348.793504
2995,348.789964
2996,348.772886
2997,348.741724
2998,348.695572
2999,348.633505
3000,348.555909
3001,348.46932
3002,348.372354
3003,348.163499
3004,346.996802
3005,346.587488
3006,346.422426
3007,346.351644
3008,345.235502
3009,345.256994
3010,345.287062
3011,345.322139
3012,345.361909
3013,345.408078
3014,345.466072
3015,345.552243
3016,345.717831
3017,346.127061
3018,346.258685
3019,346.311946
3020,346.361898
3021,346.414469
3022,346.46222
3023,346.503683
3024,346.538973
3025,346.568497
3026,346.592589
3027,346.611414
3028,346.624941
3029,346.632938
3030,346.634989
3031,346.630575
3032,346.619399
3033,346.60258
3034,346.579283
3035,346.514199
3036,346.160402
3037,346.044725
3038,346.00838
3039,346.002
3040,346.01005
3041,346.027625
3042,346.053341
3043,346.087282
3044,346.130773
3045,346.187708
3046,346.269762
3047,346.41503
3048,346.757132
3049,347.797908
3050,348.218053
3051,348.334498
3052,348.414993
3053,348.492798
3054,348.557439
3055,348.607228
3056,348.642713
3057,348.664761
3058,348.674015
3059,348.670767
3060,348.654928
3061,348.626037
3062,348.583347
3063,348.526144
3064,348.454953
3065,348.375713
3066,348.284714
3067,348.031833
3068,346.867554
3069,346.497451
3070,346.353238
3071,346.291181
3072,345.229353
3073,345.25071
3074,345.280677
3075,345.31575
3076,345.355646
3077,345.402101
3078,345.46057
3079,345.547463
3080,345.714141
3081,346.125236
3082,346.257305
3083,346.311036
3084,346.361592
3085,346.414769
3086,346.462977
3087,346.5047
3088,346.540042
3089,346.569411
3090,346.593144
3091,346.611405
3092,346.624155
3093,346.631155
3094,346.63198
3095,346.626113
3096,346.613312
3097,346.594893
3098,346.570213
3099,346.504565
3100,346.146057
3101,346.027157
3102,345.988017
3103,345.978902
3104,345.984095
3105,345.998539
3106,346.020672
3107,346.050303
3108,346.088208
3109,346.136839
3110,346.203123
3111,346.307067
3112,346.505428
3113,346.940547
3114,347.813336
3115,348.173791
3116,348.263767
3117,348.340329
3118,348.403662
3119,348.452483
3120,348.48731
3121,348.508966
3122,348.518066
3123,348.51489
3124,348.499352
3125,348.471015
3126,348.429168
3127,348.373139
3128,348.303304
3129,348.221199
3130,348.03134
3131,347.063382
3132,346.585707
3133,346.375805
3134,346.275293
3135,346.226458
3136,345.222367
3137,345.243523
3138,345.273275
3139,345.308185
3140,345.347995
3141,345.394459
3142,345.453047
3143,345.54019
3144,345.7073
3145,346.119172
3146,346.251425
3147,346.305346
3148,346.356131
3149,346.40951
3150,346.457823
3151,346.499526
3152,346.534714
3153,346.563794
3154,346.587101
3155,346.604797
3156,346.61684
3157,346.622981
3158,346.622791
3159,346.615759
3160,346.601682
3161,346.582024
3162,346.556281
3163,346.490193
3164,346.127963
3165,346.006442
3166,345.964935
3167,345.953404
3168,345.955982
3169,345.967477
3170,345.986166
3171,346.011602
3172,346.044063
3173,346.084743
3174,346.136837
3175,346.208328
3176,346.317357
3177,346.495207
3178,346.750961
3179,346.911267
3180,346.995761
3181,347.056995
3182,347.105248
3183,347.142447
3184,347.169253
3185,347.186108
3186,347.193314
3187,347.191015
3188,347.179181
3189,347.157613
3190,347.125961
3191,347.083679
3192,347.029392
3193,346.956483
3194,346.829972
3195,346.562582
3196,346.37542
3197,346.2647
3198,346.198178
3199,346.161001
3200,345.214509
3201,345.235398
3202,345.264821
3203,345.299407
3204,345.338922
3205,345.385126
3206,345.443495
3207,345.530454
3208,345.697398
3209,346.109063
3210,346.241267
3211,346.295131
3212,346.34581
3213,346.399024
3214,346.447112
3215,346.488529
3216,346.523365
3217,346.552027
3218,346.574846
3219,346.591981
3220,346.603385
3221,346.608805
3222,346.607808
3223,346.599884
3224,346.584857
3225,346.56429
3226,346.53777
3227,346.471352
3228,346.106309
3229,345.982731
3230,345.939276
3231,345.925668
3232,345.925912
3233,345.934707
3234,345.950191
3235,345.971712
3236,345.999177
3237,346.032967
3238,346.074218
3239,346.125487
3240,346.191495
3241,346.277627
3242,346.379131
3243,346.461182
3244,346.521304
3245,346.56868
3246,346.606774
3247,346.636512
3248,346.658183
3249,346.671953
3250,346.677941
3251,346.676212
3252,346.666767
3253,346.649544
3254,346.624432
3255,346.591217
3256,346.549234
3257,346.495898
3258,346.423232
3259,346.322668
3260,346.236487
3261,346.172301
3262,346.126115
3263,346.097269
3264,345.205769
3265,345.226322
3266,345.255303
3267,345.289406
3268,345.328416
3269,345.374098
3270,345.431917
3271,345.518273
3272,345.684479
3273,346.095004
3274,346.22694
3275,346.280513
3276,346.330768
3277,346.383464
3278,346.431011
3279,346.471883
3280,346.506176
3281,346.534294
3282,346.556566
3283,346.573146
3284,346.583984
3285,346.588823
3286,346.587224
3287,346.578679
3288,346.563019
3289,346.541861
3290,346.514839
3291,346.4482
3292,346.081228
3293,345.956155
3294,345.911182
3295,345.895858
3296,345.89409
3297,345.900487
3298,345.913081
3299,345.931069
3300,345.954116
3301,345.982151
3302,346.015359
3303,346.054248
3304,346.099588
3305,346.151553
3306,346.20711
3307,346.257935
3308,346.301351
3309,346.338053
3310,346.36845
3311,346.392568
3312,346.410352
3313,346.421771
3314,346.426829
3315,346.425542
3316,346.417927
3317,346.40401
3318,346.383838
3319,346.357482
3320,346.324954
3321,346.285934
3322,346.239544
3323,346.186577
3324,346.136637
3325,346.093873
3326,346.059448
3327,346.036344
3328,345.196153
3329,345.216304
3330,345.244728
3331,345.278189
3332,345.316489
3333,345.361384
3334,345.418323
3335,345.503656
3336,345.668548
3337,346.076986
3338,346.20843
3339,346.261477
3340,346.310984
3341,346.362807
3342,346.409495
3343,346.449566
3344,346.483125
3345,346.510576
3346,346.532244
3347,346.548279
3348,346.558627
3349,346.563028
3350,346.56104
3351,346.55215
3352,346.536185
3353,346.514766
3354,346.487528
3355,346.420781
3356,346.052802
3357,345.926821
3358,345.880786
3359,345.864137
3360,345.860712
3361,345.865055
3362,345.875123
3363,345.890014
3364,345.909245
3365,345.932514
3366,345.959608
3367,345.990342
3368,346.024449
3369,346.061255
3370,346.09911
3371,346.135319
3372,346.168221
3373,346.197115
3374,346.221563
3375,346.241231
3376,346.255888
3377,346.265399
3378,346.2697
3379,346.268779
3380,346.262663
3381,346.251423
3382,346.235194
3383,346.21419
3384,346.188719
3385,346.159168
3386,346.126092
3387,346.090798
3388,346.05625
3389,346.024587
3390,345.997529
3391,345.978578
3392,345.185689
3393,345.205373
3394,345.233129
3395,345.265792
3396,345.303174
3397,345.347016
3398,345.402734
3399,345.486602
3400,345.649567
3401,346.05491
3402,346.185621
3403,346.237881
3404,346.286292
3405,346.336865
3406,346.382362
3407,346.421368
3408,346.454002
3409,346.480665
3410,346.501675
3411,346.517178
3412,346.527116
3413,346.531229
3414,346.529077
3415,346.520138
3416,346.504221
3417,346.482905
3418,346.455769
3419,346.389038
3420,346.02106
3421,345.894812
3422,345.848211
3423,345.83066
3424,345.825962
3425,345.828624
3426,345.836558
3427,345.848802
3428,345.864796
3429,345.884129
3430,345.906434
3431,345.931318
3432,345.958292
3433,345.986656
3434,346.015388
3435,346.043215
3436,346.06907
3437,346.092189
3438,346.112007
3439,346.128115
3440,346.140228
3441,346.148171
3442,346.15185
3443,346.151238
3444,346.146365
3445,346.137324
3446,346.124279
3447,346.107492
3448,346.087336
3449,346.064318
3450,346.039124
3451,346.012728
3452,345.986473
3453,345.961642
3454,345.939746
3455,345.924015
3456,345.174424
3457,345.193579
3458,345.220559
3459,345.252272
3460,345.28853
3461,345.331046
3462,345.385181
3463,345.467101
3464,345.627466
3465,346.02862
3466,346.158328
3467,346.209502
3468,346.256422
3469,346.305329
3470,346.349284
3471,346.386953
3472,346.418471
3473,346.444228
3474,346.464532
3475,346.479519
3476,346.489131
3477,346.493114
3478,346.491033
3479,346.482366
3480,346.466894
3481,346.446097
3482,346.419438
3483,346.352866
3484,345.985997
3485,345.860192
3486,345.813575
3487,345.795582
3488,345.790017
3489,345.791384
3490,345.797581
3491,345.807625
3492,345.820921
3493,345.837017
3494,345.8555
3495,345.875935
3496,345.897824
3497,345.920567
3498,345.943439
3499,345.965643
3500,345.986432
3501,346.005175
3502,346.02137
3503,346.03463
3504,346.044681
3505,346.051342
3506,346.054513
3507,346.054161
3508,346.050317
3509,346.043076
3510,346.032606
3511,346.019161
3512,346.003092
3513,345.984859
3514,345.965039
3515,345.944331
3516,345.923548
3517,345.903571
3518,345.885642
3519,345.872551
3520,345.162425
3521,345.180994
3522,345.207098
3523,345.237716
3524,345.272647
3525,345.313552
3526,345.365701
3527,345.445102
3528,345.602098
3529,345.998014
3530,346.126448
3531,346.176189
3532,346.221167
3533,346.267959
3534,346.31001
3535,346.34608
3536,346.376304
3537,346.40105
3538,346.420607
3539,346.4351
3540,346.444474
3541,346.448484
3542,346.446716
3543,346.43866
3544,346.42407
3545,346.404274
3546,346.378541
3547,346.312281
3548,345.947575
3549,345.822992
3550,345.776989
3551,345.75906
3552,345.753053
3553,345.753512
3554,345.75836
3555,345.766623
3556,345.77771
3557,345.791166
3558,345.806577
3559,345.823525
3560,345.841556
3561,345.860169
3562,345.878807
3563,345.896892
3564,345.913867
3565,345.929234
3566,345.942578
3567,345.953566
3568,345.961955
3569,345.967577
3570,345.970338
3571,345.970205
3572,345.967206
3573,345.961433
3574,345.953041
3575,345.942258
3576,345.929389
3577,345.914815
3578,345.898995
3579,345.882446
3580,345.865739
3581,345.849531
3582,345.83483
3583,345.82399
3584,345.149778
3585,345.167711
3586,345.192851
3587,345.22224
3588,345.255647
3589,345.294636
3590,345.344298
3591,345.420363
3592,345.572893
3593,345.963133
3594,346.090421
3595,346.138445
3596,346.181023
3597,346.22528
3598,346.26512
3599,346.299389
3600,346.328195
3601,346.351869
3602,346.370667
3603,346.384699
3604,346.393916
3605,346.398094
3606,346.396855
3607,346.389726
3608,346.376451
3609,346.358167
3610,346.333843
3611,346.26791
3612,345.905528
3613,345.783094
3614,345.73853
3615,345.721257
3616,345.715253
3617,345.71518
3618,345.719041
3619,345.725908
3620,345.735219
3621,345.746541
3622,345.759485
3623,345.773667
3624,345.788688
3625,345.804127
3626,345.819541
3627,345.834481
3628,345.848514
3629,345.861247
3630,345.872342
3631,345.881522
3632,345.888578
3633,345.893365
3634,345.895796
3635,345.895845
3636,345.893537
3637,345.888955
3638,345.882238
3639,345.873584
3640,345.863249
3641,345.851549
3642,345.838845
3643,345.825537
3644,345.812059
3645,345.798922
3646,345.786944
3647,345.77807
3648,345.136589
3649,345.153844
3650,345.177946
3651,345.205994
3652,345.237691
3653,345.27442
3654,345.320859
3655,345.391943
3656,345.53696
3657,345.92149
3658,346.052481
3659,346.099421
3660,346.139426
3661,346.181023
3662,346.218623
3663,346.251115
3664,346.278558
3665,346.301223
3666,346.319329
3667,346.332969
3668,346.342099
3669,346.346528
3670,346.345925
3671,346.339881
3672,346.328163
3673,346.311705
3674,346.288935
3675,346.220793
3676,345.857846
3677,345.739744
3678,345.698148
3679,345.682344
3680,345.676819
3681,345.676569
3682,345.679767
3683,345.685574
3684,345.693483
3685,345.703098
3686,345.714068
3687,345.72605
3688,345.738697
3689,345.751654
3690,345.764559
3691,345.777052
3692,345.788789
3693,345.799454
3694,345.808772
3695,345.816515
3696,345.822507
3697,345.826625
3698,345.828795
3699,345.828993
3700,345.827245
3701,345.823624
3702,345.818254
3703,345.811303
3704,345.802992
3705,345.793579
3706,345.78336
3707,345.772656
3708,345.761813
3709,345.751244
3710,345.741612
3711,345.734482
3712,345.122978
3713,345.139526
3714,345.16254
3715,345.189163
3716,345.218997
3717,345.253089
3718,345.295171
3719,345.357431
3720,345.481883
3721,345.822105
3722,346.004928
3723,346.058863
3724,346.096914
3725,346.136152
3726,346.17179
3727,346.202764
3728,346.229063
3729,346.250895
3730,346.26844
3731,346.281777
3732,346.290869
3733,346.295554
3734,346.295557
3735,346.290545
3736,346.280325
3737,346.265504
3738,346.242049
3739,346.133867
3740,345.79301
3741,345.690462
3742,345.655612
3743,345.642529
3744,345.637997
3745,345.637881
3746,345.640685
3747,345.645714
3748,345.652533
3749,345.660798
3750,345.670197
3751,345.680431
3752,345.6912
3753,345.702203
3754,345.71314
3755,345.723717
3756,345.733652
3757,345.74269
3758,345.750605
3759,345.757209
3760,345.762355
3761,345.765939
3762,345.7679
3763,345.768218
3764,345.76692
3765,345.764069
3766,345.759776
3767,345.754187
3768,345.747492
3769,345.73991
3770,345.731692
3771,345.723107
3772,345.714446
3773,345.706054
3774,345.698465
3775,345.6929
3776,345.109091
3777,345.124916
3778,345.146818
3779,345.171982
3780,345.199877
3781,345.231088
3782,345.267775
3783,345.316213
3784,345.393997
3785,345.544665
3786,345.829452
3787,345.980406
3788,346.024046
3789,346.062767
3790,346.0977
3791,346.128105
3792,346.153971
3793,346.175488
3794,346.192822
3795,346.206046
3796,346.215124
3797,346.219909
3798,346.220146
3799,346.215522
3800,346.205753
3801,346.189241
3802,346.124449
3803,345.825056
3804,345.687575
3805,345.633107
3806,345.611266
3807,345.602268
3808,345.599132
3809,345.599369
3810,345.601978
3811,345.606449
3812,345.612431
3813,345.619635
3814,345.627793
3815,345.636644
3816,345.64593
3817,345.655396
3818,345.664788
3819,345.673862
3820,345.682384
3821,345.690144
3822,345.696953
3823,345.702657
3824,345.707132
3825,345.710292
3826,345.712084
3827,345.712496
3828,345.711552
3829,345.709311
3830,345.705871
3831,345.701362
3832,345.695951
3833,345.68983
3834,345.68322
3835,345.67636
3836,345.669508
3837,345.662965
3838,345.657165
3839,345.653011
3840,345.095115
3841,345.110219
3842,345.131017
3843,345.154749
3844,345.18077
3845,345.209286
3846,345.241274
3847,345.279225
3848,345.328749
3849,345.399504
3850,345.494758
3851,345.564315
3852,345.606492
3853,345.640434
3854,345.670052
3855,345.695986
3856,345.718393
3857,345.73737
3858,345.752991
3859,345.765289
3860,345.774253
3861,345.779821
3862,345.781881
3863,345.78022
3864,345.774218
3865,345.761128
3866,345.728523
3867,345.653221
3868,345.604722
3869,345.579988
3870,345.568046
3871,345.562572
3872,345.560756
3873,345.561398
3874,345.563927
3875,345.567997
3876,345.57334
3877,345.579718
3878,345.586902
3879,345.594668
3880,345.602793
3881,345.611056
3882,345.619242
3883,345.627143
3884,345.634563
3885,345.641325
3886,345.64727
3887,345.652268
3888,345.656215
3889,345.659037
3890,345.660692
3891,345.661173
3892,345.660501
3893,345.658732
3894,345.655954
3895,345.652286
3896,345.647878
3897,345.642906
3898,345.63757
3899,345.632094
3900,345.626723
3901,345.621732
3902,345.617481
3903,345.614594
3904,345.081371
3905,345.095771
3906,345.115511
3907,345.137895
3908,345.162216
3909,345.188445
3910,345.216928
3911,345.248468
3912,345.284527
3913,345.326778
3914,345.373885
3915,345.415459
3916,345.449402
3917,345.47884
3918,345.505009
3919,345.528207
3920,345.548494
3921,345.565893
3922,345.580423
3923,345.592098
3924,345.600918
3925,345.606871
3926,345.609936
3927,345.610048
3928,345.606962
3929,345.599741
3930,345.585765
3931,345.56314
3932,345.545231
3933,345.533995
3934,345.527629
3935,345.524496
3936,345.523667
3937,345.524648
3938,345.527139
3939,345.530914
3940,345.535771
3941,345.541513
3942,345.547946
3943,345.554875
3944,345.562104
3945,345.569443
3946,345.576703
3947,345.583705
3948,345.590281
3949,345.596276
3950,345.601557
3951,345.60601
3952,345.609546
3953,345.612104
3954,345.613647
3955,345.614171
3956,345.613698
3957,345.612279
3958,345.609998
3959,345.606963
3960,345.603312
3961,345.59921
3962,345.594848
3963,345.590442
3964,345.586234
3965,345.582496
3966,345.579542
3967,345.577765
3968,345.068607
3969,345.082351
3970,345.101128
3971,345.122323
3972,345.145204
3973,345.169626
3974,345.195655
3975,345.22347
3976,345.253309
3977,345.2852
3978,345.318172
3979,345.349591
3980,345.378307
3981,345.404484
3982,345.42823
3983,345.449524
3984,345.468315
3985,345.484571
3986,345.498279
3987,345.509438
3988,345.518058
3989,345.524155
3990,345.527762
3991,345.528927
3992,345.527676
3993,345.523931
3994,345.517481
3995,345.5088
3996,345.501001
3997,345.495291
3998,345.491672
3999,345.489875
4000,345.489665
4001,345.490864
4002,345.493317
4003,345.49687
4004,345.501366
4005,345.506638
4006,345.512516
4007,345.518828
4008,345.525401
4009,345.532063
4010,345.538647
4011,345.544994
4012,345.550953
4013,345.55639
4014,345.561184
4015,345.565237
4016,345.568469
4017,345.570826
4018,345.572279
4019,345.572823
4020,345.572482
4021,345.571304
4022,345.569366
4023,345.566771
4024,345.563649
4025,345.560157
4026,345.556479
4027,345.55283
4028,345.549456
4029,345.546638
4030,345.544675
4031,345.543797
4032,345.058949
4033,345.07218
4034,345.090233
4035,345.110566
4036,345.132445
4037,345.15568
4038,345.180238
4039,345.206105
4040,345.233212
4041,345.261296
4042,345.289701
4043,345.317355
4044,345.343508
4045,345.367832
4046,345.390127
4047,345.410247
4048,345.428091
4049,345.443598
4050,345.456739
4051,345.46751
4052,345.475922
4053,345.482005
4054,345.485817
4055,345.487452
4056,345.487047
4057,345.484781
4058,345.480926
4059,345.476086
4060,345.471431
4061,345.467708
4062,345.465213
4063,345.464017
4064,345.464097
4065,345.465388
4066,345.467795
4067,345.471199
4068,345.475465
4069,345.480444
4070,345.485981
4071,345.491917
4072,345.49809
4073,345.504341
4074,345.510516
4075,345.516467
4076,345.522054
4077,345.527153
4078,345.531652
4079,345.53546
4080,345.538505
4081,345.540736
4082,345.542127
4083,345.542674
4084,345.5424
4085,345.541352
4086,345.539604
4087,345.537255
4088,345.534428
4089,345.531277
4090,345.52798
4091,345.524751
4092,345.52184
4093,345.519535
4094,345.518145
4095,345.51783
4096,345.649803
4097,345.709872
4098,345.780895
4099,345.865092
4100,345.964968
4101,346.08298
4102,346.19086
4103,346.278422
4104,346.349853
4105,346.407759
4106,346.453913
4107,346.489541
4108,346.515446
4109,346.532066
4110,346.539504
4111,346.53753
4112,346.525571
4113,346.502669
4114,346.467409
4115,346.417773
4116,346.350805
4117,346.261736
4118,346.177254
4119,346.109488
4120,346.056056
4121,346.014587
4122,345.983073
4123,345.959901
4124,345.943808
4125,345.933818
4126,345.929201
4127,345.92943
4128,345.934161
4129,345.943211
4130,345.956552
4131,345.974304
4132,345.996745
4133,346.024323
4134,346.057672
4135,346.097644
4136,346.14535
4137,346.202209
4138,346.270021
4139,346.351056
4140,346.448163
4141,346.564908
4142,346.705692
4143,346.87573
4144,347.080391
4145,347.241083
4146,347.368714
4147,347.469739
4148,347.548559
4149,347.60839
4150,347.651629
4151,347.680041
4152,347.694869
4153,347.696899
4154,347.686502
4155,347.663654
4156,347.627921
4157,347.578423
4158,347.513702
4159,347.431378
4160,345.661745
4161,345.723895
4162,345.79783
4163,345.885586
4164,345.98956
4165,346.111951
4166,346.224013
4167,346.315289
4168,346.389892
4169,346.450443
4170,346.498752
4171,346.536077
4172,346.563248
4173,346.580718
4174,346.588592
4175,346.586633
4176,346.574246
4177,346.550444
4178,346.513774
4179,346.462185
4180,346.392729
4181,346.3008
4182,346.213397
4183,346.143002
4184,346.087383
4185,346.044172
4186,346.011323
4187,345.987177
4188,345.970425
4189,345.960053
4190,345.9553
4191,345.955618
4192,345.960647
4193,345.970197
4194,345.984236
4195,346.002893
4196,346.026457
4197,346.055395
4198,346.090371
4199,346.132276
4200,346.182267
4201,346.241825
4202,346.312824
4203,346.397619
4204,346.499155
4205,346.621091
4206,346.76788
4207,346.944641
4208,347.156161
4209,347.323148
4210,347.45612
4211,347.561511
4212,347.643791
4213,347.706266
4214,347.751411
4215,347.781058
4216,347.796497
4217,347.798546
4218,347.787591
4219,347.763604
4220,347.726133
4221,347.674256
4222,347.606449
4223,347.520218
4224,345.672182
4225,345.735772
4226,345.811813
4227,345.902189
4228,346.009147
4229,346.134672
4230,346.249779
4231,346.343867
4232,346.420961
4233,346.483651
4234,346.533747
4235,346.572517
4236,346.600801
4237,346.61906
4238,346.627398
4239,346.625575
4240,346.612984
4241,346.588625
4242,346.551034
4243,346.498167
4244,346.427122
4245,346.333422
4246,346.244175
4247,346.172049
4248,346.114939
4249,346.070523
4250,346.036752
4251,346.011948
4252,345.994777
4253,345.984201
4254,345.979438
4255,345.979924
4256,345.985287
4257,345.995331
4258,346.010025
4259,346.029499
4260,346.054054
4261,346.084172
4262,346.120538
4263,346.164072
4264,346.215967
4265,346.277748
4266,346.351338
4267,346.439144
4268,346.54416
4269,346.670073
4270,346.821305
4271,347.002825
4272,347.219041
4273,347.390451
4274,347.527318
4275,347.635974
4276,347.720881
4277,347.785369
4278,347.831957
4279,347.862513
4280,347.878358
4281,347.880333
4282,347.868831
4283,347.843824
4284,347.804844
4285,347.750939
4286,347.680541
4287,347.59109
4288,345.680547
4289,345.745156
4290,345.822697
4291,345.914953
4292,346.024054
4293,346.151843
4294,346.269177
4295,346.365367
4296,346.444376
4297,346.508758
4298,346.560306
4299,346.600287
4300,346.629541
4301,346.648531
4302,346.657363
4303,346.655791
4304,346.643205
4305,346.618598
4306,346.580512
4307,346.526917
4308,346.454955
4309,346.360222
4310,346.269892
4311,346.196734
4312,346.138729
4313,346.093592
4314,346.059288
4315,346.034133
4316,346.01678
4317,346.006178
4318,346.001532
4319,346.002266
4320,346.008
4321,346.018535
4322,346.033836
4323,346.054039
4324,346.07945
4325,346.110563
4326,346.148078
4327,346.192934
4328,346.246349
4329,346.309877
4330,346.385471
4331,346.475567
4332,346.583181
4333,346.711994
4334,346.866387
4335,347.051209
4336,347.270671
4337,347.445122
4338,347.584705
4339,347.695668
4340,347.78244
4341,347.848353
4342,347.895939
4343,347.927089
4344,347.943142
4345,347.94495
4346,347.932914
4347,347.907001
4348,347.866735
4349,347.811145
4350,347.738636
4351,347.646613
4352,345.686503
4353,345.751806
4354,345.83037
4355,345.923917
4356,346.034501
4357,346.163876
4358,346.282791
4359,346.380502
4360,346.460932
4361,346.526604
4362,346.579297
4363,346.620269
4364,346.650359
4365,346.670027
4366,346.679379
4367,346.678166
4368,346.665777
4369,346.641204
4370,346.602994
4371,346.549133
4372,346.476791
4373,346.381605
4374,346.290791
4375,346.217176
4376,346.158786
4377,346.113365
4378,346.07889
4379,346.053677
4380,346.036375
4381,346.025924
4382,346.021521
4383,346.022584
4384,346.028728
4385,346.039748
4386,346.055612
4387,346.076454
4388,346.102586
4389,346.134507
4390,346.172927
4391,346.218797
4392,346.273349
4393,346.338155
4394,346.415183
4395,346.506884
4396,346.61628
4397,346.747042
4398,346.903513
4399,347.09047
4400,347.312019
4401,347.488404
4402,347.629709
4403,347.742131
4404,347.830071
4405,347.896852
4406,347.945013
4407,347.976451
4408,347.992515
4409,347.994066
4410,347.981508
4411,347.954806
4412,347.913476
4413,347.856537
4414,347.782379
4415,347.688387
4416,345.689832
4417,345.755547
4418,345.834736
4419,345.929086
4420,346.040607
4421,346.171001
4422,346.290951
4423,346.389682
4424,346.471094
4425,346.537694
4426,346.591245
4427,346.633001
4428,346.663797
4429,346.684091
4430,346.693988
4431,346.693237
4432,346.681226
4433,346.656946
4434,346.618947
4435,346.565224
4436,346.492962
4437,346.397821
4438,346.307039
4439,346.233464
4440,346.175146
4441,346.129842
4442,346.095538
4443,346.07055
4444,346.053525
4445,346.043401
4446,346.039368
4447,346.040841
4448,346.047433
4449,346.058937
4450,346.075317
4451,346.09671
4452,346.123427
4453,346.15597
4454,346.195052
4455,346.241628
4456,346.296939
4457,346.362561
4458,346.440469
4459,346.533122
4460,346.643539
4461,346.775383
4462,346.932976
4463,347.121057
4464,347.343685
4465,347.521043
4466,347.663192
4467,347.776303
4468,347.86476
4469,347.931881
4470,347.980203
4471,348.01163
4472,348.027516
4473,348.028722
4474,348.015655
4475,347.988279
4476,347.946106
4477,347.888148
4478,347.812788
4479,347.717401
4480,345.690378
4481,345.756245
4482,345.835703
4483,345.930425
4484,346.042398
4485,346.173304
4486,346.293797
4487,346.393092
4488,346.475082
4489,346.542266
4490,346.596403
4491,346.638743
4492,346.67012
4493,346.690991
4494,346.701458
4495,346.701269
4496,346.689809
4497,346.66607
4498,346.628598
4499,346.575389
4500,346.503632
4501,346.408997
4502,346.31872
4503,346.245647
4504,346.187829
4505,346.143026
4506,346.109224
4507,346.084739
4508,346.068216
4509,346.058592
4510,346.055057
4511,346.057024
4512,346.064104
4513,346.07609
4514,346.092943
4515,346.114799
4516,346.141968
4517,346.174948
4518,346.21445
4519,346.261429
4520,346.317123
4521,346.383104
4522,346.461352
4523,346.554319
4524,346.665026
4525,346.797133
4526,346.954956
4527,347.143227
4528,347.365994
4529,347.543436
4530,347.685608
4531,347.798677
4532,347.887025
4533,347.953969
4534,348.002049
4535,348.033169
4536,348.048686
4537,348.049461
4538,348.0359
4539,348.007967
4540,347.96517
4541,347.906521
4542,347.830397
4543,347.734168
4544,345.688017
4545,345.753784
4546,345.833172
4547,345.927852
4548,346.039816
4549,346.170746
4550,346.291308
4551,346.390724
4552,346.472897
4553,346.540328
4554,346.594781
4555,346.637508
4556,346.669342
4557,346.690741
4558,346.701804
4559,346.702279
4560,346.691547
4561,346.668596
4562,346.631966
4563,346.579645
4564,346.508815
4565,346.415142
4566,346.325842
4567,346.253728
4568,346.196836
4569,346.152916
4570,346.119946
4571,346.096243
4572,346.080449
4573,346.071502
4574,346.068595
4575,346.071141
4576,346.078752
4577,346.09122
4578,346.108506
4579,346.130741
4580,346.158231
4581,346.191466
4582,346.231152
4583,346.278231
4584,346.333933
4585,346.399823
4586,346.477867
4587,346.570516
4588,346.680788
4589,346.812346
4590,346.969518
4591,347.157054
4592,347.379028
4593,347.555672
4594,347.697054
4595,347.809354
4596,347.896967
4597,347.963217
4598,348.010648
4599,348.041165
4600,348.056122
4601,348.056379
4602,348.04234
4603,348.013967
4604,347.970769
4605,347.911757
4606,347.835308
4607,347.73879
4608,345.682644
4609,345.748051
4610,345.827022
4611,345.921241
4612,346.032718
4613,346.163168
4614,346.283304
4615,346.382383
4616,346.464327
4617,346.531658
4618,346.58615
4619,346.629062
4620,346.661228
4621,346.683106
4622,346.694795
4623,346.696042
4624,346.686224
4625,346.664323
4626,346.628869
4627,346.577833
4628,346.508376
4629,346.416154
4630,346.328331
4631,346.25766
4632,346.202141
4633,346.159503
4634,346.127711
4635,346.105076
4636,346.090245
4637,346.082157
4638,346.08001
4639,346.083223
4640,346.091411
4641,346.104366
4642,346.122048
4643,346.144583
4644,346.172267
4645,346.205582
4646,346.245216
4647,346.292098
4648,346.347437
4649,346.412778
4650,346.490072
4651,346.581756
4652,346.690843
4653,346.821009
4654,346.976608
4655,347.162436
4656,347.382633
4657,347.557551
4658,347.697287
4659,347.808059
4660,347.894286
4661,347.959309
4662,348.005673
4663,348.035282
4664,348.049484
4665,348.049134
4666,348.034633
4667,348.005941
4668,347.962568
4669,347.903528
4670,347.827203
4671,347.730963
4672,345.674171
4673,345.738944
4674,345.817123
4675,345.910417
4676,346.02088
4677,346.150286
4678,346.269448
4679,346.36768
4680,346.448947
4681,346.515801
4682,346.570035
4683,346.612918
4684,346.645285
4685,346.667594
4686,346.679945
4687,346.682081
4688,346.67338
4689,346.652817
4690,346.61891
4691,346.569605
4692,346.50203
4693,346.411812
4694,346.326034
4695,346.257348
4696,346.203698
4697,346.162777
4698,346.132532
4699,346.111271
4700,346.097644
4701,346.090603
4702,346.089354
4703,346.093326
4704,346.10214
4705,346.115591
4706,346.133637
4707,346.156397
4708,346.184157
4709,346.217382
4710,346.256739
4711,346.30313
4712,346.357734
4713,346.422066
4714,346.498046
4715,346.588087
4716,346.695193
4717,346.823051
4718,346.976059
4719,347.159094
4720,347.37641
4721,347.548564
4722,347.685708
4723,347.79412
4724,347.878262
4725,347.94149
4726,347.98635
4727,348.014734
4728,348.02798
4729,348.026932
4730,348.011984
4731,347.983097
4732,347.939783
4733,347.881065
4734,347.805332
4735,347.709963
4736,345.662539
4737,345.726376
4738,345.803339
4739,345.89517
4740,346.003992
4741,346.131683
4742,346.249217
4743,346.346007
4744,346.426081
4745,346.492036
4746,346.545688
4747,346.588311
4748,346.620742
4749,346.643434
4750,346.656486
4751,346.659644
4752,346.652286
4753,346.633388
4754,346.601455
4755,346.554406
4756,346.489321
4757,346.401773
4758,346.31872
4759,346.25266
4760,346.201451
4761,346.162735
4762,346.134442
4763,346.11488
4764,346.102713
4765,346.096912
4766,346.096703
4767,346.101529
4768,346.111022
4769,346.124982
4770,346.143366
4771,346.166286
4772,346.194012
4773,346.226987
4774,346.26585
4775,346.311465
4776,346.364968
4777,346.427826
4778,346.501909
4779,346.589587
4780,346.693839
4781,346.818359
4782,346.967601
4783,347.146567
4784,347.359691
4785,347.527858
4786,347.661314
4787,347.766427
4788,347.847711
4789,347.908531
4790,347.951421
4791,347.978251
4792,347.990332
4793,347.988492
4794,347.973114
4795,347.944157
4796,347.901145
4797,347.843113
4798,347.76847
4799,347.674615
4800,345.647733
4801,345.710299
4802,345.785547
4803,345.875261
4804,345.981662
4805,346.106791
4806,346.221879
4807,346.316496
4808,346.394765
4809,346.459338
4810,346.512047
4811,346.554162
4812,346.58651
4813,346.609535
4814,346.623334
4815,346.627659
4816,346.621899
4817,346.605039
4818,346.575586
4819,346.531431
4820,346.469593
4821,346.385559
4822,346.306084
4823,346.243438
4824,346.19535
4825,346.159399
4826,346.133503
4827,346.115987
4828,346.105547
4829,346.101186
4830,346.102159
4831,346.107936
4832,346.118164
4833,346.132651
4834,346.151355
4835,346.174378
4836,346.201973
4837,346.234554
4838,346.272722
4839,346.317291
4840,346.369337
4841,346.430256
4842,346.501843
4843,346.586392
4844,346.686823
4845,346.806815
4846,346.950882
4847,347.124198
4848,347.3315
4849,347.494168
4850,347.622617
4851,347.723343
4852,347.800904
4853,347.858653
4854,347.899084
4855,347.924016
4856,347.93472
4857,347.931991
4858,347.916198
4859,347.887301
4860,347.844839
4861,347.787875
4862,347.714855
4863,347.623216
4864,345.629822
4865,345.690741
4866,345.76368
4867,345.850458
4868,345.953419
4869,346.074859
4870,346.186424
4871,346.277942
4872,346.35367
4873,346.416305
4874,346.467673
4875,346.509016
4876,346.541128
4877,346.564437
4878,346.579034
4879,346.584682
4880,346.580797
4881,346.566399
4882,346.540021
4883,346.499551
4884,346.441941
4885,346.362536
4886,346.287765
4887,346.229533
4888,346.185384
4889,346.152839
4890,346.129827
4891,346.114723
4892,346.10628
4893,346.103556
4894,346.105853
4895,346.112676
4896,346.123696
4897,346.138734
4898,346.157748
4899,346.180831
4900,346.208214
4901,346.240277
4902,346.277572
4903,346.32085
4904,346.371106
4905,346.429638
4906,346.498126
4907,346.57874
4908,346.674284
4909,346.78836
4910,346.925513
4911,347.091141
4912,347.29047
4913,347.445687
4914,347.567509
4915,347.662578
4916,347.735456
4917,347.789429
4918,347.826894
4919,347.849584
4920,347.858696
4921,347.854981
4922,347.838786
4923,347.810073
4924,347.768411
4925,347.712911
4926,347.642083
4927,347.553439
4928,345.608999
4929,345.667859
4930,345.737789
4931,345.820596
4932,345.918742
4933,346.0349
4934,346.141449
4935,346.228668
4936,346.300969
4937,346.361047
4938,346.410655
4939,346.450955
4940,346.482681
4941,346.506225
4942,346.521669
4943,346.528799
4944,346.52708
4945,346.515603
4946,346.492986
4947,346.457181
4948,346.40511
4949,346.3319
4950,346.263386
4951,346.210864
4952,346.171642
4953,346.143219
4954,346.123604
4955,346.111277
4956,346.105091
4957,346.104191
4958,346.107944
4959,346.115903
4960,346.127772
4961,346.143388
4962,346.162713
4963,346.185828
4964,346.21294
4965,346.244387
4966,346.280664
4967,346.322444
4968,346.370619
4969,346.426356
4970,346.491172
4971,346.567044
4972,346.656559
4973,346.76312
4974,346.891184
4975,347.046368
4976,347.2347
4977,347.37984
4978,347.49302
4979,347.580974
4980,347.648141
4981,347.697617
4982,347.731619
4983,347.751732
4984,347.75905
4985,347.754254
4986,347.737663
4987,347.709249
4988,347.668621
4989,347.614974
4990,347.546931
4991,347.462145
4992,345.585636
4993,345.642015
4994,345.708155
4995,345.785717
4996,345.877136
4997,345.985564
4998,346.084898
4999,346.166257
5000,346.234118
5001,346.290992
5002,346.338429
5003,346.377435
5004,346.408637
5005,346.432371
5006,346.448708
5007,346.457464
5008,346.458184
5009,346.450088
5010,346.431976
5011,346.402015
5012,346.357272
5013,346.292645
5014,346.232668
5015,346.187551
5016,346.154398
5017,346.130847
5018,346.115124
5019,346.105908
5020,346.10221
5021,346.103295
5022,346.10862
5023,346.117796
5024,346.130567
5025,346.146793
5026,346.166439
5027,346.189576
5028,346.216382
5029,346.247151
5030,346.28231
5031,346.322439
5032,346.368308
5033,346.420919
5034,346.481574
5035,346.551966
5036,346.634325
5037,346.731628
5038,346.84793
5039,346.988793
5040,347.161393
5041,347.292786
5042,347.394875
5043,347.474139
5044,347.53457
5045,347.578872
5046,347.608958
5047,347.626196
5048,347.631534
5049,347.625567
5050,347.608578
5051,347.580551
5052,347.541158
5053,347.489713
5054,347.425029
5055,347.345027
5056,345.560323
5057,345.613853
5058,345.675458
5059,345.74636
5060,345.828442
5061,345.924816
5062,346.01341
5063,346.086981
5064,346.149374
5065,346.202464
5066,346.247388
5067,346.284895
5068,346.315463
5069,346.33935
5070,346.356613
5071,346.36711
5072,346.370493
5073,346.366172
5074,346.35326
5075,346.330416
5076,346.29541
5077,346.243573
5078,346.195751
5079,346.160156
5080,346.134245
5081,346.116236
5082,346.104806
5083,346.098956
5084,346.097918
5085,346.101109
5086,346.108091
5087,346.118549
5088,346.132271
5089,346.149142
5090,346.169132
5091,346.192302
5092,346.218799
5093,346.248868
5094,346.282862
5095,346.321261
5096,346.364693
5097,346.413968
5098,346.470125
5099,346.534492
5100,346.608773
5101,346.695194
5102,346.796752
5103,346.917801
5104,347.06576
5105,347.178286
5106,347.266599
5107,347.335693
5108,347.388513
5109,347.427084
5110,347.452885
5111,347.467002
5112,347.470201
5113,347.462976
5114,347.445568
5115,347.417977
5116,347.379954
5117,347.330966
5118,347.270104
5119,347.195781
5120,345.533863
5121,345.584347
5122,345.640978
5123,345.704182
5124,345.774025
5125,345.848865
5126,345.920439
5127,345.984437
5128,346.040656
5129,346.089594
5130,346.131782
5131,346.167653
5132,346.197511
5133,346.221527
5134,346.239742
5135,346.252062
5136,346.258261
5137,346.257977
5138,346.250728
5139,346.235962
5140,346.213294
5141,346.183566
5142,346.154158
5143,346.130124
5144,346.112237
5145,346.100128
5146,346.093188
5147,346.090826
5148,346.092534
5149,346.097896
5150,346.106589
5151,346.118373
5152,346.133087
5153,346.150641
5154,346.171012
5155,346.194248
5156,346.220466
5157,346.249862
5158,346.282711
5159,346.319384
5160,346.360364
5161,346.406255
5162,346.45781
5163,346.515944
5164,346.581737
5165,346.656391
5166,346.741017
5167,346.835815
5168,346.936993
5169,347.024943
5170,347.097497
5171,347.155466
5172,347.200092
5173,347.232534
5174,347.253764
5175,347.264548
5176,347.265457
5177,347.256874
5178,347.238998
5179,347.211847
5180,347.175249
5181,347.128829
5182,347.071977
5183,347.003822
5184,345.507175
5185,345.554689
5186,345.606595
5187,345.662825
5188,345.722773
5189,345.78464
5190,345.844738
5191,345.900482
5192,345.950916
5193,345.995846
5194,346.03536
5195,346.069619
5196,346.098768
5197,346.1229
5198,346.142039
5199,346.156135
5200,346.165075
5201,346.168699
5202,346.166856
5203,346.159521
5204,346.147076
5205,346.130914
5206,346.114357
5207,346.100258
5208,346.089845
5209,346.083418
5210,346.080871
5211,346.081955
5212,346.086393
5213,346.093928
5214,346.104346
5215,346.117483
5216,346.133222
5217,346.1515
5218,346.172302
5219,346.195663
5220,346.221672
5221,346.250471
5222,346.282263
5223,346.317312
5224,346.355954
5225,346.398596
5226,346.445718
5227,346.497849
5228,346.555518
5229,346.619119
5230,346.688587
5231,346.76268
5232,346.837599
5233,346.905702
5234,346.96383
5235,347.011157
5236,347.047801
5237,347.07421
5238,347.090898
5239,347.09834
5240,347.096926
5241,347.086936
5242,347.068533
5243,347.04176
5244,347.006531
5245,346.962641
5246,346.909774
5247,346.847572
5248,345.481092
5249,345.525905
5250,345.573712
5251,345.624255
5252,345.676846
5253,345.730159
5254,345.782255
5255,345.83153
5256,345.877069
5257,345.918453
5258,345.955539
5259,345.988314
5260,346.016808
5261,346.041053
5262,346.06106
5263,346.076815
5264,346.088289
5265,346.095466
5266,346.098397
5267,346.097303
5268,346.092748
5269,346.08587
5270,346.07847
5271,346.072236
5272,346.068211
5273,346.066885
5274,346.068408
5275,346.072753
5276,346.079816
5277,346.08947
5278,346.101594
5279,346.116088
5280,346.13288
5281,346.151929
5282,346.173227
5283,346.1968
5284,346.222706
5285,346.25104
5286,346.281934
5287,346.315553
5288,346.3521
5289,346.391804
5290,346.43491
5291,346.481639
5292,346.532122
5293,346.586266
5294,346.643508
5295,346.702439
5296,346.760392
5297,346.813666
5298,346.859864
5299,346.897836
5300,346.927195
5301,346.947952
5302,346.9603
5303,346.964489
5304,346.960761
5305,346.949318
5306,346.9303
5307,346.903773
5308,346.869735
5309,346.828119
5310,346.778823
5311,346.721772
5312,345.456242
5313,345.498699
5314,345.543115
5315,345.589201
5316,345.636377
5317,345.683724
5318,345.730089
5319,345.774436
5320,345.816034
5321,345.854448
5322,345.889448
5323,345.920931
5324,345.948858
5325,345.97322
5326,345.994023
5327,346.011275
5328,346.025003
5329,346.035274
5330,346.042237
5331,346.046193
5332,346.047679
5333,346.047538
5334,346.046877
5335,346.046768
5336,346.048007
5337,346.051079
5338,346.056234
5339,346.063566
5340,346.073087
5341,346.084761
5342,346.098544
5343,346.114387
5344,346.132255
5345,346.152129
5346,346.174007
5347,346.197903
5348,346.223852
5349,346.251906
5350,346.28213
5351,346.314603
5352,346.34941
5353,346.386632
5354,346.426327
5355,346.46849
5356,346.512999
5357,346.559511
5358,346.607324
5359,346.655214
5360,346.701366
5361,346.743645
5362,346.78037
5363,346.810495
5364,346.833482
5365,346.849133
5366,346.857447
5367,346.858526
5368,346.852516
5369,346.839565
5370,346.819802
5371,346.793325
5372,346.7602
5373,346.720464
5374,346.674154
5375,346.621343
5376,345.433022
5377,345.473468
5378,345.515135
5379,345.55777
5380,345.600923
5381,345.643958
5382,345.686134
5383,345.72675
5384,345.765256
5385,345.801268
5386,345.834545
5387,345.864951
5388,345.892413
5389,345.916903
5390,345.938421
5391,345.95699
5392,345.972667
5393,345.98556
5394,345.995851
5395,346.003841
5396,346.009986
5397,346.014906
5398,346.019341
5399,346.02402
5400,346.029541
5401,346.036326
5402,346.044647
5403,346.054657
5404,346.066433
5405,346.080006
5406,346.095382
5407,346.112557
5408,346.131527
5409,346.152288
5410,346.174846
5411,346.199207
5412,346.225384
5413,346.253391
5414,346.283239
5415,346.31493
5416,346.34845
5417,346.383758
5418,346.420768
5419,346.459318
5420,346.499132
5421,346.539754
5422,346.580483
5423,346.620316
5424,346.65797
5425,346.692054
5426,346.721374
5427,346.745076
5428,346.762629
5429,346.773761
5430,346.77838
5431,346.77651
5432,346.768241
5433,346.753698
5434,346.733017
5435,346.706332
5436,346.673767
5437,346.635442
5438,346.591481
5439,346.542036
5440,345.411635
5441,345.450377
5442,345.48983
5443,345.529787
5444,345.569912
5445,345.609758
5446,345.648821
5447,345.686612
5448,345.72272
5449,345.756831
5450,345.788727
5451,345.818267
5452,345.845369
5453,345.869998
5454,345.89215
5455,345.911858
5456,345.929192
5457,345.944269
5458,345.957275
5459,345.968481
5460,345.978256
5461,345.987067
5462,345.99544
5463,346.003896
5464,346.012892
5465,346.022784
5466,346.03383
5467,346.046207
5468,346.060029
5469,346.075367
5470,346.092265
5471,346.110754
5472,346.130852
5473,346.152574
5474,346.175931
5475,346.200926
5476,346.227554
5477,346.2558
5478,346.285626
5479,346.316971
5480,346.349738
5481,346.383787
5482,346.418917
5483,346.454854
5484,346.491222
5485,346.527517
5486,346.563077
5487,346.597073
5488,346.628545
5489,346.656506
5490,346.680078
5491,346.698582
5492,346.711552
5493,346.718718
5494,346.71996
5495,346.715273
5496,346.704732
5497,346.688466
5498,346.666637
5499,346.639423
5500,346.607009
5501,346.569582
5502,346.527329
5503,346.480449
5504,345.392138
5505,345.429438
5506,345.467102
5507,345.504968
5508,345.542783
5509,345.580229
5510,345.61695
5511,345.652597
5512,345.68686
5513,345.719489
5514,345.750301
5515,345.779165
5516,345.806005
5517,345.830782
5518,345.853495
5519,345.874178
5520,345.892903
5521,345.909787
5522,345.924999
5523,345.938773
5524,345.951407
5525,345.96326
5526,345.974724
5527,345.98619
5528,345.998015
5529,346.010499
5530,346.023878
5531,346.038333
5532,346.053997
5533,346.070967
5534,346.089317
5535,346.109102
5536,346.130363
5537,346.153132
5538,346.177426
5539,346.203251
5540,346.230593
5541,346.25941
5542,346.28963
5543,346.321137
5544,346.353762
5545,346.387278
5546,346.421392
5547,346.455735
5548,346.489856
5549,346.523221
5550,346.555198
5551,346.58508
5552,346.612103
5553,346.635517
5554,346.654651
5555,346.668966
5556,346.678075
5557,346.681741
5558,346.679857
5559,346.672425
5560,346.659535
5561,346.641346
5562,346.618065
5563,346.589932
5564,346.5572
5565,346.520122
5566,346.478944
5567,346.433897
5568,345.374492
5569,345.410569
5570,345.44678
5571,345.482996
5572,345.51903
5573,345.554647
5574,345.58959
5575,345.623602
5576,345.656452
5577,345.687941
5578,345.717918
5579,345.746272
5580,345.772934
5581,345.797869
5582,345.821077
5583,345.842591
5584,345.86248
5585,345.880851
5586,345.897855
5587,345.913689
5588,345.928596
5589,345.942857
5590,345.956778
5591,345.970664
5592,345.984804
5593,345.999452
5594,346.014824
5595,346.031097
5596,346.048415
5597,346.066894
5598,346.08663
5599,346.107699
5600,346.130165
5601,346.154076
5602,346.179466
5603,346.206346
5604,346.234699
5605,346.264471
5606,346.295563
5607,346.327811
5608,346.360986
5609,346.394778
5610,346.428803
5611,346.462598
5612,346.495639
5613,346.527349
5614,346.55711
5615,346.584281
5616,346.608222
5617,346.628328
5618,346.644064
5619,346.655002
5620,346.66083
5621,346.661355
5622,346.656504
5623,346.646309
5624,346.6309
5625,346.610488
5626,346.585354
5627,346.555818
5628,346.522223
5629,346.484903
5630,346.444165
5631,346.400274
5632,345.358603
5633,345.393638
5634,345.428658
5635,345.463561
5636,345.498206
5637,345.532416
5638,345.566001
5639,345.598768
5640,345.63054
5641,345.661162
5642,345.690511
5643,345.718494
5644,345.745051
5645,345.770152
5646,345.793799
5647,345.816022
5648,345.836884
5649,345.85648
5650,345.874942
5651,345.892436
5652,345.909162
5653,345.925349
5654,345.941241
5655,345.957087
5656,345.973128
5657,345.989587
5658,346.00666
5659,346.024523
5660,346.043327
5661,346.063202
5662,346.084263
5663,346.10661
5664,346.13033
5665,346.155493
5666,346.182152
5667,346.210336
5668,346.240036
5669,346.271198
5670,346.303705
5671,346.33736
5672,346.371872
5673,346.40685
5674,346.441803
5675,346.47616
5676,346.509297
5677,346.540573
5678,346.56935
5679,346.595019
5680,346.61701
5681,346.634813
5682,346.647991
5683,346.656197
5684,346.659183
5685,346.656808
5686,346.649037
5687,346.635948
5688,346.617726
5689,346.594662
5690,346.567135
5691,346.535587
5692,346.50048
5693,346.462256
5694,346.421301
5695,346.377924
5696,345.344345
5697,345.378488
5698,345.412526
5699,345.446377
5700,345.47993
5701,345.513052
5702,345.545596
5703,345.577417
5704,345.608375
5705,345.638348
5706,345.667237
5707,345.694964
5708,345.721478
5709,345.746754
5710,345.770793
5711,345.793624
5712,345.815301
5713,345.83591
5714,345.855562
5715,345.8744
5716,345.892592
5717,345.910327
5718,345.92781
5719,345.945251
5720,345.962859
5721,345.980832
5722,345.999359
5723,346.018612
5724,346.038749
5725,346.059917
5726,346.08225
5727,346.105873
5728,346.130899
5729,346.157428
5730,346.185545
5731,346.215304
5732,346.246722
5733,346.279761
5734,346.314303
5735,346.350128
5736,346.386889
5737,346.424102
5738,346.461142
5739,346.497287
5740,346.53177
5741,346.563841
5742,346.592813
5743,346.618077
5744,346.639105
5745,346.655453
5746,346.666758
5747,346.672737
5748,346.673198
5749,346.668042
5750,346.657275
5751,346.641021
5752,346.619537
5753,346.593214
5754,346.562571
5755,346.528219
5756,346.490797
5757,346.450899
5758,346.409021
5759,346.365524
5760,345.331582
5761,345.36496
5762,345.398183
5763,345.431185
5764,345.463877
5765,345.496155
5766,345.527905
5767,345.559012
5768,345.589365
5769,345.618867
5770,345.647434
5771,345.675002
5772,345.701527
5773,345.726988
5774,345.751385
5775,345.774741
5776,345.797107
5777,345.818554
5778,345.839181
5779,345.859111
5780,345.878486
5781,345.897471
5782,345.91624
5783,345.93498
5784,345.953877
5785,345.973117
5786,345.992882
5787,346.013346
5788,346.034679
5789,346.057043
5790,346.080595
5791,346.105491
5792,346.131876
5793,346.159889
5794,346.189657
5795,346.221278
5796,346.254815
5797,346.290269
5798,346.327546
5799,346.366424
5800,346.406509
5801,346.447205
5802,346.48771
5803,346.527073
5804,346.564302
5805,346.598482
5806,346.628838
5807,346.654745
5808,346.675708
5809,346.691342
5810,346.701343
5811,346.705488
5812,346.703627
5813,346.695693
5814,346.681721
5815,346.661877
5816,346.636485
5817,346.60606
5818,346.571313
5819,346.533105
5820,346.492341
5821,346.44984
5822,346.406243
5823,346.361985
5824,345.320178
5825,345.352897
5826,345.385442
5827,345.417757
5828,345.449772
5829,345.4814
5830,345.51255
5831,345.543129
5832,345.573048
5833,345.602224
5834,345.630587
5835,345.658081
5836,345.684667
5837,345.710325
5838,345.735053
5839,345.758872
5840,345.781823
5841,345.80397
5842,345.825399
5843,345.846215
5844,345.866546
5845,345.886536
5846,345.906343
5847,345.926134
5848,345.946086
5849,345.966376
5850,345.987187
5851,346.008699
5852,346.031097
5853,346.054562
5854,346.07928
5855,346.10544
5856,346.133229
5857,346.162837
5858,346.194445
5859,346.22822
5860,346.264296
5861,346.302744
5862,346.343538
5863,346.386491
5864,346.431185
5865,346.476901
5866,346.522585
5867,346.566922
5868,346.608554
5869,346.646313
5870,346.679307
5871,346.706901
5872,346.728647
5873,346.744226
5874,346.753408
5875,346.75602
5876,346.751945
5877,346.74113
5878,346.723614
5879,346.699575
5880,346.66939
5881,346.633708
5882,346.593495
5883,346.549994
5884,346.504534
5885,346.458268
5886,346.412033
5887,346.366337
5888,345.310003
5889,345.342155
5890,345.374136
5891,345.405899
5892,345.437383
5893,345.468519
5894,345.499229
5895,345.529436
5896,345.559062
5897,345.588038
5898,345.6163
5899,345.643797
5900,345.670493
5901,345.696366
5902,345.721411
5903,345.745645
5904,345.769101
5905,345.791836
5906,345.813923
5907,345.835459
5908,345.856558
5909,345.87735
5910,345.897982
5911,345.918613
5912,345.939412
5913,345.960558
5914,345.982238
5915,346.004643
5916,346.027976
5917,346.052443
5918,346.078264
5919,346.105666
5920,346.134888
5921,346.166181
5922,346.199803
5923,346.236009
5924,346.275039
5925,346.317087
5926,346.362248
5927,346.410444
5928,346.461295
5929,346.513974
5930,346.567073
5931,346.618666
5932,346.666752
5933,346.709792
5934,346.74678
5935,346.777116
5936,346.800451
5937,346.816577
5938,346.82535
5939,346.826657
5940,346.820402
5941,346.806517
5942,346.785002
5943,346.755988
5944,346.719846
5945,346.677333
5946,346.629741
5947,346.578921
5948,346.526933
5949,346.475427
5950,346.42547
5951,346.37762
5952,345.300937
5953,345.332602
5954,345.364116
5955,345.395439
5956,345.42652
5957,345.457297
5958,345.487703
5959,345.517671
5960,345.547132
5961,345.576021
5962,345.604278
5963,345.631854
5964,345.65871
5965,345.684823
5966,345.710182
5967,345.734798
5968,345.758699
5969,345.781931
5970,345.804562
5971,345.826678
5972,345.848384
5973,345.869803
5974,345.891075
5975,345.912355
5976,345.933813
5977,345.955633
5978,345.97801
5979,346.001153
5980,346.025285
5981,346.050644
5982,346.077486
5983,346.106086
5984,346.136743
5985,346.169782
5986,346.205553
5987,346.244428
5988,346.286794
5989,346.333025
5990,346.383428
5991,346.438154
5992,346.497005
5993,346.559151
5994,346.622735
5995,346.684725
5996,346.741894
5997,346.792205
5998,346.834637
5999,346.868762
6000,346.894442
6001,346.911647
6002,346.92036
6003,346.920536
6004,346.912086
6005,346.894893
6006,346.868848
6007,346.833934
6008,346.790379
6009,346.738923
6010,346.681206
6011,346.620097
6012,346.559052
6013,346.500441
6014,346.445511
6015,346.394758
6016,345.292872
6017,345.32412
6018,345.355253
6019,345.386236
6020,345.417023
6021,345.447559
6022,345.477785
6023,345.507637
6024,345.53705
6025,345.565961
6026,345.59431
6027,345.622044
6028,345.64912
6029,345.675507
6030,345.70119
6031,345.726172
6032,345.750473
6033,345.774132
6034,345.79721
6035,345.819786
6036,345.841959
6037,345.863848
6038,345.885591
6039,345.907344
6040,345.92928
6041,345.951593
6042,345.974493
6043,345.998209
6044,346.022992
6045,346.049113
6046,346.076871
6047,346.106595
6048,346.138651
6049,346.173448
6050,346.211444
6051,346.253156
6052,346.299156
6053,346.350065
6054,346.406515
6055,346.469068
6056,346.537996
6057,346.612813
6058,346.691323
6059,346.768381
6060,346.838043
6061,346.897864
6062,346.947192
6063,346.986071
6064,347.014751
6065,347.033481
6066,347.042417
6067,347.041598
6068,347.030929
6069,347.010199
6070,346.979104
6071,346.937323
6072,346.884685
6073,346.821544
6074,346.74964
6075,346.67362
6076,346.600027
6077,346.532061
6078,346.470815
6079,346.416438
6080,345.28571
6081,345.316605
6082,345.347434
6083,345.378167
6084,345.408762
6085,345.439168
6086,345.46933
6087,345.499185
6088,345.52867
6089,345.557716
6090,345.58626
6091,345.61424
6092,345.641606
6093,345.668317
6094,345.69435
6095,345.719696
6096,345.744369
6097,345.768402
6098,345.791846
6099,345.814778
6100,345.837292
6101,345.859506
6102,345.881558
6103,345.903609
6104,345.925841
6105,345.948461
6106,345.971699
6107,345.995808
6108,346.021071
6109,346.047798
6110,346.076335
6111,346.107069
6112,346.140437
6113,346.176941
6114,346.217161
6115,346.261772
6116,346.311564
6117,346.367461
6118,346.430531
6119,346.501963
6120,346.582952
6121,346.674226
6122,346.774393
6123,346.874271
6124,346.960636
6125,347.032146
6126,347.089573
6127,347.133935
6128,347.166091
6129,347.186667
6130,347.196039
6131,347.19434
6132,347.181459
6133,347.15705
6134,347.120534
6135,347.071107
6136,347.007808
6137,346.929774
6138,346.837459
6139,346.738654
6140,346.647978
6141,346.568325
6142,346.499585
6143,346.441023
6144,345.279362
6145,345.309962
6146,345.34056
6147,345.371128
6148,345.401628
6149,345.432013
6150,345.462229
6151,345.492212
6152,345.521894
6153,345.551201
6154,345.580058
6155,345.608391
6156,345.636136
6157,345.663239
6158,345.689663
6159,345.715391
6160,345.740425
6161,345.764791
6162,345.788535
6163,345.811729
6164,345.834467
6165,345.856864
6166,345.879064
6167,345.901235
6168,345.923571
6169,345.946298
6170,345.969667
6171,345.993965
6172,346.019508
6173,346.046651
6174,346.07579
6175,346.107371
6176,346.141908
6177,346.179996
6178,346.222339
6179,346.269777
6180,346.323329
6181,346.384242
6182,346.454064
6183,346.534743
6184,346.628778
6185,346.739482
6186,346.871465
6187,347.009569
6188,347.116339
6189,347.200672
6190,347.266688
6191,347.316819
6192,347.352656
6193,347.375242
6194,347.385185
6195,347.382713
6196,347.367696
6197,347.33964
6198,347.297651
6199,347.240356
6200,347.165694
6201,347.070332
6202,346.947633
6203,346.810845
6204,346.698903
6205,346.606244
6206,346.529522
6207,346.466576
6208,345.273745
6209,345.304106
6210,345.334541
6211,345.365028
6212,345.395532
6213,345.426009
6214,345.456404
6215,345.486652
6216,345.516675
6217,345.546388
6218,345.575699
6219,345.604517
6220,345.632755
6221,345.660342
6222,345.687224
6223,345.713369
6224,345.738769
6225,345.763443
6226,345.787431
6227,345.810802
6228,345.833647
6229,345.856086
6230,345.878267
6231,345.900368
6232,345.922599
6233,345.945206
6234,345.968473
6235,345.99272
6236,346.018305
6237,346.045631
6238,346.075147
6239,346.107361
6240,346.142859
6241,346.182329
6242,346.22659
6243,346.27664
6244,346.333708
6245,346.399336
6246,346.475484
6247,346.564694
6248,346.670303
6249,346.796681
6250,346.949091
6251,347.108706
6252,347.231401
6253,347.326965
6254,347.400832
6255,347.456343
6256,347.495665
6257,347.520194
6258,347.530744
6259,347.527626
6260,347.510692
6261,347.479314
6262,347.432333
6263,347.367912
6264,347.283244
6265,347.173867
6266,347.032031
6267,346.873983
6268,346.745883
6269,346.642036
6270,346.55808
6271,346.491063
6272,345.268785
6273,345.298957
6274,345.329297
6275,345.359787
6276,345.390398
6277,345.421088
6278,345.451802
6279,345.482469
6280,345.513002
6281,345.543299
6282,345.573242
6283,345.602712
6284,345.631594
6285,345.65979
6286,345.687222
6287,345.713843
6288,345.739633
6289,345.764602
6290,345.788788
6291,345.812254
6292,345.835093
6293,345.857426
6294,345.879408
6295,345.901229
6296,345.923117
6297,345.945346
6298,345.968233
6299,345.992144
6300,346.017485
6301,346.044711
6302,346.074327
6303,346.106903
6304,346.143091
6305,346.183661
6306,346.229538
6307,346.281851
6308,346.342006
6309,346.411775
6310,346.49342
6311,346.589855
6312,346.704821
6313,346.84295
6314,347.009153
6315,347.182647
6316,347.316956
6317,347.421488
6318,347.501983
6319,347.562191
6320,347.604624
6321,347.630927
6322,347.642063
6323,347.638415
6324,347.619816
6325,347.585545
6326,347.534252
6327,347.463819
6328,347.371073
6329,347.251225
6330,347.096641
6331,346.925104
6332,346.78552
6333,346.673009
6334,346.583141
6335,346.512685
6336,345.264404
6337,345.294438
6338,345.32475
6339,345.35533
6340,345.386157
6341,345.417192
6342,345.448383
6343,345.479654
6344,345.510904
6345,345.542006
6346,345.572809
6347,345.603151
6348,345.632875
6349,345.661844
6350,345.689955
6351,345.717138
6352,345.743361
6353,345.768629
6354,345.792972
6355,345.816456
6356,345.83917
6357,345.861241
6358,345.882827
6359,345.904129
6360,345.9254
6361,345.946942
6362,345.969119
6363,345.992348
6364,346.017097
6365,346.043881
6366,346.073263
6367,346.105869
6368,346.142414
6369,346.183734
6370,346.230837
6371,346.284957
6372,346.347633
6373,346.4208
6374,346.506913
6375,346.609086
6376,346.731216
6377,346.87791
6378,347.053665
6379,347.23663
6380,347.379273
6381,347.490618
6382,347.576377
6383,347.640437
6384,347.685483
6385,347.713303
6386,347.724964
6387,347.720893
6388,347.700919
6389,347.664258
6390,347.609451
6391,347.534238
6392,347.435318
6393,347.307886
6394,347.144591
6395,346.964034
6396,346.816431
6397,346.697564
6398,346.603193
6399,346.530051
6400,345.260527
6401,345.290468
6402,345.320819
6403,345.35158
6404,345.382739
6405,345.414269
6406,345.44612
6407,345.478216
6408,345.510439
6409,345.542631
6410,345.574592
6411,345.606097
6412,345.636927
6413,345.666891
6414,345.695849
6415,345.72371
6416,345.750433
6417,345.776014
6418,345.800486
6419,345.82391
6420,345.846378
6421,345.868014
6422,345.888982
6423,345.909494
6424,345.929822
6425,345.950306
6426,345.971365
6427,345.993487
6428,346.017218
6429,346.043146
6430,346.071896
6431,346.104145
6432,346.140655
6433,346.182314
6434,346.230189
6435,346.285585
6436,346.350131
6437,346.425867
6438,346.515357
6439,346.621811
6440,346.749161
6441,346.901917
6442,347.084263
6443,347.273738
6444,347.422242
6445,347.538547
6446,347.628264
6447,347.695296
6448,347.742396
6449,347.771431
6450,347.783523
6451,347.779133
6452,347.758086
6453,347.719567
6454,347.662064
6455,347.583262
6456,347.479842
6457,347.347078
6458,347.177853
6459,346.991229
6460,346.838151
6461,346.714838
6462,346.617254
6463,346.542184
6464,345.257072
6465,345.286963
6466,345.317419
6467,345.348453
6468,345.38007
6469,345.412257
6470,345.444981
6471,345.478167
6472,345.511686
6473,345.54534
6474,345.578859
6475,345.611922
6476,345.64421
6477,345.675459
6478,345.705485
6479,345.734176
6480,345.761484
6481,345.787409
6482,345.811984
6483,345.835273
6484,345.857365
6485,345.878382
6486,345.898485
6487,345.91789
6488,345.936886
6489,345.955856
6490,345.975286
6491,345.995766
6492,346.017953
6493,346.042525
6494,346.070174
6495,346.101621
6496,346.137657
6497,346.179199
6498,346.227343
6499,346.283438
6500,346.34916
6501,346.426606
6502,346.518397
6503,346.627778
6504,346.758665
6505,346.915478
6506,347.102189
6507,347.295976
6508,347.448414
6509,347.568118
6510,347.660608
6511,347.72976
6512,347.778348
6513,347.808272
6514,347.820687
6515,347.816071
6516,347.794252
6517,347.754399
6518,347.694983
6519,347.613677
6520,347.507184
6521,347.370866
6522,347.197767
6523,347.007221
6524,346.850598
6525,346.72439
6526,346.62472
6527,346.548434
6528,345.253951
6529,345.283832
6530,345.314455
6531,345.345853
6532,345.378056
6533,345.411079
6534,345.444915
6535,345.479509
6536,345.51473
6537,345.550338
6538,345.585963
6539,345.621127
6540,345.65535
6541,345.688263
6542,345.719632
6543,345.749338
6544,345.77734
6545,345.803649
6546,345.82831
6547,345.851388
6548,345.87297
6549,345.893169
6550,345.912131
6551,345.930065
6552,345.947263
6553,345.964146
6554,345.981292
6555,345.99944
6556,346.019417
6557,346.042032
6558,346.06804
6559,346.098188
6560,346.133274
6561,346.174209
6562,346.222094
6563,346.278284
6564,346.344472
6565,346.422775
6566,346.515832
6567,346.626891
6568,346.759845
6569,346.91904
6570,347.108323
6571,347.304664
6572,347.459456
6573,347.581223
6574,347.675417
6575,347.74589
6576,347.795412
6577,347.825898
6578,347.838519
6579,347.833761
6580,347.811456
6581,347.770772
6582,347.710173
6583,347.627337
6584,347.518998
6585,347.380581
6586,347.205232
6587,347.012438
6588,346.853811
6589,346.726
6590,346.625228
6591,346.548391
6592,345.251065
6593,345.280968
6594,345.311814
6595,345.343662
6596,345.376577
6597,345.410619
6598,345.445829
6599,345.482199
6600,345.519627
6601,345.557845
6602,345.596346
6603,345.634386
6604,345.67119
6605,345.706247
6606,345.739293
6607,345.770227
6608,345.799043
6609,345.825783
6610,345.850513
6611,345.873307
6612,345.894244
6613,345.913417
6614,345.930944
6615,345.946994
6616,345.96184
6617,345.975916
6618,345.989908
6619,346.004797
6620,346.021717
6621,346.041649
6622,346.065406
6623,346.093722
6624,346.127358
6625,346.167186
6626,346.214271
6627,346.269948
6628,346.335892
6629,346.414212
6630,346.50754
6631,346.619113
6632,346.752801
6633,346.912909
6634,347.103218
6635,347.300606
6636,347.456378
6637,347.579015
6638,347.673933
6639,347.744968
6640,347.794888
6641,347.825611
6642,347.838315
6643,347.833492
6644,347.810976
6645,347.769935
6646,347.708836
6647,347.625363
6648,347.516267
6649,347.377009
6650,347.200786
6651,347.007154
6652,346.847834
6653,346.719545
6654,346.618562
6655,346.5418
6656,345.248307
6657,345.278256
6658,345.309368
6659,345.341739
6660,345.375477
6661,345.410709
6662,345.447554
6663,345.486102
6664,345.526339
6665,345.568033
6666,345.610532
6667,345.652595
6668,345.692851
6669,345.730639
6670,345.765733
6671,345.798117
6672,345.827865
6673,345.855081
6674,345.879865
6675,345.902304
6676,345.922467
6677,345.940413
6678,345.956203
6679,345.969932
6680,345.981787
6681,345.992151
6682,346.001795
6683,346.012117
6684,346.024877
6685,346.041279
6686,346.062126
6687,346.088064
6688,346.119753
6689,346.157979
6690,346.203734
6691,346.258294
6692,346.323294
6693,346.400808
6694,346.493441
6695,346.60441
6696,346.737572
6697,346.897218
6698,347.087123
6699,347.284162
6700,347.439637
6701,347.562019
6702,347.656725
6703,347.727588
6704,347.777377
6705,347.808013
6706,347.820674
6707,347.815856
6708,347.793393
6709,347.752456
6710,347.691513
6711,347.608249
6712,347.499418
6713,347.360482
6714,347.184643
6715,346.991463
6716,346.832654
6717,346.704936
6718,346.604581
6719,346.528506
6720,345.245556
6721,345.275563
6722,345.30697
6723,345.339911
6724,345.374555
6725,345.41111
6726,345.449816
6727,345.49092
6728,345.534614
6729,345.580874
6730,345.629044
6731,345.67696
6732,345.721798
6733,345.762956
6734,345.800452
6735,345.834479
6736,345.865256
6737,345.892976
6738,345.917795
6739,345.939814
6740,345.95909
6741,345.975633
6742,345.989417
6743,346.000406
6744,346.008599
6745,346.014159
6746,346.017745
6747,346.02151
6748,346.02871
6749,346.040658
6750,346.05795
6751,346.081002
6752,346.110287
6753,346.146448
6754,346.190366
6755,346.243229
6756,346.306598
6757,346.382492
6758,346.473471
6759,346.582724
6760,346.714102
6761,346.871915
6762,347.059986
6763,347.255281
6764,347.40918
6765,347.530184
6766,347.623737
6767,347.69369
6768,347.742817
6769,347.773038
6770,347.785527
6771,347.780779
6772,347.758631
6773,347.718254
6774,347.65812
6775,347.57591
6776,347.468362
6777,347.330909
6778,347.156712
6779,346.965272
6780,346.808179
6781,346.682081
6782,346.583198
6783,346.508421
6784,345.242688
6785,345.272751
6786,345.304457
6787,345.337983
6788,345.373566
6789,345.411512
6790,345.452205
6791,345.496115
6792,345.543781
6793,345.595721
6794,345.652045
6795,345.7091
6796,345.75975
6797,345.804789
6798,345.844918
6799,345.880692
6800,345.912535
6801,345.940761
6802,345.965585
6803,345.987131
6804,346.005437
6805,346.020453
6806,346.032046
6807,346.039989
6808,346.043971
6809,346.043608
6810,346.038576
6811,346.032464
6812,346.032568
6813,346.039264
6814,346.052495
6815,346.072263
6816,346.098768
6817,346.132462
6818,346.174081
6819,346.224695
6820,346.285768
6821,346.359234
6822,346.447587
6823,346.553977
6824,346.682249
6825,346.836766
6826,347.021462
6827,347.213507
6828,347.364453
6829,347.482879
6830,347.574289
6831,347.642564
6832,347.69048
6833,347.719948
6834,347.732132
6835,347.727519
6836,347.705948
6837,347.666598
6838,347.607948
6839,347.527677
6840,347.422496
6841,347.287777
6842,347.116591
6843,346.928298
6844,346.774233
6845,346.650884
6846,346.55437
6847,346.48153
6848,345.239573
6849,345.269675
6850,345.301659
6851,345.335746
6852,345.37224
6853,345.411547
6854,345.454199
6855,345.500896
6856,345.552556
6857,345.610388
6858,345.675965
6859,345.743685
6860,345.800359
6861,345.849255
6862,345.891958
6863,345.92942
6864,345.962275
6865,345.990959
6866,346.015747
6867,346.036786
6868,346.054092
6869,346.067558
6870,346.076935
6871,346.081802
6872,346.0815
6873,346.074967
6874,346.060253
6875,346.042509
6876,346.035054
6877,346.036281
6878,346.045264
6879,346.061537
6880,346.085008
6881,346.115915
6882,346.154832
6883,346.20269
6884,346.260827
6885,346.331061
6886,346.415789
6887,346.518092
6888,346.641804
6889,346.791363
6890,346.970899
6891,347.157939
6892,347.304347
6893,347.418845
6894,347.507029
6895,347.572805
6896,347.618936
6897,347.647302
6898,347.659042
6899,347.654629
6900,347.633905
6901,347.596068
6902,347.539617
6903,347.462248
6904,347.36065
6905,347.230111
6906,347.06355
6907,346.880071
6908,346.730573
6909,346.611272
6910,346.518125
6911,346.447906
6912,345.236083
6913,345.266191
6914,345.298406
6915,345.33299
6916,345.370306
6917,345.410846
6918,345.455266
6919,345.504434
6920,345.5595
6921,345.62194
6922,345.693446
6923,345.767314
6924,345.828583
6925,345.880729
6926,345.925675
6927,345.964617
6928,345.998347
6929,346.027397
6930,346.052096
6931,346.072606
6932,346.088929
6933,346.100905
6934,346.108191
6935,346.110219
6936,346.106109
6937,346.094497
6938,346.073181
6939,346.048123
6940,346.034563
6941,346.030856
6942,346.035765
6943,346.048538
6944,346.068848
6945,346.096743
6946,346.132629
6947,346.177279
6948,346.231878
6949,346.29809
6950,346.378164
6951,346.475057
6952,346.592546
6953,346.735155
6954,346.907316
6955,347.087158
6956,347.227092
6957,347.336082
6958,347.419828
6959,347.482225
6960,347.525972
6961,347.552881
6962,347.564036
6963,347.559888
6964,347.540285
6965,347.504462
6966,347.450975
6967,347.377577
6968,347.280975
6969,347.156381
6970,346.996485
6971,346.819948
6972,346.676946
6973,346.563254
6974,346.474622
6975,346.407766
6976,345.2321
6977,345.262168
6978,345.294543
6979,345.329524
6980,345.367521
6981,345.409093
6982,345.454981
6983,345.506158
6984,345.563878
6985,345.629675
6986,345.705117
6987,345.782921
6988,345.84746
6989,345.902102
6990,345.948841
6991,345.98898
6992,346.023401
6993,346.052701
6994,346.077248
6995,346.097213
6996,346.112586
6997,346.123167
6998,346.12855
6999,346.128072
7000,346.120744
7001,346.105109
7002,346.07899
7003,346.048751
7004,346.030395
7005,346.022463
7006,346.023651
7007,346.03306
7008,346.050197
7009,346.074946
7010,346.10755
7011,346.148613
7012,346.199134
7013,346.260575
7014,346.334957
7015,346.425016
7016,346.534361
7017,346.66753
7018,346.829368
7019,346.999059
7020,347.13003
7021,347.231628
7022,347.30959
7023,347.367684
7024,347.408446
7025,347.433549
7026,347.443985
7027,347.440165
7028,347.42195
7029,347.388643
7030,347.338913
7031,347.270656
7032,347.18071
7033,347.064298
7034,346.913824
7035,346.747159
7036,346.613195
7037,346.50704
7038,346.424241
7039,346.361543
7040,345.227519
7041,345.257486
7042,345.289934
7043,345.325186
7044,345.363689
7045,345.406048
7046,345.453058
7047,345.505746
7048,345.565404
7049,345.63355
7050,345.711621
7051,345.792019
7052,345.858807
7053,345.915241
7054,345.9633
7055,346.004317
7056,346.03922
7057,346.068638
7058,346.092962
7059,346.112372
7060,346.126845
7061,346.136156
7062,346.139856
7063,346.137234
7064,346.127253
7065,346.108444
7066,346.078683
7067,346.044535
7068,346.022372
7069,346.010879
7070,346.008751
7071,346.015009
7072,346.029043
7073,346.050597
7074,346.079756
7075,346.116944
7076,346.162945
7077,346.218956
7078,346.286675
7079,346.368447
7080,346.467468
7081,346.588013
7082,346.735297
7083,346.890437
7084,347.009128
7085,347.101125
7086,347.171883
7087,347.224768
7088,347.261985
7089,347.284968
7090,347.294565
7091,347.29113
7092,347.274546
7093,347.244218
7094,347.199011
7095,347.137109
7096,347.055711
7097,346.950358
7098,346.813319
7099,346.66096
7100,346.539508
7101,346.443227
7102,346.367713
7103,346.309978
7104,345.222249
7105,345.252049
7106,345.284468
7107,345.319848
7108,345.358662
7109,345.401544
7110,345.449321
7111,345.503045
7112,345.564013
7113,345.63371
7114,345.713479
7115,345.795543
7116,345.863796
7117,345.921417
7118,345.97035
7119,346.011928
7120,346.047092
7121,346.07649
7122,346.100522
7123,346.11937
7124,346.133004
7125,346.141182
7126,346.143429
7127,346.13901
7128,346.126873
7129,346.105554
7130,346.072969
7131,346.035779
7132,346.010558
7133,345.996074
7134,345.991029
7135,345.994389
7136,346.005452
7137,346.02384
7138,346.049488
7139,346.082629
7140,346.123809
7141,346.173907
7142,346.234189
7143,346.306393
7144,346.392872
7145,346.496846
7146,346.62291
7147,346.755824
7148,346.857839
7149,346.937887
7150,347.00013
7151,347.047041
7152,347.080259
7153,347.100871
7154,347.109537
7155,347.106531
7156,347.091769
7157,347.064798
7158,347.024759
7159,346.970301
7160,346.899376
7161,346.808648
7162,346.69145
7163,346.561169
7164,346.456945
7165,346.373112
7166,346.306264
7167,346.254191
7168,345.216221
7169,345.245779
7170,345.278059
7171,345.313415
7172,345.352337
7173,345.395476
7174,345.443674
7175,345.497995
7176,345.55973
7177,345.630336
7178,345.711092
7179,345.794119
7180,345.863215
7181,345.921507
7182,345.97091
7183,346.012747
7184,346.047959
7185,346.077198
7186,346.100869
7187,346.119153
7188,346.132014
7189,346.139198
7190,346.140217
7191,346.134322
7192,346.120455
7193,346.097161
7194,346.062372
7195,346.022791
7196,345.995106
7197,345.978125
7198,345.970542
7199,345.971279
7200,345.979555
7201,345.994882
7202,346.01705
7203,346.046108
7204,346.082354
7205,346.126326
7206,346.178796
7207,346.240735
7208,346.313177
7209,346.396746
7210,346.489982
7211,346.5836
7212,346.664269
7213,346.730636
7214,346.783506
7215,346.823937
7216,346.852845
7217,346.870913
7218,346.878579
7219,346.876037
7220,346.863235
7221,346.839881
7222,346.80544
7223,346.759148
7224,346.700067
7225,346.627355
7226,346.541483
7227,346.450302
7228,346.368535
7229,346.299049
7230,346.241689
7231,346.195672
7232,345.209384
7233,345.238622
7234,345.270648
7235,345.305824
7236,345.344647
7237,345.38778
7238,345.436071
7239,345.490586
7240,345.552611
7241,345.623582
7242,345.704744
7243,345.788162
7244,345.857581
7245,345.916099
7246,345.965609
7247,346.007422
7248,346.042476
7249,346.071424
7250,346.094669
7251,346.11239
7252,346.124545
7253,346.130874
7254,346.130878
7255,346.1238
7256,346.108579
7257,346.08376
7258,346.047276
7259,346.005835
7260,345.976189
7261,345.957151
7262,345.947399
7263,345.945809
7264,345.951526
7265,345.963967
7266,345.982788
7267,346.007869
7268,346.039276
7269,346.077235
7270,346.122076
7271,346.174128
7272,346.233498
7273,346.299581
7274,346.370097
7275,346.439827
7276,346.502774
7277,346.556492
7278,346.600359
7279,346.634473
7280,346.65915
7281,346.674712
7282,346.681395
7283,346.679313
7284,346.668448
7285,346.648654
7286,346.619689
7287,346.581284
7288,346.533306
7289,346.476145
7290,346.411571
7291,346.34427
7292,346.28083
7293,346.224441
7294,346.176165
7295,346.136105
7296,345.201706
7297,345.230544
7298,345.262199
7299,345.297037
7300,345.335558
7301,345.378427
7302,345.426495
7303,345.480827
7304,345.542706
7305,345.613559
7306,345.694616
7307,345.777925
7308,345.84721
7309,345.905551
7310,345.954832
7311,345.996354
7312,346.031055
7313,346.059583
7314,346.08234
7315,346.099501
7316,346.11102
7317,346.116629
7318,346.115824
7319,346.107842
7320,346.091612
7321,346.065673
7322,346.027942
7323,345.985115
7324,345.953964
7325,345.933287
7326,345.921733
7327,345.91813
7328,345.921561
7329,345.931354
7330,345.947053
7331,345.968389
7332,345.99524
7333,346.027577
7334,346.065402
7335,346.108627
7336,346.156886
7337,346.209225
7338,346.263705
7339,346.31724
7340,346.366579
7341,346.4097
7342,346.445627
7343,346.474
7344,346.494767
7345,346.50799
7346,346.513752
7347,346.512106
7348,346.503056
7349,346.486571
7350,346.462618
7351,346.431246
7352,346.392736
7353,346.347873
7354,346.298333
7355,346.247016
7356,346.197397
7357,346.151841
7358,346.111562
7359,346.077011
7360,345.193175
7361,345.221532
7362,345.2527
7363,345.287042
7364,345.325057
7365,345.367408
7366,345.414944
7367,345.468728
7368,345.530044
7369,345.60032
7370,345.680793
7371,345.763522
7372,345.832239
7373,345.890021
7374,345.938748
7375,345.979724
7376,346.013881
7377,346.041865
7378,346.064075
7379,346.080682
7380,346.091636
7381,346.096663
7382,346.095255
7383,346.086639
7384,346.069735
7385,346.043066
7386,346.004522
7387,345.960765
7388,345.928554
7389,345.906656
7390,345.89368
7391,345.888407
7392,345.88986
7393,345.897297
7394,345.91017
7395,345.928095
7396,345.950803
7397,345.978087
7398,346.009733
7399,346.045426
7400,346.084617
7401,346.126358
7402,346.169165
7403,346.211073
7404,346.250083
7405,346.284687
7406,346.313948
7407,346.337355
7408,346.35467
7409,346.365805
7410,346.370742
7411,346.369491
7412,346.362073
7413,346.348528
7414,346.328948
7415,346.303547
7416,346.272762
7417,346.237403
7418,346.198803
7419,346.15884
7420,346.119587
7421,346.082684
7422,346.049164
7423,346.019535
7424,345.183798
7425,345.211595
7426,345.242159
7427,345.275849
7428,345.313156
7429,345.354735
7430,345.401429
7431,345.454298
7432,345.514629
7433,345.583863
7434,345.663262
7435,345.744932
7436,345.812642
7437,345.869476
7438,345.917325
7439,345.957497
7440,345.990921
7441,346.01824
7442,346.039848
7443,346.055909
7444,346.066372
7445,346.070959
7446,346.069157
7447,346.060188
7448,346.042958
7449,346.015963
7450,345.977055
7451,345.932846
7452,345.900045
7453,345.877367
7454,345.863373
7455,345.856798
7456,345.856617
7457,345.862031
7458,345.872426
7459,345.887336
7460,345.90639
7461,345.929265
7462,345.955628
7463,345.98506
7464,346.016974
7465,346.050536
7466,346.084626
7467,346.117907
7468,346.149039
7469,346.176913
7470,346.20073
7471,346.219976
7472,346.234346
7473,346.24368
7474,346.247904
7475,346.247002
7476,346.241002
7477,346.229985
7478,346.214102
7479,346.19363
7480,346.169024
7481,346.140998
7482,346.110561
7483,346.078987
7484,346.047614
7485,346.017583
7486,345.989693
7487,345.964399
7488,345.173603
7489,345.200761
7490,345.230608
7491,345.263491
7492,345.299889
7493,345.34044
7494,345.385976
7495,345.437546
7496,345.496442
7497,345.564129
7498,345.641916
7499,345.722001
7500,345.788223
7501,345.843693
7502,345.890323
7503,345.929424
7504,345.961925
7505,345.988458
7506,346.009409
7507,346.024937
7508,346.034987
7509,346.039282
7510,346.037311
7511,346.028289
7512,346.01111
7513,345.984237
7514,345.945472
7515,345.901346
7516,345.868478
7517,345.845508
7518,345.830938
7519,345.82346
7520,345.822016
7521,345.825768
7522,345.834062
7523,345.846381
7524,345.862293
7525,345.881413
7526,345.903349
7527,345.927652
7528,345.953762
7529,345.980974
7530,346.008432
7531,346.035176
7532,346.060254
7533,346.082836
7534,346.102275
7535,346.118107
7536,346.130026
7537,346.137845
7538,346.141469
7539,346.140868
7540,346.136074
7541,346.12718
7542,346.11436
7543,346.097893
7544,346.078198
7545,346.055862
7546,346.031647
7547,346.006446
7548,345.981177
7549,345.956643
7550,345.933448
7551,345.911962
7552,345.162633
7553,345.189079
7554,345.2181
7555,345.250027
7556,345.285318
7557,345.324585
7558,345.368633
7559,345.418493
7560,345.475453
7561,345.541008
7562,345.616548
7563,345.694421
7564,345.758595
7565,345.812233
7566,345.857271
7567,345.895024
7568,345.926406
7569,345.952032
7570,345.972274
7571,345.987284
7572,345.997005
7573,346.001166
7574,345.999263
7575,345.990519
7576,345.97382
7577,345.947599
7578,345.909581
7579,345.866183
7580,345.833867
7581,345.811162
7582,345.796504
7583,345.788553
7584,345.786233
7585,345.788697
7586,345.795276
7587,345.80543
7588,345.818703
7589,345.834683
7590,345.852963
7591,345.8731
7592,345.89459
7593,345.916841
7594,345.939185
7595,345.960904
7596,345.981293
7597,345.99972
7598,346.015666
7599,346.028734
7600,346.038645
7601,346.045215
7602,346.048344
7603,346.048
7604,346.044212
7605,346.037076
7606,346.026762
7607,346.013526
7608,345.99773
7609,345.979849
7610,345.96046
7611,345.940213
7612,345.919759
7613,345.899682
7614,345.880437
7615,345.862315
7616,345.150955
7617,345.176619
7618,345.204713
7619,345.235544
7620,345.269538
7621,345.307267
7622,345.349489
7623,345.397195
7624,345.451644
7625,345.514358
7626,345.586841
7627,345.661701
7628,345.723135
7629,345.774393
7630,345.817432
7631,345.853545
7632,345.883611
7633,345.908213
7634,345.927698
7635,345.942206
7636,345.951682
7637,345.955869
7638,345.954288
7639,345.946187
7640,345.93047
7641,345.905546
7642,345.869051
7643,345.82721
7644,345.796215
7645,345.774428
7646,345.760221
7647,345.752249
7648,345.74945
7649,345.750997
7650,345.756236
7651,345.764632
7652,345.775734
7653,345.789129
7654,345.804422
7655,345.821198
7656,345.839009
7657,345.857363
7658,345.875726
7659,345.893545
7660,345.910279
7661,345.925439
7662,345.938609
7663,345.949458
7664,345.957742
7665,345.963296
7666,345.966024
7667,345.965896
7668,345.962939
7669,345.957244
7670,345.948964
7671,345.938328
7672,345.925638
7673,345.911276
7674,345.895689
7675,345.879361
7676,345.862777
7677,345.84637
7678,345.830488
7679,345.815364
7680,345.138649
7681,345.163472
7682,345.190552
7683,345.220162
7684,345.252686
7685,345.288638
7686,345.328702
7687,345.373782
7688,345.425063
7689,345.48404
7690,345.552357
7691,345.62308
7692,345.680878
7693,345.729115
7694,345.769716
7695,345.803896
7696,345.832459
7697,345.855927
7698,345.87461
7699,345.888633
7700,345.897945
7701,345.902315
7702,345.90131
7703,345.894244
7704,345.880085
7705,345.857278
7706,345.82337
7707,345.784247
7708,345.755567
7709,345.735467
7710,345.722294
7711,345.714756
7712,345.711862
7713,345.712842
7714,345.717088
7715,345.724101
7716,345.733449
7717,345.744747
7718,345.75762
7719,345.771695
7720,345.78658
7721,345.80186
7722,345.817104
7723,345.831873
7724,345.845745
7725,345.858332
7726,345.8693
7727,345.878377
7728,345.885354
7729,345.890089
7730,345.892496
7731,345.892548
7732,345.890271
7733,345.885748
7734,345.879114
7735,345.870566
7736,345.860359
7737,345.848801
7738,345.836246
7739,345.823069
7740,345.809642
7741,345.796303
7742,345.783324
7743,345.770897
7744,345.125815
7745,345.149749
7746,345.175742
7747,345.204031
7748,345.234945
7749,345.268918
7750,345.306526
7751,345.348526
7752,345.395922
7753,345.450035
7754,345.512517
7755,345.577308
7756,345.630287
7757,345.674786
7758,345.712514
7759,345.744494
7760,345.771389
7761,345.793632
7762,345.811477
7763,345.825027
7764,345.834241
7765,345.838929
7766,345.838732
7767,345.833082
7768,345.821111
7769,345.801453
7770,345.771726
7771,345.737168
7772,345.712124
7773,345.694577
7774,345.683021
7775,345.676341
7776,345.673692
7777,345.674413
7778,345.677972
7779,345.683926
7780,345.691886
7781,345.7015
7782,345.712431
7783,345.724345
7784,345.736901
7785,345.749752
7786,345.762542
7787,345.774917
7788,345.786539
7789,345.797098
7790,345.806322
7791,345.813987
7792,345.81992
7793,345.823997
7794,345.826148
7795,345.826349
7796,345.824625
7797,345.821048
7798,345.81574
7799,345.80887
7800,345.800652
7801,345.791342
7802,345.781228
7803,345.770613
7804,345.759796
7805,345.749053
7806,345.738612
7807,345.728634
7808,345.112565
7809,345.135575
7810,345.160431
7811,345.187333
7812,345.216544
7813,345.248405
7814,345.283349
7815,345.321919
7816,345.36479
7817,345.412762
7818,345.466636
7819,345.521956
7820,345.568691
7821,345.608789
7822,345.643291
7823,345.672864
7824,345.697968
7825,345.718913
7826,345.735887
7827,345.748969
7828,345.758128
7829,345.763225
7830,345.764005
7831,345.760073
7832,345.750857
7833,345.735513
7834,345.712647
7835,345.686261
7836,345.666475
7837,345.652302
7838,345.642839
7839,345.637341
7840,345.635197
7841,345.635901
7842,345.639022
7843,345.644189
7844,345.651066
7845,345.659343
7846,345.668724
7847,345.678916
7848,345.689624
7849,345.700553
7850,345.711409
7851,345.7219
7852,345.731751
7853,345.74071
7854,345.748555
7855,345.7551
7856,345.7602
7857,345.763753
7858,345.765699
7859,345.76602
7860,345.764739
7861,345.761923
7862,345.757677
7863,345.75215
7864,345.745525
7865,345.738021
7866,345.729881
7867,345.721361
7868,345.712719
7869,345.704193
7870,345.695989
7871,345.688255
7872,345.099019
7873,345.121084
7874,345.144781
7875,345.170269
7876,345.197746
7877,345.227457
7878,345.259681
7879,345.294725
7880,345.332861
7881,345.37417
7882,345.418044
7883,345.461764
7884,345.501616
7885,345.537052
7886,345.568191
7887,345.595274
7888,345.61853
7889,345.63814
7890,345.654221
7891,345.666823
7892,345.675931
7893,345.681463
7894,345.683272
7895,345.68116
7896,345.674908
7897,345.664382
7898,345.649901
7899,345.633769
7900,345.619992
7901,345.609513
7902,345.602327
7903,345.598155
7904,345.59666
7905,345.597503
7906,345.600368
7907,345.60496
7908,345.611002
7909,345.618227
7910,345.62638
7911,345.635205
7912,345.644451
7913,345.653864
7914,345.663197
7915,345.672207
7916,345.680666
7917,345.688365
7918,345.695121
7919,345.70078
7920,345.705219
7921,345.708355
7922,345.710136
7923,345.71055
7924,345.70962
7925,345.707405
7926,345.704002
7927,345.699541
7928,345.694184
7929,345.688124
7930,345.681574
7931,345.674766
7932,345.667934
7933,345.661303
7934,345.655077
7935,345.649411
7936,345.0853
7937,345.106413
7938,345.128953
7939,345.15304
7940,345.17882
7941,345.206449
7942,345.23608
7943,345.267829
7944,345.301706
7945,345.337468
7946,345.374358
7947,345.41081
7948,345.445064
7949,345.47633
7950,345.504342
7951,345.529067
7952,345.550553
7953,345.568869
7954,345.584069
7955,345.596182
7956,345.605202
7957,345.611098
7958,345.613817
7959,345.613316
7960,345.609616
7961,345.602914
7962,345.593823
7963,345.583745
7964,345.574562
7965,345.56724
7966,345.562113
7967,345.559195
7968,345.558358
7969,345.559409
7970,345.562132
7971,345.566305
7972,345.571704
7973,345.578107
7974,345.585293
7975,345.593042
7976,345.601137
7977,345.60936
7978,345.6175
7979,345.625351
7980,345.632721
7981,345.639434
7982,345.645336
7983,345.650297
7984,345.654214
7985,345.657017
7986,345.658663
7987,345.659144
7988,345.658484
7989,345.656736
7990,345.653988
7991,345.650359
7992,345.645996
7993,345.641072
7994,345.635787
7995,345.630356
7996,345.625009
7997,345.61998
7998,345.615491
7999,345.61173
8000,345.071529
8001,345.091696
8002,345.113098
8003,345.135834
8004,345.160007
8005,345.185709
8006,345.213003
8007,345.241889
8008,345.272243
8009,345.303734
8010,345.335722
8011,345.367232
8012,345.397248
8013,345.425099
8014,345.450421
8015,345.473049
8016,345.492921
8017,345.510029
8018,345.52438
8019,345.535985
8020,345.544847
8021,345.550971
8022,345.554372
8023,345.555103
8024,345.553308
8025,345.549293
8026,345.543635
8027,345.537249
8028,345.531194
8029,345.526214
8030,345.522704
8031,345.520811
8032,345.520534
8033,345.521782
8034,345.524418
8035,345.528276
8036,345.533179
8037,345.538941
8038,345.545373
8039,345.552284
8040,345.559484
8041,345.566784
8042,345.573999
8043,345.580953
8044,345.58748
8045,345.59343
8046,345.598669
8047,345.603087
8048,345.606595
8049,345.609133
8050,345.610667
8051,345.61119
8052,345.610727
8053,345.609327
8054,345.607073
8055,345.604072
8056,345.600462
8057,345.596405
8058,345.59209
8059,345.587728
8060,345.583557
8061,345.579832
8062,345.576825
8063,345.574796
8064,345.057823
8065,345.077052
8066,345.097348
8067,345.118803
8068,345.141496
8069,345.16548
8070,345.190764
8071,345.217288
8072,345.244877
8073,345.273198
8074,345.301731
8075,345.329797
8076,345.356704
8077,345.381908
8078,345.405047
8079,345.425904
8080,345.444366
8081,345.460379
8082,345.473923
8083,345.484996
8084,345.493608
8085,345.499786
8086,345.50358
8087,345.505098
8088,345.50453
8089,345.502201
8090,345.498603
8091,345.494395
8092,345.490282
8093,345.486836
8094,345.484428
8095,345.483251
8096,345.483366
8097,345.484745
8098,345.487301
8099,345.490909
8100,345.495426
8101,345.500693
8102,345.506546
8103,345.512815
8104,345.519333
8105,345.525932
8106,345.532447
8107,345.538723
8108,345.544613
8109,345.549985
8110,345.554721
8111,345.558723
8112,345.561916
8113,345.564245
8114,345.565682
8115,345.566224
8116,345.565891
8117,345.564734
8118,345.562828
8119,345.560275
8120,345.557202
8121,345.553765
8122,345.550145
8123,345.546554
8124,345.543238
8125,345.540487
8126,345.538645
8127,345.538114
8128,345.0443
8129,345.062583
8130,345.0818
8131,345.102053
8132,345.12341
8133,345.145908
8134,345.169532
8135,345.194199
8136,345.219724
8137,345.245793
8138,345.271961
8139,345.297683
8140,345.322409
8141,345.345672
8142,345.367133
8143,345.386567
8144,345.403843
8145,345.418888
8146,345.431672
8147,345.442187
8148,345.450445
8149,345.456482
8150,345.460364
8151,345.462215
8152,345.462237
8153,345.460741
8154,345.458161
8155,345.455032
8156,345.451909
8157,345.449268
8158,345.447448
8159,345.44665
8160,345.446958
8161,345.448369
8162,345.450823
8163,345.454219
8164,345.458432
8165,345.463324
8166,345.468744
8167,345.474541
8168,345.48056
8169,345.486649
8170,345.492657
8171,345.498442
8172,345.503872
8173,345.508824
8174,345.513194
8175,345.516892
8176,345.519849
8177,345.522017
8178,345.523369
8179,345.523904
8180,345.523643
8181,345.522632
8182,345.520942
8183,345.51867
8184,345.515935
8185,345.512886
8186,345.509698
8187,345.506578
8188,345.503776
8189,345.501605
8190,345.500478
8191,345.501009
8192,345.40852
8193,345.444318
8194,345.478328
8195,345.510943
8196,345.5423
8197,345.572358
8198,345.600918
8199,345.627785
8200,345.652825
8201,345.675949
8202,345.697103
8203,345.71626
8204,345.733417
8205,345.748589
8206,345.761813
8207,345.773144
8208,345.782659
8209,345.790463
8210,345.796691
8211,345.801521
8212,345.805184
8213,345.807982
8214,345.810318
8215,345.812566
8216,345.815019
8217,345.817898
8218,345.821375
8219,345.82558
8220,345.830611
8221,345.836545
8222,345.843438
8223,345.851337
8224,345.860276
8225,345.870283
8226,345.88138
8227,345.893583
8228,345.906903
8229,345.921343
8230,345.936901
8231,345.953559
8232,345.971288
8233,345.990034
8234,346.009716
8235,346.030217
8236,346.051365
8237,346.072925
8238,346.094575
8239,346.11588
8240,346.136259
8241,346.154956
8242,346.171417
8243,346.18523
8244,346.19609
8245,346.203767
8246,346.208095
8247,346.208953
8248,346.206256
8249,346.199951
8250,346.190009
8251,346.176427
8252,346.159231
8253,346.138477
8254,346.114269
8255,346.086781
8256,345.410164
8257,345.446968
8258,345.48229
8259,345.516321
8260,345.549119
8261,345.580601
8262,345.610543
8263,345.638731
8264,345.665018
8265,345.689308
8266,345.711539
8267,345.731683
8268,345.749734
8269,345.765708
8270,345.779642
8271,345.791595
8272,345.801646
8273,345.809905
8274,345.816514
8275,345.82166
8276,345.825584
8277,345.828603
8278,345.831137
8279,345.833576
8280,345.836226
8281,345.839322
8282,345.843041
8283,345.84752
8284,345.852864
8285,345.859151
8286,345.866442
8287,345.874785
8288,345.884215
8289,345.894763
8290,345.90645
8291,345.919294
8292,345.933305
8293,345.948487
8294,345.964836
8295,345.982335
8296,346.000951
8297,346.020627
8298,346.04128
8299,346.062783
8300,346.084958
8301,346.107558
8302,346.130241
8303,346.152553
8304,346.173888
8305,346.193455
8306,346.210678
8307,346.225123
8308,346.236469
8309,346.244476
8310,346.248968
8311,346.249817
8312,346.246935
8313,346.240264
8314,346.229773
8315,346.215458
8316,346.197341
8317,346.175474
8318,346.149951
8319,346.12091
8320,345.412359
8321,345.449787
8322,345.486033
8323,345.521148
8324,345.555106
8325,345.587774
8326,345.618893
8327,345.648227
8328,345.675613
8329,345.700943
8330,345.724149
8331,345.745198
8332,345.76408
8333,345.780812
8334,345.79543
8335,345.807994
8336,345.818587
8337,345.827321
8338,345.834346
8339,345.839854
8340,345.844096
8341,345.8474
8342,345.850199
8343,345.852896
8344,345.855807
8345,345.859175
8346,345.863186
8347,345.867982
8348,345.873671
8349,345.880336
8350,345.888039
8351,345.89683
8352,345.906746
8353,345.917817
8354,345.930065
8355,345.943509
8356,345.958158
8357,345.974017
8358,345.99108
8359,346.009328
8360,346.028726
8361,346.049216
8362,346.070708
8363,346.09307
8364,346.116116
8365,346.139587
8366,346.163129
8367,346.186268
8368,346.208376
8369,346.228643
8370,346.246469
8371,346.261405
8372,346.273116
8373,346.281351
8374,346.285927
8375,346.28671
8376,346.283606
8377,346.276555
8378,346.265523
8379,346.250502
8380,346.231509
8381,346.208591
8382,346.181827
8383,346.151335
8384,345.414564
8385,345.452425
8386,345.489342
8387,345.525286
8388,345.560167
8389,345.593805
8390,345.625911
8391,345.656223
8392,345.684563
8393,345.71081
8394,345.734889
8395,345.75676
8396,345.776411
8397,345.793855
8398,345.80913
8399,345.822295
8400,345.833435
8401,345.842666
8402,345.85014
8403,345.856056
8404,345.860672
8405,345.864325
8406,345.867455
8407,345.870474
8408,345.873708
8409,345.877405
8410,345.881759
8411,345.886915
8412,345.892984
8413,345.900051
8414,345.908182
8415,345.917425
8416,345.927819
8417,345.939395
8418,345.952176
8419,345.966178
8420,345.981412
8421,345.997881
8422,346.015577
8423,346.034481
8424,346.054554
8425,346.075737
8426,346.097934
8427,346.121008
8428,346.144767
8429,346.168941
8430,346.193165
8431,346.216951
8432,346.239656
8433,346.260451
8434,346.278722
8435,346.294008
8436,346.30596
8437,346.314321
8438,346.318901
8439,346.319559
8440,346.316199
8441,346.308756
8442,346.297193
8443,346.281498
8444,346.261685
8445,346.237794
8446,346.209895
8447,346.178094
8448,345.416437
8449,345.454612
8450,345.492024
8451,345.528598
8452,345.564202
8453,345.598623
8454,345.631542
8455,345.662676
8456,345.691832
8457,345.718878
8458,345.743729
8459,345.766341
8460,345.786698
8461,345.804811
8462,345.820716
8463,345.834471
8464,345.846164
8465,345.855912
8466,345.863869
8467,345.870238
8468,345.875282
8469,345.879343
8470,345.882867
8471,345.886274
8472,345.889892
8473,345.893976
8474,345.898723
8475,345.904282
8476,345.910766
8477,345.918261
8478,345.926833
8479,345.936533
8480,345.9474
8481,345.959463
8482,345.972747
8483,345.987265
8484,346.003029
8485,346.02004
8486,346.038289
8487,346.057754
8488,346.078395
8489,346.100148
8490,346.122915
8491,346.146554
8492,346.170866
8493,346.195575
8494,346.220308
8495,346.244564
8496,346.26769
8497,346.288846
8498,346.307407
8499,346.322901
8500,346.334972
8501,346.343357
8502,346.347859
8503,346.348335
8504,346.344684
8505,346.336839
8506,346.324759
8507,346.308429
8508,346.28786
8509,346.263087
8510,346.234174
8511,346.201223
8512,345.417747
8513,345.456144
8514,345.493915
8515,345.530961
8516,345.567122
8517,345.60216
8518,345.635734
8519,345.667547
8520,345.697389
8521,345.72512
8522,345.750649
8523,345.773924
8524,345.794926
8525,345.813665
8526,345.830173
8527,345.844509
8528,345.856761
8529,345.867045
8530,345.875518
8531,345.882384
8532,345.887908
8533,345.892436
8534,345.896417
8535,345.900273
8536,345.904336
8537,345.908865
8538,345.914056
8539,345.920061
8540,345.926994
8541,345.934942
8542,345.943972
8543,345.954134
8544,345.965468
8545,345.978001
8546,345.991758
8547,346.006751
8548,346.022991
8549,346.040476
8550,346.059197
8551,346.079129
8552,346.10023
8553,346.122431
8554,346.145633
8555,346.16969
8556,346.194398
8557,346.219476
8558,346.244544
8559,346.269097
8560,346.292472
8561,346.313825
8562,346.332521
8563,346.348083
8564,346.360153
8565,346.36846
8566,346.372805
8567,346.373042
8568,346.369068
8569,346.360812
8570,346.348232
8571,346.331311
8572,346.310056
8573,346.284499
8574,346.254702
8575,346.220764
8576,345.418333
8577,345.456873
8578,345.494891
8579,345.532275
8580,345.56885
8581,345.604359
8582,345.638447
8583,345.670805
8584,345.701213
8585,345.729522
8586,345.755637
8587,345.7795
8588,345.801089
8589,345.820411
8590,345.837497
8591,345.852406
8592,345.865221
8593,345.876062
8594,345.885083
8595,345.892489
8596,345.898546
8597,345.903599
8598,345.908098
8599,345.912465
8600,345.917034
8601,345.922062
8602,345.927748
8603,345.934242
8604,345.941659
8605,345.950087
8606,345.959591
8607,345.970221
8608,345.982015
8609,345.995002
8610,346.009203
8611,346.024631
8612,346.041293
8613,346.059187
8614,346.0783
8615,346.098606
8616,346.120059
8617,346.142589
8618,346.166093
8619,346.190423
8620,346.215371
8621,346.240653
8622,346.265887
8623,346.290565
8624,346.314021
8625,346.335407
8626,346.354087
8627,346.369582
8628,346.381529
8629,346.389659
8630,346.393768
8631,346.393711
8632,346.389382
8633,346.38071
8634,346.36765
8635,346.350184
8636,346.328317
8637,346.302079
8638,346.271531
8639,346.236772
8640,345.418087
8641,345.456695
8642,345.494862
8643,345.532467
8644,345.569328
8645,345.605176
8646,345.639649
8647,345.672428
8648,345.703289
8649,345.732076
8650,345.758689
8651,345.783068
8652,345.805189
8653,345.825054
8654,345.842695
8655,345.858167
8656,345.871554
8657,345.882971
8658,345.892573
8659,345.900562
8660,345.907203
8661,345.912838
8662,345.917916
8663,345.922856
8664,345.92799
8665,345.933574
8666,345.939804
8667,345.946831
8668,345.954768
8669,345.963701
8670,345.973695
8671,345.984798
8672,345.997049
8673,346.010474
8674,346.025093
8675,346.040916
8676,346.057949
8677,346.076187
8678,346.095615
8679,346.116204
8680,346.137905
8681,346.160646
8682,346.184322
8683,346.208781
8684,346.233816
8685,346.259142
8686,346.284375
8687,346.309009
8688,346.332379
8689,346.353639
8690,346.372154
8691,346.387445
8692,346.399153
8693,346.407006
8694,346.410804
8695,346.410398
8696,346.405685
8697,346.396592
8698,346.383073
8699,346.365111
8700,346.342708
8701,346.315894
8702,346.284729
8703,346.249311
8704,345.416936
8705,345.455541
8706,345.493765
8707,345.531486
8708,345.568516
8709,345.604584
8710,345.639322
8711,345.672408
8712,345.703614
8713,345.732783
8714,345.759812
8715,345.784639
8716,345.807238
8717,345.827609
8718,345.845782
8719,345.86181
8720,345.875775
8721,345.887789
8722,345.898005
8723,345.906621
8724,345.913898
8725,345.920173
8726,345.92589
8727,345.931465
8728,345.937224
8729,345.943419
8730,345.950245
8731,345.957847
8732,345.966338
8733,345.975802
8734,345.986303
8735,345.997887
8736,346.010591
8737,346.02444
8738,346.03945
8739,346.055632
8740,346.072988
8741,346.091509
8742,346.111177
8743,346.131962
8744,346.153811
8745,346.17665
8746,346.20037
8747,346.22482
8748,346.249792
8749,346.275002
8750,346.300071
8751,346.324495
8752,346.347615
8753,346.36859
8754,346.386792
8755,346.401748
8756,346.413099
8757,346.420579
8758,346.42399
8759,346.423184
8760,346.418059
8761,346.408541
8762,346.394587
8763,346.376176
8764,346.353314
8765,346.326027
8766,346.294378
8767,346.258463
8768,345.414843
8769,345.453375
8770,345.49157
8771,345.529307
8772,345.566398
8773,345.602572
8774,345.637462
8775,345.670746
8776,345.702197
8777,345.731658
8778,345.759024
8779,345.784234
8780,345.80726
8781,345.828102
8782,345.846786
8783,345.863364
8784,345.877915
8785,345.890548
8786,345.901411
8787,345.910698
8788,345.918663
8789,345.925636
8790,345.932055
8791,345.938326
8792,345.94477
8793,345.951632
8794,345.959102
8795,345.967322
8796,345.976402
8797,345.986423
8798,345.997447
8799,346.00952
8800,346.022674
8801,346.036934
8802,346.052314
8803,346.06882
8804,346.086452
8805,346.105199
8806,346.12504
8807,346.145938
8808,346.16784
8809,346.190667
8810,346.21431
8811,346.238617
8812,346.263381
8813,346.288322
8814,346.313065
8815,346.337114
8816,346.359822
8817,346.380357
8818,346.3981
8819,346.412588
8820,346.423469
8821,346.430482
8822,346.433432
8823,346.432176
8824,346.426611
8825,346.416667
8826,346.4023
8827,346.38349
8828,346.360243
8829,346.332586
8830,346.300582
8831,346.264326
8832,345.411795
8833,345.450186
8834,345.48827
8835,345.525929
8836,345.562978
8837,345.599151
8838,345.634085
8839,345.667463
8840,345.699062
8841,345.728728
8842,345.756357
8843,345.781889
8844,345.805294
8845,345.826572
8846,345.845748
8847,345.862871
8848,345.878016
8849,345.891291
8850,345.902835
8851,345.912838
8852,345.921544
8853,345.929275
8854,345.936457
8855,345.943487
8856,345.950675
8857,345.958259
8858,345.966422
8859,345.975303
8860,345.985005
8861,345.995609
8862,346.007173
8863,346.019742
8864,346.033346
8865,346.048006
8866,346.063734
8867,346.080535
8868,346.098403
8869,346.117324
8870,346.137272
8871,346.158208
8872,346.180074
8873,346.202788
8874,346.22624
8875,346.250277
8876,346.274693
8877,346.299213
8878,346.323473
8879,346.346987
8880,346.369121
8881,346.389061
8882,346.406203
8883,346.420094
8884,346.430394
8885,346.436849
8886,346.439269
8887,346.437514
8888,346.431484
8889,346.421111
8890,346.406353
8891,346.387191
8892,346.363631
8893,346.335704
8894,346.303468
8895,346.267023
8896,345.407809
8897,345.445992
8898,345.483886
8899,345.521376
8900,345.558284
8901,345.594352
8902,345.629226
8903,345.662599
8904,345.694254
8905,345.724042
8906,345.751864
8907,345.777658
8908,345.801397
8909,345.82308
8910,345.84273
8911,345.860393
8912,345.876142
8913,345.890079
8914,345.90234
8915,345.913103
8916,345.922604
8917,345.931154
8918,345.939162
8919,345.947013
8920,345.955004
8921,345.963364
8922,345.972267
8923,345.981847
8924,345.992205
8925,346.003416
8926,346.015537
8927,346.02861
8928,346.042663
8929,346.057716
8930,346.073776
8931,346.090844
8932,346.108912
8933,346.12796
8934,346.14796
8935,346.168865
8936,346.190615
8937,346.213125
8938,346.236279
8939,346.259926
8940,346.283863
8941,346.30782
8942,346.331443
8943,346.354264
8944,346.375668
8945,346.394861
8946,346.411261
8947,346.424431
8948,346.434043
8949,346.439852
8950,346.441675
8951,346.439375
8952,346.432857
8953,346.422054
8954,346.406926
8955,346.387457
8956,346.363654
8957,346.335548
8958,346.3032
8959,346.266708
8960,345.402924
8961,345.440837
8962,345.478464
8963,345.515699
8964,345.55237
8965,345.588232
8966,345.622946
8967,345.656218
8968,345.687841
8969,345.717674
8970,345.745621
8971,345.771623
8972,345.795655
8973,345.817712
8974,345.837818
8975,345.856017
8976,345.872379
8977,345.886999
8978,345.900009
8979,345.911577
8980,345.921928
8981,345.931356
8982,345.940253
8983,345.948986
8984,345.957838
8985,345.967024
8986,345.976712
8987,345.987029
8988,345.998071
8989,346.009912
8990,346.022606
8991,346.036191
8992,346.050696
8993,346.066134
8994,346.082512
8995,346.099826
8996,346.118064
8997,346.137202
8998,346.157204
8999,346.178021
9000,346.199586
9001,346.221809
9002,346.244572
9003,346.267722
9004,346.291058
9005,346.314318
9006,346.337159
9007,346.359134
9008,346.379654
9009,346.397954
9010,346.413477
9011,346.425807
9012,346.434631
9013,346.439713
9014,346.440876
9015,346.43799
9016,346.430962
9017,346.419728
9018,346.40425
9019,346.384515
9020,346.360531
9021,346.332333
9022,346.299983
9023,346.263578
9024,345.397205
9025,345.434789
9026,345.47208
9027,345.508975
9028,345.545318
9029,345.580877
9030,345.615335
9031,345.648415
9032,345.679924
9033,345.709729
9034,345.73774
9035,345.7639
9036,345.788184
9037,345.810589
9038,345.831135
9039,345.849864
9040,345.866844
9041,345.882167
9042,345.895956
9043,345.908371
9044,345.919624
9045,345.929988
9046,345.939836
9047,345.94951
9048,345.959275
9049,345.969334
9050,345.979847
9051,345.990933
9052,346.002686
9053,346.015177
9054,346.028457
9055,346.042563
9056,346.05752
9057,346.07334
9058,346.090026
9059,346.10757
9060,346.125955
9061,346.145152
9062,346.165119
9063,346.1858
9064,346.207123
9065,346.228992
9066,346.251285
9067,346.273846
9068,346.296476
9069,346.318918
9070,346.340844
9071,346.361829
9072,346.381318
9073,346.398585
9074,346.413106
9075,346.424487
9076,346.432432
9077,346.436714
9078,346.437164
9079,346.433656
9080,346.426099
9081,346.414432
9082,346.398621
9083,346.378657
9084,346.354549
9085,346.326336
9086,346.294082
9087,346.257884
9088,345.390741
9089,345.427943
9090,345.464832
9091,345.501314
9092,345.537242
9093,345.572407
9094,345.606518
9095,345.639322
9096,345.670643
9097,345.700357
9098,345.728377
9099,345.754651
9100,345.779152
9101,345.801877
9102,345.822846
9103,345.842099
9104,345.8597
9105,345.875739
9106,345.890331
9107,345.90363
9108,345.915831
9109,345.927188
9110,345.938042
9111,345.948709
9112,345.959432
9113,345.970404
9114,345.981772
9115,345.993655
9116,346.00614
9117,346.019296
9118,346.033174
9119,346.047809
9120,346.063222
9121,346.079423
9122,346.096411
9123,346.114174
9124,346.13269
9125,346.151924
9126,346.171829
9127,346.192341
9128,346.21338
9129,346.234845
9130,346.256607
9131,346.278507
9132,346.300345
9133,346.32187
9134,346.342765
9135,346.362631
9136,346.380954
9137,346.397063
9138,346.410471
9139,346.420811
9140,346.427801
9141,346.431224
9142,346.430916
9143,346.426754
9144,346.418652
9145,346.406553
9146,346.390425
9147,346.370261
9148,346.346077
9149,346.317914
9150,346.28584
9151,346.249954
9152,345.383638
9153,345.420414
9154,345.456849
9155,345.492854
9156,345.528293
9157,345.562982
9158,345.596666
9159,345.629124
9160,345.660196
9161,345.689765
9162,345.71775
9163,345.744099
9164,345.768786
9165,345.791807
9166,345.813182
9167,345.832948
9168,345.851168
9169,345.867927
9170,345.883338
9171,345.897545
9172,345.910731
9173,345.923126
9174,345.935033
9175,345.946732
9176,345.958447
9177,345.970357
9178,345.982603
9179,345.995299
9180,346.008531
9181,346.022365
9182,346.036849
9183,346.052018
9184,346.06789
9185,346.084473
9186,346.101761
9187,346.11974
9188,346.138379
9189,346.15764
9190,346.177467
9191,346.19779
9192,346.218521
9193,346.23955
9194,346.260744
9195,346.281937
9196,346.302925
9197,346.323462
9198,346.343241
9199,346.361885
9200,346.378928
9201,346.393776
9202,346.405987
9203,346.415217
9204,346.421197
9205,346.423717
9206,346.422618
9207,346.417781
9208,346.409123
9209,346.396591
9210,346.380156
9211,346.359817
9212,346.335594
9213,346.307533
9214,346.275705
9215,346.240213
9216,345.376019
9217,345.412337
9218,345.44828
9219,345.483763
9220,345.518663
9221,345.552814
9222,345.586014
9223,345.618077
9224,345.648856
9225,345.678242
9226,345.706157
9227,345.732551
9228,345.757397
9229,345.780692
9230,345.802454
9231,345.822719
9232,345.841548
9233,345.859023
9234,345.875253
9235,345.890374
9236,345.904558
9237,345.918017
9238,345.931
9239,345.943749
9240,345.956469
9241,345.969327
9242,345.982461
9243,345.995978
9244,346.009962
9245,346.024479
9246,346.039576
9247,346.055283
9248,346.071618
9249,346.088586
9250,346.106177
9251,346.124372
9252,346.143137
9253,346.162423
9254,346.182171
9255,346.202301
9256,346.222717
9257,346.243302
9258,346.263914
9259,346.284382
9260,346.304499
9261,346.324017
9262,346.34264
9263,346.360008
9264,346.375698
9265,346.389229
9266,346.4002
9267,346.408284
9268,346.413224
9269,346.414816
9270,346.412907
9271,346.407382
9272,346.398162
9273,346.385197
9274,346.368464
9275,346.347965
9276,346.323728
9277,346.295802
9278,346.264265
9279,346.229224
9280,345.368015
9281,345.403853
9282,345.439285
9283,345.47423
9284,345.508577
9285,345.542185
9286,345.574892
9287,345.606543
9288,345.63701
9289,345.666191
9290,345.694014
9291,345.72043
9292,345.745414
9293,345.768962
9294,345.791091
9295,345.811836
9296,345.831256
9297,345.84943
9298,345.86646
9299,345.882476
9300,345.897637
9301,345.912129
9302,345.926163
9303,345.939944
9304,345.953655
9305,345.967454
9306,345.981469
9307,345.995803
9308,346.010539
9309,346.025739
9310,346.041448
9311,346.057697
9312,346.074499
9313,346.091857
9314,346.109758
9315,346.128178
9316,346.147076
9317,346.166399
9318,346.186078
9319,346.206027
9320,346.226142
9321,346.246296
9322,346.26634
9323,346.286097
9324,346.305357
9325,346.323875
9326,346.341362
9327,346.357484
9328,346.371864
9329,346.384104
9330,346.393846
9331,346.400788
9332,346.404687
9333,346.40535
9334,346.402628
9335,346.396412
9336,346.386627
9337,346.373229
9338,346.356201
9339,346.33555
9340,346.31131
9341,346.283537
9342,346.252313
9343,346.217749
9344,345.359754
9345,345.395103
9346,345.430019
9347,345.46443
9348,345.498236
9349,345.531319
9350,345.563547
9351,345.594794
9352,345.624946
9353,345.653916
9354,345.681635
9355,345.708059
9356,345.733164
9357,345.756946
9358,345.77942
9359,345.800623
9360,345.820607
9361,345.83945
9362,345.857247
9363,345.87412
9364,345.89021
9365,345.905683
9366,345.920717
9367,345.935488
9368,345.950159
9369,345.964873
9370,345.979749
9371,345.994886
9372,346.010363
9373,346.026239
9374,346.042559
9375,346.05935
9376,346.076624
9377,346.094379
9378,346.112601
9379,346.131259
9380,346.150309
9381,346.169689
9382,346.189324
9383,346.20912
9384,346.228964
9385,346.248722
9386,346.268238
9387,346.287328
9388,346.305783
9389,346.323358
9390,346.339779
9391,346.354737
9392,346.367897
9393,346.378919
9394,346.387486
9395,346.393325
9396,346.396211
9397,346.39596
9398,346.392435
9399,346.385532
9400,346.375185
9401,346.361354
9402,346.34403
9403,346.323226
9404,346.298983
9405,346.271362
9406,346.240451
9407,346.206361
9408,345.351356
9409,345.386216
9410,345.420624
9411,345.454515
9412,345.487804
9413,345.52039
9414,345.552167
9415,345.583028
9416,345.612878
9417,345.64164
9418,345.669253
9419,345.695676
9420,345.720889
9421,345.744886
9422,345.767685
9423,345.789317
9424,345.809835
9425,345.829309
9426,345.847829
9427,345.865506
9428,345.882467
9429,345.898857
9430,345.914828
9431,345.930534
9432,345.946117
9433,345.961707
9434,345.977414
9435,345.993331
9436,346.009531
9437,346.026073
9438,346.042997
9439,346.060328
9440,346.078078
9441,346.096241
9442,346.114798
9443,346.133714
9444,346.15294
9445,346.172409
9446,346.192036
9447,346.211722
9448,346.231344
9449,346.250761
9450,346.269811
9451,346.288305
9452,346.306032
9453,346.322756
9454,346.338212
9455,346.352116
9456,346.364169
9457,346.374072
9458,346.381546
9459,346.386346
9460,346.388264
9461,346.387133
9462,346.382825
9463,346.375248
9464,346.364342
9465,346.350076
9466,346.33245
9467,346.311484
9468,346.287224
9469,346.25974
9470,346.229122
9471,346.195483
9472,345.342927
9473,345.377304
9474,345.411218
9475,345.444612
9476,345.477413
9477,345.509536
9478,345.540893
9479,345.571394
9480,345.600961
9481,345.629525
9482,345.657035
9483,345.683454
9484,345.708763
9485,345.73296
9486,345.756059
9487,345.778092
9488,345.799106
9489,345.819169
9490,345.838362
9491,345.856784
9492,345.874551
9493,345.891789
9494,345.908629
9495,345.925207
9496,345.941648
9497,345.958067
9498,345.974567
9499,345.991232
9500,346.008133
9501,346.025323
9502,346.042842
9503,346.060712
9504,346.078941
9505,346.097522
9506,346.116432
9507,346.135632
9508,346.155066
9509,346.174663
9510,346.194331
9511,346.213961
9512,346.233426
9513,346.252575
9514,346.27124
9515,346.289229
9516,346.306331
9517,346.322313
9518,346.336925
9519,346.349901
9520,346.360971
9521,346.36987
9522,346.376348
9523,346.380186
9524,346.381196
9525,346.379228
9526,346.374166
9527,346.36593
9528,346.35447
9529,346.339766
9530,346.321825
9531,346.300678
9532,346.27638
9533,346.249004
9534,346.218646
9535,346.185419
9536,345.334555
9537,345.368459
9538,345.401899
9539,345.434822
9540,345.467166
9541,345.49886
9542,345.529829
9543,345.56
9544,345.589305
9545,345.617687
9546,345.6451
9547,345.671514
9548,345.696912
9549,345.721291
9550,345.744668
9551,345.76707
9552,345.788544
9553,345.809148
9554,345.82896
9555,345.848067
9556,345.866573
9557,345.884587
9558,345.902228
9559,345.919611
9560,345.936849
9561,345.954046
9562,345.971294
9563,345.988672
9564,346.006246
9565,346.024065
9566,346.042167
9567,346.060571
9568,346.079283
9569,346.098294
9570,346.117576
9571,346.137089
9572,346.15677
9573,346.176542
9574,346.196308
9575,346.215952
9576,346.235336
9577,346.254305
9578,346.272682
9579,346.290274
9580,346.306867
9581,346.322233
9582,346.336131
9583,346.348313
9584,346.358532
9585,346.366546
9586,346.372132
9587,346.375094
9588,346.375263
9589,346.372506
9590,346.366722
9591,346.357843
9592,346.345833
9593,346.330682
9594,346.31241
9595,346.291057
9596,346.266687
9597,346.23938
9598,346.209237
9599,346.176371
9600,345.326312
9601,345.359759
9602,345.392745
9603,345.425224
9604,345.457143
9605,345.48844
9606,345.519055
9607,345.548923
9608,345.57799
9609,345.606205
9610,345.633531
9611,345.659939
9612,345.685418
9613,345.709966
9614,345.733596
9615,345.756337
9616,345.77823
9617,345.79933
9618,345.819705
9619,345.839436
9620,345.858613
9621,345.877336
9622,345.895706
9623,345.913829
9624,345.931803
9625,345.949722
9626,345.967671
9627,345.985722
9628,346.003937
9629,346.022362
9630,346.041031
9631,346.059964
9632,346.079162
9633,346.098615
9634,346.118293
9635,346.13815
9636,346.158121
9637,346.178123
9638,346.198052
9639,346.217785
9640,346.237177
9641,346.256064
9642,346.274265
9643,346.291578
9644,346.307789
9645,346.322673
9646,346.335996
9647,346.347522
9648,346.35702
9649,346.364271
9650,346.369071
9651,346.371245
9652,346.370642
9653,346.367147
9654,346.360672
9655,346.351167
9656,346.338606
9657,346.322997
9658,346.304369
9659,346.282777
9660,346.258294
9661,346.23101
9662,346.201028
9663,346.168465
9664,345.318254
9665,345.35126
9666,345.383814
9667,345.415876
9668,345.4474
9669,345.478333
9670,345.508623
9671,345.538217
9672,345.567067
9673,345.595132
9674,345.622379
9675,345.648785
9676,345.674338
9677,345.699039
9678,345.722901
9679,345.74595
9680,345.768223
9681,345.789771
9682,345.810655
9683,345.830949
9684,345.850734
9685,345.870096
9686,345.889129
9687,345.907924
9688,345.926571
9689,345.945156
9690,345.963756
9691,345.982438
9692,346.00126
9693,346.020265
9694,346.039486
9695,346.058938
9696,346.078625
9697,346.098532
9698,346.118628
9699,346.138864
9700,346.159171
9701,346.179461
9702,346.199625
9703,346.219531
9704,346.239027
9705,346.257942
9706,346.276083
9707,346.293246
9708,346.309211
9709,346.323752
9710,346.336639
9711,346.347647
9712,346.356557
9713,346.363163
9714,346.367282
9715,346.368754
9716,346.367448
9717,346.363262
9718,346.356127
9719,346.346007
9720,346.332893
9721,346.316807
9722,346.297794
9723,346.275923
9724,346.25128
9725,346.223963
9726,346.194084
9727,346.16176
9728,345.310424
9729,345.343005
9730,345.37515
9731,345.406821
9732,345.437978
9733,345.468576
9734,345.49857
9735,345.527916
9736,345.556571
9737,345.584502
9738,345.611678
9739,345.638082
9740,345.663704
9741,345.688544
9742,345.712616
9743,345.735942
9744,345.758557
9745,345.780508
9746,345.80185
9747,345.822648
9748,345.842976
9749,345.862913
9750,345.882541
9751,345.901944
9752,345.921203
9753,345.940397
9754,345.959597
9755,345.978866
9756,345.998257
9757,346.017814
9758,346.037566
9759,346.057528
9760,346.077703
9761,346.098074
9762,346.118611
9763,346.13926
9764,346.159952
9765,346.180592
9766,346.201065
9767,346.221234
9768,346.240937
9769,346.259994
9770,346.278202
9771,346.295348
9772,346.311205
9773,346.325545
9774,346.338139
9775,346.348764
9776,346.357213
9777,346.363291
9778,346.366829
9779,346.367683
9780,346.365737
9781,346.360906
9782,346.353137
9783,346.34241
9784,346.328733
9785,346.312145
9786,346.292711
9787,346.270514
9788,346.245656
9789,346.218248
9790,346.188408
9791,346.156259
9792,345.302851
9793,345.335026
9794,345.366782
9795,345.398087
9796,345.428904
9797,345.459195
9798,345.48892
9799,345.51804
9800,345.54652
9801,345.574331
9802,345.601446
9803,345.62785
9804,345.653534
9805,345.6785
9806,345.70276
9807,345.726334
9808,345.749255
9809,345.771564
9810,345.793313
9811,345.81456
9812,345.835371
9813,345.855819
9814,345.875978
9815,345.895924
9816,345.915734
9817,345.935479
9818,345.955226
9819,345.975036
9820,345.994958
9821,346.015035
9822,346.035295
9823,346.055754
9824,346.076414
9825,346.097259
9826,346.118256
9827,346.139352
9828,346.160475
9829,346.181526
9830,346.202386
9831,346.22291
9832,346.242927
9833,346.262244
9834,346.280649
9835,346.297916
9836,346.313808
9837,346.328089
9838,346.340528
9839,346.350904
9840,346.359014
9841,346.364675
9842,346.367728
9843,346.368042
9844,346.365516
9845,346.36008
9846,346.351698
9847,346.340365
9848,346.32611
9849,346.308991
9850,346.289091
9851,346.266516
9852,346.241383
9853,346.21382
9854,346.183955
9855,346.151915
9856,345.295552
9857,345.327339
9858,345.358728
9859,345.389691
9860,345.420193
9861,345.450201
9862,345.47968
9863,345.508598
9864,345.536921
9865,345.564625
9866,345.591686
9867,345.618091
9868,345.643832
9869,345.668912
9870,345.693339
9871,345.717134
9872,345.740325
9873,345.762951
9874,345.785058
9875,345.806699
9876,345.827935
9877,345.848833
9878,345.86946
9879,345.889888
9880,345.910187
9881,345.930426
9882,345.950667
9883,345.970968
9884,345.99138
9885,346.011942
9886,346.032684
9887,346.053623
9888,346.074761
9889,346.096082
9890,346.117556
9891,346.139129
9892,346.160727
9893,346.18225
9894,346.203573
9895,346.224543
9896,346.24498
9897,346.26468
9898,346.283415
9899,346.300941
9900,346.31701
9901,346.331373
9902,346.343793
9903,346.354048
9904,346.361937
9905,346.367285
9906,346.369941
9907,346.369788
9908,346.366736
9909,346.36073
9910,346.35175
9911,346.33981
9912,346.324956
9913,346.307268
9914,346.286854
9915,346.26384
9916,346.238369
9917,346.210585
9918,346.18063
9919,346.148636
9920,345.288536
9921,345.319954
9922,345.350997
9923,345.381639
9924,345.411849
9925,345.441598
9926,345.470854
9927,345.499588
9928,345.527772
9929,345.555381
9930,345.582395
9931,345.608803
9932,345.634596
9933,345.659776
9934,345.684352
9935,345.708341
9936,345.731769
9937,345.754671
9938,345.777089
9939,345.799073
9940,345.820678
9941,345.841966
9942,345.863001
9943,345.883849
9944,345.904577
9945,345.92525
9946,345.94593
9947,345.966672
9948,345.987528
9949,346.008537
9950,346.029731
9951,346.051127
9952,346.07273
9953,346.094527
9954,346.116489
9955,346.138562
9956,346.160674
9957,346.182722
9958,346.204579
9959,346.226084
9960,346.247048
9961,346.267251
9962,346.286446
9963,346.304371
9964,346.320756
9965,346.335338
9966,346.34787
9967,346.358124
9968,346.365902
9969,346.371033
9970,346.373376
9971,346.372821
9972,346.369292
9973,346.362748
9974,346.353182
9975,346.340627
9976,346.325148
9977,346.306849
9978,346.285864
9979,346.262349
9980,346.236472
9981,346.2084
9982,346.178292
9983,346.146287
9984,345.281806
9985,345.312872
9986,345.343588
9987,345.373929
9988,345.40387
9989,345.433381
9990,345.462435
9991,345.491004
9992,345.519062
9993,345.546588
9994,345.573563
9995,345.599975
9996,345.625815
9997,345.651084
9998,345.67579
9999,345.699948
10000,345.723581
10001,345.746721
10002,345.769406
10003,345.791683
10004,345.813603
10005,345.835223
10006,345.856605
10007,345.877812
10008,345.898908
10009,345.919956
10010,345.941017
10011,345.962148
10012,345.983399
10013,346.004812
10014,346.026421
10015,346.048246
10016,346.070295
10017,346.092559
10018,346.11501
10019,346.137599
10020,346.160254
10021,346.182874
10022,346.205327
10023,346.227449
10024,346.249038
10025,346.269859
10026,346.289644
10027,346.308103
10028,346.324939
10029,346.33987
10030,346.352634
10031,346.362999
10032,346.370766
10033,346.375768
10034,346.377871
10035,346.376974
10036,346.373013
10037,346.365958
10038,346.355816
10039,346.342636
10040,346.326505
10041,346.307551
10042,346.285936
10043,346.261853
10044,346.235502
10045,346.207079
10046,346.17676
10047,346.144694
10048,345.275354
10049,345.306085
10050,345.336493
10051,345.366554
10052,345.396245
10053,345.425538
10054,345.454408
10055,345.48283
10056,345.510778
10057,345.538232
10058,345.565174
10059,345.59159
10060,345.617473
10061,345.642821
10062,345.667641
10063,345.691944
10064,345.715752
10065,345.739093
10066,345.762002
10067,345.784524
10068,345.806705
10069,345.828602
10070,345.850271
10071,345.871776
10072,345.893177
10073,345.914539
10074,345.935923
10075,345.957384
10076,345.978978
10077,346.000747
10078,346.022729
10079,346.044947
10080,346.067415
10081,346.090126
10082,346.113059
10083,346.136168
10084,346.159383
10085,346.182607
10086,346.205706
10087,346.228512
10088,346.250814
10089,346.27236
10090,346.292854
10091,346.311973
10092,346.329385
10093,346.344782
10094,346.357887
10095,346.368462
10096,346.376306
10097,346.381256
10098,346.383185
10099,346.382001
10100,346.377648
10101,346.370108
10102,346.359401
10103,346.34559
10104,346.328781
10105,346.309127
10106,346.286825
10107,346.262107
10108,346.235217
10109,346.206385
10110,346.175806
10111,346.143639
10112,345.26917
10113,345.299583
10114,345.3297
10115,345.359499
10116,345.388958
10117,345.418053
10118,345.446757
10119,345.475047
10120,345.5029
10121,345.530293
10122,345.557208
10123,345.583631
10124,345.609553
10125,345.634971
10126,345.659888
10127,345.684314
10128,345.708268
10129,345.731774
10130,345.754867
10131,345.777586
10132,345.799978
10133,345.822095
10134,345.843993
10135,345.865733
10136,345.887378
10137,345.90899
10138,345.930633
10139,345.952365
10140,345.974242
10141,345.996313
10142,346.018618
10143,346.041187
10144,346.064035
10145,346.087165
10146,346.110559
10147,346.134177
10148,346.157954
10149,346.181796
10150,346.205571
10151,346.229109
10152,346.252192
10153,346.274549
10154,346.295857
10155,346.315748
10156,346.333845
10157,346.349807
10158,346.363341
10159,346.374205
10160,346.382198
10161,346.387162
10162,346.388974
10163,346.387552
10164,346.382847
10165,346.374851
10166,346.363595
10167,346.349153
10168,346.331649
10169,346.311261
10170,346.28822
10171,346.262809
10172,346.235325
10173,346.206037
10174,346.175164
10175,346.142872
10176,345.263238
10177,345.293347
10178,345.323189
10179,345.352744
10180,345.38199
10181,345.410903
10182,345.439459
10183,345.467633
10184,345.495403
10185,345.522745
10186,345.549641
10187,345.576074
10188,345.602032
10189,345.627511
10190,345.652511
10191,345.67704
10192,345.701112
10193,345.724751
10194,345.747988
10195,345.770859
10196,345.79341
10197,345.815691
10198,345.837758
10199,345.859671
10200,345.881494
10201,345.903291
10202,345.925127
10203,345.947065
10204,345.969163
10205,345.991475
10206,346.014045
10207,346.036911
10208,346.060093
10209,346.0836
10210,346.107419
10211,346.131519
10212,346.15584
10213,346.180292
10214,346.204748
10215,346.229038
10216,346.252937
10217,346.276164
10218,346.298363
10219,346.319111
10220,346.337969
10221,346.354564
10222,346.368591
10223,346.379801
10224,346.387997
10225,346.393025
10226,346.394769
10227,346.393152
10228,346.388135
10229,346.379717
10230,346.367936
10231,346.35288
10232,346.334684
10233,346.313547
10234,346.289734
10235,346.263588
10236,346.235478
10237,346.205713
10238,346.174533
10239,346.14211
10240,345.257536
10241,345.287356
10242,345.316939
10243,345.346265
10244,345.375313
10245,345.404061
10246,345.432485
10247,345.46056
10248,345.48826
10249,345.515563
10250,345.542447
10251,345.568893
10252,345.594887
10253,345.62042
10254,345.64549
10255,345.670102
10256,345.694267
10257,345.718006
10258,345.741347
10259,345.764325
10260,345.786985
10261,345.809374
10262,345.83155
10263,345.853574
10264,345.875508
10265,345.897422
10266,345.919381
10267,345.941454
10268,345.963703
10269,345.986188
10270,346.008959
10271,346.032058
10272,346.055515
10273,346.079343
10274,346.103539
10275,346.128075
10276,346.1529
10277,346.17793
10278,346.203041
10279,346.228064
10280,346.252774
10281,346.276876
10282,346.299992
10283,346.321636
10284,346.341284
10285,346.358538
10286,346.373083
10287,346.384669
10288,346.3931
10289,346.398227
10290,346.39994
10291,346.39817
10292,346.392882
10293,346.384083
10294,346.371819
10295,346.356185
10296,346.33733
10297,346.315467
10298,346.290891
10299,346.264008
10300,346.235282
10301,346.205057
10302,346.173587
10303,346.141051
10304,345.252039
10305,345.281583
10306,345.31092
10307,345.340032
10308,345.368899
10309,345.397498
10310,345.425805
10311,345.453795
10312,345.48144
10313,345.508715
10314,345.535595
10315,345.562059
10316,345.588088
10317,345.61367
10318,345.638799
10319,345.663476
10320,345.687709
10321,345.711517
10322,345.734925
10323,345.757967
10324,345.780685
10325,345.803127
10326,345.825352
10327,345.847419
10328,345.869397
10329,345.891354
10330,345.913364
10331,345.935496
10332,345.957822
10333,345.980404
10334,346.003302
10335,346.026563
10336,346.050224
10337,346.074305
10338,346.09881
10339,346.123719
10340,346.148987
10341,346.174533
10342,346.200241
10343,346.22594
10344,346.251402
10345,346.276317
10346,346.300279
10347,346.32275
10348,346.343143
10349,346.361029
10350,346.37608
10351,346.388041
10352,346.396717
10353,346.401964
10354,346.403676
10355,346.401788
10356,346.396274
10357,346.387145
10358,346.374455
10359,346.358307
10360,346.338862
10361,346.316353
10362,346.291106
10363,346.263586
10364,346.234322
10365,346.2037
10366,346.171993
10367,346.139385
10368,345.24672
10369,345.275998
10370,345.305101
10371,345.334012
10372,345.362712
10373,345.391177
10374,345.419384
10375,345.447303
10376,345.474907
10377,345.502166
10378,345.529053
10379,345.55554
10380,345.581605
10381,345.607232
10382,345.63241
10383,345.657136
10384,345.681415
10385,345.705261
10386,345.728699
10387,345.751761
10388,345.774487
10389,345.796927
10390,345.819137
10391,345.841182
10392,345.863131
10393,345.885058
10394,345.907039
10395,345.929153
10396,345.951473
10397,345.974072
10398,345.997014
10399,346.020355
10400,346.044138
10401,346.068391
10402,346.093124
10403,346.118324
10404,346.143951
10405,346.16993
10406,346.196145
10407,346.222428
10408,346.24854
10409,346.27416
10410,346.298852
10411,346.322036
10412,346.343083
10413,346.361534
10414,346.377044
10415,346.389353
10416,346.398266
10417,346.403637
10418,346.405367
10419,346.403396
10420,346.397701
10421,346.388301
10422,346.375257
10423,346.358681
10424,346.338746
10425,346.315707
10426,346.28992
10427,346.261895
10428,346.232212
10429,346.201293
10430,346.16943
10431,346.136817
10432,345.241544
10433,345.270566
10434,345.299446
10435,345.328169
10436,345.356714
10437,345.38506
10438,345.413179
10439,345.441044
10440,345.46862
10441,345.495877
10442,345.52278
10443,345.549298
10444,345.575403
10445,345.601073
10446,345.626291
10447,345.65105
10448,345.675352
10449,345.699209
10450,345.722641
10451,345.745679
10452,345.768364
10453,345.790744
10454,345.812879
10455,345.834833
10456,345.85668
10457,345.878498
10458,345.90037
10459,345.922378
10460,345.944607
10461,345.967134
10462,345.990031
10463,346.013362
10464,346.037176
10465,346.061509
10466,346.086375
10467,346.111768
10468,346.137652
10469,346.163957
10470,346.190567
10471,346.217311
10472,346.243945
10473,346.270132
10474,346.295411
10475,346.319174
10476,346.340757
10477,346.359678
10478,346.375577
10479,346.388187
10480,346.397308
10481,346.402798
10482,346.404559
10483,346.402534
10484,346.396707
10485,346.387102
10486,346.373786
10487,346.356881
10488,346.336575
10489,346.31314
10490,346.286961
10491,346.258582
10492,346.22862
10493,346.197525
10494,346.165609
10495,346.133073
10496,345.236477
10497,345.265249
10498,345.293915
10499,345.322459
10500,345.350862
10501,345.379101
10502,345.407148
10503,345.434971
10504,345.462535
10505,345.489802
10506,345.516734
10507,345.543292
10508,345.569441
10509,345.595152
10510,345.620403
10511,345.645182
10512,345.669486
10513,345.693324
10514,345.716715
10515,345.739687
10516,345.762281
10517,345.784546
10518,345.806541
10519,345.828335
10520,345.850005
10521,345.871634
10522,345.89331
10523,345.915126
10524,345.937171
10525,345.959532
10526,345.982289
10527,346.005513
10528,346.029259
10529,346.053568
10530,346.078461
10531,346.103936
10532,346.129961
10533,346.156468
10534,346.183341
10535,346.210407
10536,346.237415
10537,346.264013
10538,346.289724
10539,346.313915
10540,346.335901
10541,346.35518
10542,346.371381
10543,346.384227
10544,346.393518
10545,346.39911
10546,346.400907
10547,346.398857
10548,346.392947
10549,346.383205
10550,346.369707
10551,346.352583
10552,346.332034
10553,346.308348
10554,346.281932
10555,346.253356
10556,346.223264
10557,346.192129
10558,346.160277
10559,346.127916
10560,345.231478
10561,345.260007
10562,345.288465
10563,345.316838
10564,345.345108
10565,345.37325
10566,345.401237
10567,345.429032
10568,345.456598
10569,345.483891
10570,345.510864
10571,345.537471
10572,345.563669
10573,345.589421
10574,345.614699
10575,345.639484
10576,345.663771
10577,345.687563
10578,345.710878
10579,345.733742
10580,345.756196
10581,345.778289
10582,345.800082
10583,345.821646
10584,345.843062
10585,345.864419
10586,345.885812
10587,345.907342
10588,345.929108
10589,345.951206
10590,345.973723
10591,345.996736
10592,346.020308
10593,346.044484
10594,346.06929
10595,346.094727
10596,346.120765
10597,346.147338
10598,346.174331
10599,346.201565
10600,346.228785
10601,346.255629
10602,346.281607
10603,346.30607
10604,346.328316
10605,346.347832
10606,346.364234
10607,346.377243
10608,346.386654
10609,346.392323
10610,346.394158
10611,346.392107
10612,346.386161
10613,346.376355
10614,346.362768
10615,346.34554
10616,346.324881
10617,346.301092
10618,346.274597
10619,346.245984
10620,346.215918
10621,346.184885
10622,346.153223
10623,346.121146
10624,345.226506
10625,345.254793
10626,345.283047
10627,345.311255
10628,345.339398
10629,345.367453
10630,345.395389
10631,345.42317
10632,345.45075
10633,345.478082
10634,345.505109
10635,345.531776
10636,345.55803
10637,345.583824
10638,345.609122
10639,345.6339
10640,345.658148
10641,345.681868
10642,345.705072
10643,345.727788
10644,345.750054
10645,345.77192
10646,345.793448
10647,345.814712
10648,345.835797
10649,345.856798
10650,345.877819
10651,345.898969
10652,345.920359
10653,345.942093
10654,345.964267
10655,345.986965
10656,346.010254
10657,346.034183
10658,346.058782
10659,346.084053
10660,346.10997
10661,346.136465
10662,346.163423
10663,346.190665
10664,346.217929
10665,346.244849
10666,346.270924
10667,346.295497
10668,346.317855
10669,346.337477
10670,346.353975
10671,346.367064
10672,346.376539
10673,346.382257
10674,346.384125
10675,346.382095
10676,346.376162
10677,346.366363
10678,346.352783
10679,346.335567
10680,346.314932
10681,346.29119
10682,346.264775
10683,346.236288
10684,346.206403
10685,346.175619
10686,346.14428
10687,346.112603
10688,345.221514
10689,345.249561
10690,345.277612
10691,345.305656
10692,345.333676
10693,345.361648
10694,345.389541
10695,345.417315
10696,345.444922
10697,345.472305
10698,345.499399
10699,345.526137
10700,345.552451
10701,345.578286
10702,345.603598
10703,345.628355
10704,345.652545
10705,345.676163
10706,345.699224
10707,345.721751
10708,345.743782
10709,345.765368
10710,345.786571
10711,345.807468
10712,345.828146
10713,345.848708
10714,345.869267
10715,345.889943
10716,345.910858
10717,345.932129
10718,345.953858
10719,345.976134
10720,345.99903
10721,346.022598
10722,346.046867
10723,346.071844
10724,346.097499
10725,346.123769
10726,346.150535
10727,346.177619
10728,346.204755
10729,346.231576
10730,346.257577
10731,346.282094
10732,346.304414
10733,346.32401
10734,346.340491
10735,346.353574
10736,346.363052
10737,346.368784
10738,346.370679
10739,346.368691
10740,346.362816
10741,346.353095
10742,346.339617
10743,346.32253
10744,346.302055
10745,346.27851
10746,346.252334
10747,346.224133
10748,346.194589
10749,346.164203
10750,346.133323
10751,346.102167
10752,345.216457
10753,345.244259
10754,345.272104
10755,345.299983
10756,345.327879
10757,345.355769
10758,345.383621
10759,345.411393
10760,345.439033
10761,345.466477
10762,345.493648
10763,345.520464
10764,345.546844
10765,345.572717
10766,345.598032
10767,345.622753
10768,345.646861
10769,345.670352
10770,345.693235
10771,345.715535
10772,345.737287
10773,345.758542
10774,345.779363
10775,345.799827
10776,345.820027
10777,345.840071
10778,345.860081
10779,345.88019
10780,345.900536
10781,345.921245
10782,345.94243
10783,345.964183
10784,345.986579
10785,346.009671
10786,346.033491
10787,346.058043
10788,346.083299
10789,346.109194
10790,346.13561
10791,346.162368
10792,346.189205
10793,346.21575
10794,346.241503
10795,346.265799
10796,346.287927
10797,346.30736
10798,346.323712
10799,346.336698
10800,346.346116
10801,346.351825
10802,346.353737
10803,346.351808
10804,346.346037
10805,346.336465
10806,346.323183
10807,346.306341
10808,346.286162
10809,346.262962
10810,346.237183
10811,346.209431
10812,346.180386
10813,346.150549
10814,346.120268
10815,346.089758
10816,345.211285
10817,345.238835
10818,345.266468
10819,345.294175
10820,345.321941
10821,345.349744
10822,345.377551
10823,345.405319
10824,345.432992
10825,345.4605
10826,345.487753
10827,345.514652
10828,345.541094
10829,345.566998
10830,345.592303
10831,345.616968
10832,345.64097
10833,345.664304
10834,345.686977
10835,345.709011
10836,345.730443
10837,345.75132
10838,345.771707
10839,345.791682
10840,345.811339
10841,345.830791
10842,345.85017
10843,345.869626
10844,345.889314
10845,345.909373
10846,345.929921
10847,345.951055
10848,345.972851
10849,345.99536
10850,346.018614
10851,346.042616
10852,346.067336
10853,346.09271
10854,346.118619
10855,346.144886
10856,346.171249
10857,346.197345
10858,346.222675
10859,346.246584
10860,346.268365
10861,346.287499
10862,346.303605
10863,346.316404
10864,346.325695
10865,346.331343
10866,346.333261
10867,346.331408
10868,346.325783
10869,346.316429
10870,346.303437
10871,346.286956
10872,346.267206
10873,346.244501
10874,346.219277
10875,346.192135
10876,346.16375
10877,346.134615
10878,346.105073
10879,346.075336
10880,345.205948
10881,345.233237
10882,345.260647
10883,345.288171
10884,345.315795
10885,345.343498
10886,345.371247
10887,345.399
10888,345.426696
10889,345.454259
10890,345.48159
10891,345.508566
10892,345.53506
10893,345.560976
10894,345.586249
10895,345.610833
10896,345.634702
10897,345.657848
10898,345.680278
10899,345.702012
10900,345.723084
10901,345.743543
10902,345.763452
10903,345.782888
10904,345.801947
10905,345.820746
10906,345.839426
10907,345.858154
10908,345.877109
10909,345.896441
10910,345.916273
10911,345.936703
10912,345.957806
10913,345.979633
10914,346.002212
10915,346.025545
10916,346.0496
10917,346.074311
10918,346.099561
10919,346.125175
10920,346.150895
10921,346.176366
10922,346.201101
10923,346.224455
10924,346.245735
10925,346.264434
10926,346.280179
10927,346.292698
10928,346.301797
10929,346.307345
10930,346.309257
10931,346.307494
10932,346.302057
10933,346.292988
10934,346.280378
10935,346.264371
10936,346.245183
10937,346.223122
10938,346.198612
10939,346.172244
10940,346.144677
10941,346.116398
10942,346.087736
10943,346.058899
10944,345.200398
10945,345.227413
10946,345.254585
10947,345.281908
10948,345.309371
10949,345.336954
10950,345.364624
10951,345.392337
10952,345.420032
10953,345.447626
10954,345.475009
10955,345.502036
10956,345.528553
10957,345.554453
10958,345.579663
10959,345.604134
10960,345.627838
10961,345.650764
10962,345.672917
10963,345.694318
10964,345.714998
10965,345.735004
10966,345.754398
10967,345.773257
10968,345.79168
10969,345.809783
10970,345.827717
10971,345.845665
10972,345.863832
10973,345.882378
10974,345.901429
10975,345.921084
10976,345.941416
10977,345.962473
10978,345.98428
10979,346.006835
10980,346.030104
10981,346.05402
10982,346.078466
10983,346.103269
10984,346.128182
10985,346.152858
10986,346.176826
10987,346.199461
10988,346.220087
10989,346.238214
10990,346.253483
10991,346.265632
10992,346.274475
10993,346.279883
10994,346.281777
10995,346.280118
10996,346.274908
10997,346.26619
10998,346.254049
10999,346.238628
11000,346.220135
11001,346.198865
11002,346.175228
11003,346.149796
11004,346.12321
11005,346.095937
11006,346.068296
11007,346.040484
11008,345.194589
11009,345.221312
11010,345.248226
11011,345.275327
11012,345.302604
11013,345.330038
11014,345.357597
11015,345.385236
11016,345.41289
11017,345.44047
11018,345.467855
11019,345.494882
11020,345.521375
11021,345.547215
11022,345.572322
11023,345.596642
11024,345.620144
11025,345.642816
11026,345.664661
11027,345.685696
11028,345.705954
11029,345.725479
11030,345.744332
11031,345.76259
11032,345.780351
11033,345.797737
11034,345.814904
11035,345.832052
11036,345.849402
11037,345.867123
11038,345.885347
11039,345.904171
11040,345.923667
11041,345.943879
11042,345.964829
11043,345.98651
11044,346.008885
11045,346.031884
11046,346.055392
11047,346.07924
11048,346.103187
11049,346.126903
11050,346.149937
11051,346.171689
11052,346.191512
11053,346.208936
11054,346.223619
11055,346.235312
11056,346.243836
11057,346.249068
11058,346.250931
11059,346.249389
11060,346.244443
11061,346.236136
11062,346.22455
11063,346.209823
11064,346.192152
11065,346.171818
11066,346.149212
11067,346.124879
11068,346.099433
11069,346.073318
11070,346.046834
11071,346.020169
11072,345.188475
11073,345.214887
11074,345.241519
11075,345.26837
11076,345.295431
11077,345.322681
11078,345.350089
11079,345.377609
11080,345.405171
11081,345.432681
11082,345.460007
11083,345.486971
11084,345.513381
11085,345.539108
11086,345.564063
11087,345.588189
11088,345.61145
11089,345.633832
11090,345.655336
11091,345.675979
11092,345.695789
11093,345.714811
11094,345.733104
11095,345.750746
11096,345.767835
11097,345.784496
11098,345.800892
11099,345.817234
11100,345.833754
11101,345.85063
11102,345.867995
11103,345.885949
11104,345.904559
11105,345.923868
11106,345.94389
11107,345.964615
11108,345.986004
11109,346.007981
11110,346.030433
11111,346.053192
11112,346.076029
11113,346.09863
11114,346.120569
11115,346.141283
11116,346.160158
11117,346.176754
11118,346.190749
11119,346.201907
11120,346.210056
11121,346.215078
11122,346.216899
11123,346.215485
11124,346.210837
11125,346.202996
11126,346.192044
11127,346.17811
11128,346.161383
11129,346.142127
11130,346.120706
11131,346.097631
11132,346.073481
11133,346.048668
11134,346.023473
11135,345.998069
11136,345.182019
11137,345.208095
11138,345.234419
11139,345.260989
11140,345.287796
11141,345.314821
11142,345.342032
11143,345.369379
11144,345.396792
11145,345.424168
11146,345.451367
11147,345.478201
11148,345.504465
11149,345.53002
11150,345.554771
11151,345.578654
11152,345.601633
11153,345.623689
11154,345.644821
11155,345.665044
11156,345.684385
11157,345.702888
11158,345.72061
11159,345.737629
11160,345.754044
11161,345.769984
11162,345.785615
11163,345.801156
11164,345.816846
11165,345.832868
11166,345.84936
11167,345.866419
11168,345.884109
11169,345.90247
11170,345.921512
11171,345.941219
11172,345.961546
11173,345.982415
11174,346.003712
11175,346.025271
11176,346.046871
11177,346.068217
11178,346.088914
11179,346.108443
11180,346.126239
11181,346.141897
11182,346.155115
11183,346.165669
11184,346.173395
11185,346.17818
11186,346.17995
11187,346.178673
11188,346.174352
11189,346.167026
11190,346.156774
11191,346.143722
11192,346.128049
11193,346.11
11194,346.08991
11195,346.068248
11196,346.045541
11197,346.022164
11198,345.998376
11199,345.974338
11200,345.175184
11201,345.200901
11202,345.226886
11203,345.253139
11204,345.279652
11205,345.306406
11206,345.333367
11207,345.360486
11208,345.387686
11209,345.414861
11210,345.441864
11211,345.468497
11212,345.494548
11213,345.519869
11214,345.54436
11215,345.567952
11216,345.590605
11217,345.612298
11218,345.633029
11219,345.652808
11220,345.671663
11221,345.689635
11222,345.706781
11223,345.723178
11224,345.738925
11225,345.754154
11226,345.769033
11227,345.783785
11228,345.798655
11229,345.813829
11230,345.829444
11231,345.845596
11232,345.862349
11233,345.879735
11234,345.897761
11235,345.916405
11236,345.935617
11237,345.955316
11238,345.975384
11239,345.995658
11240,346.015924
11241,346.035902
11242,346.055231
11243,346.07345
11244,346.09006
11245,346.104691
11246,346.117063
11247,346.126962
11248,346.134229
11249,346.138754
11250,346.140468
11251,346.139336
11252,346.135364
11253,346.12859
11254,346.119093
11255,346.106993
11256,346.092462
11257,346.075729
11258,346.057101
11259,346.036988
11260,346.015851
11261,345.994025
11262,345.971745
11263,345.949164
11264,345.167943
11265,345.193272
11266,345.218886
11267,345.244784
11268,345.27096
11269,345.297394
11270,345.324051
11271,345.35088
11272,345.377803
11273,345.404708
11274,345.431444
11275,345.457805
11276,345.483575
11277,345.5086
11278,345.532774
11279,345.556025
11280,345.578309
11281,345.599603
11282,345.619902
11283,345.639216
11284,345.65757
11285,345.675004
11286,345.691573
11287,345.707354
11288,345.722446
11289,345.736979
11290,345.751126
11291,345.76511
11292,345.779178
11293,345.793517
11294,345.808264
11295,345.823512
11296,345.839323
11297,345.855724
11298,345.872716
11299,345.890273
11300,345.90834
11301,345.926832
11302,345.945629
11303,345.964568
11304,345.983442
11305,346.001985
11306,346.019866
11307,346.036688
11308,346.052045
11309,346.065598
11310,346.077083
11311,346.086296
11312,346.093083
11313,346.097338
11314,346.098991
11315,346.098011
11316,346.094404
11317,346.088207
11318,346.079499
11319,346.068396
11320,346.055064
11321,346.039719
11322,346.022642
11323,346.00418
11324,345.984702
11325,345.964505
11326,345.943808
11327,345.922755
11328,345.160274
11329,345.185186
11330,345.210394
11331,345.235899
11332,345.261692
11333,345.287754
11334,345.31405
11335,345.340527
11336,345.367105
11337,345.393671
11338,345.420068
11339,345.446088
11340,345.47151
11341,345.496175
11342,345.519974
11343,345.542834
11344,345.564706
11345,345.585566
11346,345.605406
11347,345.624236
11348,345.642077
11349,345.658969
11350,345.674965
11351,345.69014
11352,345.704593
11353,345.718454
11354,345.731893
11355,345.745136
11356,345.758427
11357,345.771954
11358,345.785852
11359,345.800212
11360,345.815089
11361,345.83051
11362,345.846468
11363,345.862935
11364,345.87985
11365,345.897125
11366,345.91464
11367,345.932235
11368,345.94971
11369,345.966817
11370,345.98326
11371,345.998705
11372,346.012811
11373,346.025283
11374,346.035875
11375,346.044396
11376,346.050698
11377,346.054679
11378,346.056273
11379,346.055449
11380,346.052213
11381,346.046605
11382,346.038698
11383,346.028608
11384,346.016489
11385,346.002544
11386,345.987022
11387,345.970213
11388,345.952413
11389,345.933879
11390,345.914808
11391,345.895332
11392,345.152162
11393,345.176628
11394,345.201395
11395,345.226464
11396,345.251827
11397,345.277465
11398,345.303342
11399,345.329404
11400,345.355571
11401,345.381727
11402,345.407715
11403,345.433324
11404,345.458329
11405,345.482572
11406,345.505941
11407,345.528359
11408,345.549777
11409,345.570169
11410,345.589525
11411,345.607853
11412,345.625173
11413,345.641522
11414,345.656952
11415,345.671536
11416,345.685371
11417,345.698586
11418,345.711348
11419,345.723881
11420,345.736429
11421,345.749175
11422,345.762252
11423,345.775748
11424,345.789716
11425,345.804174
11426,345.819116
11427,345.834507
11428,345.850285
11429,345.86636
11430,345.882611
11431,345.898887
11432,345.914997
11433,345.930716
11434,345.945781
11435,345.959909
11436,345.972814
11437,345.984238
11438,345.993961
11439,346.001805
11440,346.007633
11441,346.011347
11442,346.012885
11443,346.012219
11444,346.009354
11445,346.00433
11446,345.997219
11447,345.98813
11448,345.977206
11449,345.964632
11450,345.950625
11451,345.935427
11452,345.919283
11453,345.902409
11454,345.884977
11455,345.86711
11456,345.1436
11457,345.167589
11458,345.191879
11459,345.216471
11460,345.241357
11461,345.266517
11462,345.291917
11463,345.317501
11464,345.343189
11465,345.368867
11466,345.394374
11467,345.419502
11468,345.444026
11469,345.467785
11470,345.490667
11471,345.512595
11472,345.533519
11473,345.55341
11474,345.572259
11475,345.590069
11476,345.606862
11477,345.62267
11478,345.637544
11479,345.651555
11480,345.664797
11481,345.677396
11482,345.689516
11483,345.701377
11484,345.71322
11485,345.725224
11486,345.737518
11487,345.750186
11488,345.763276
11489,345.776805
11490,345.790761
11491,345.805108
11492,345.819781
11493,345.834693
11494,345.849725
11495,345.864734
11496,345.879542
11497,345.893946
11498,345.907718
11499,345.920613
11500,345.93239
11501,345.942825
11502,345.951723
11503,345.958922
11504,345.964298
11505,345.967758
11506,345.969247
11507,345.968738
11508,345.966238
11509,345.961784
11510,345.955446
11511,345.947325
11512,345.937555
11513,345.926299
11514,345.913745
11515,345.900099
11516,345.885564
11517,345.870323
11518,345.854526
11519,345.838282
11520,345.134587
11521,345.158068
11522,345.181846
11523,345.205919
11524,345.230281
11525,345.254912
11526,345.279776
11527,345.304819
11528,345.329963
11529,345.355092
11530,345.38005
11531,345.404629
11532,345.428605
11533,345.45182
11534,345.474162
11535,345.495552
11536,345.515942
11537,345.535302
11538,345.553621
11539,345.570901
11540,345.587161
11541,345.602433
11542,345.616765
11543,345.630224
11544,345.642901
11545,345.654918
11546,345.666435
11547,345.677668
11548,345.68885
11549,345.700157
11550,345.711711
11551,345.723595
11552,345.73585
11553,345.748491
11554,345.761505
11555,345.774852
11556,345.78847
11557,345.802272
11558,345.816146
11559,345.829957
11560,345.843543
11561,345.856723
11562,345.869297
11563,345.881054
11564,345.891788
11565,345.901305
11566,345.909435
11567,345.916033
11568,345.920986
11569,345.924212
11570,345.925659
11571,345.925304
11572,345.923156
11573,345.919249
11574,345.91365
11575,345.906454
11576,345.89778
11577,345.887775
11578,345.876603
11579,345.864439
11580,345.851456
11581,345.837809
11582,345.823629
11583,345.809011
11584,345.12513
11585,345.148075
11586,345.171304
11587,345.194819
11588,345.21861
11589,345.242659
11590,345.266931
11591,345.291372
11592,345.315905
11593,345.340418
11594,345.364758
11595,345.38872
11596,345.412085
11597,345.434696
11598,345.456444
11599,345.477253
11600,345.497072
11601,345.515872
11602,345.53364
11603,345.550379
11604,345.566104
11605,345.580845
11606,345.594649
11607,345.60758
11608,345.619723
11609,345.631196
11610,345.642155
11611,345.652805
11612,345.663375
11613,345.674035
11614,345.684901
11615,345.696049
11616,345.70752
11617,345.719324
11618,345.731447
11619,345.74385
11620,345.756472
11621,345.769229
11622,345.782017
11623,345.794711
11624,345.807165
11625,345.819217
11626,345.830692
11627,345.841409
11628,345.851189
11629,345.859867
11630,345.867291
11631,345.873337
11632,345.877903
11633,345.880916
11634,345.882329
11635,345.882124
11636,345.880309
11637,345.876921
11638,345.87202
11639,345.865693
11640,345.858052
11641,345.849225
11642,345.839358
11643,345.828603
11644,345.817109
11645,345.80501
11646,345.79242
11647,345.779424
11648,345.115244
11649,345.137623
11650,345.160271
11651,345.183187
11652,345.206363
11653,345.229781
11654,345.253405
11655,345.277184
11656,345.301043
11657,345.324874
11658,345.348528
11659,345.371807
11660,345.394498
11661,345.416448
11662,345.437552
11663,345.457736
11664,345.476949
11665,345.495162
11666,345.512361
11667,345.528548
11668,345.543737
11669,345.557957
11670,345.571249
11671,345.583675
11672,345.595318
11673,345.606288
11674,345.616733
11675,345.626852
11676,345.636864
11677,345.64693
11678,345.657162
11679,345.667629
11680,345.67837
11681,345.689393
11682,345.700683
11683,345.712204
11684,345.723895
11685,345.73568
11686,345.747462
11687,345.759125
11688,345.77054
11689,345.781561
11690,345.792037
11691,345.80181
11692,345.810727
11693,345.818642
11694,345.825427
11695,345.830972
11696,345.835186
11697,345.838007
11698,345.839394
11699,345.839332
11700,345.837832
11701,345.834927
11702,345.830677
11703,345.825163
11704,345.818484
11705,345.81076
11706,345.80212
11707,345.792699
11708,345.782627
11709,345.772026
11710,345.760996
11711,345.749613
11712,345.10495
11713,345.126735
11714,345.148769
11715,345.171049
11716,345.193569
11717,345.216307
11718,345.239232
11719,345.262293
11720,345.285416
11721,345.3085
11722,345.331403
11723,345.353935
11724,345.375891
11725,345.397126
11726,345.417539
11727,345.437057
11728,345.455631
11729,345.473233
11730,345.489848
11731,345.505475
11732,345.520128
11733,345.533833
11734,345.546631
11735,345.558578
11736,345.569754
11737,345.580262
11738,345.590242
11739,345.599882
11740,345.609391
11741,345.61892
11742,345.628573
11743,345.638416
11744,345.648484
11745,345.658785
11746,345.669305
11747,345.680008
11748,345.69084
11749,345.701728
11750,345.712585
11751,345.723305
11752,345.733772
11753,345.743859
11754,345.753432
11755,345.762354
11756,345.770493
11757,345.777723
11758,345.783933
11759,345.789025
11760,345.792924
11761,345.795574
11762,345.796941
11763,345.797014
11764,345.795804
11765,345.793347
11766,345.789698
11767,345.784933
11768,345.779147
11769,345.772447
11770,345.764954
11771,345.756789
11772,345.748074
11773,345.738918
11774,345.729414
11775,345.719632
11776,345.094273
11777,345.11544
11778,345.136829
11779,345.15844
11780,345.180263
11781,345.20228
11782,345.224457
11783,345.246746
11784,345.269077
11785,345.291354
11786,345.313443
11787,345.335166
11788,345.356331
11789,345.376801
11790,345.396479
11791,345.415295
11792,345.433203
11793,345.450172
11794,345.466187
11795,345.481247
11796,345.495364
11797,345.508563
11798,345.520881
11799,345.532375
11800,345.543117
11801,345.553204
11802,345.562768
11803,345.571983
11804,345.581044
11805,345.590091
11806,345.599221
11807,345.608495
11808,345.617948
11809,345.627586
11810,345.637398
11811,345.64735
11812,345.657392
11813,345.66746
11814,345.677472
11815,345.687336
11816,345.696946
11817,345.70619
11818,345.714951
11819,345.723111
11820,345.730553
11821,345.73717
11822,345.742864
11823,345.747553
11824,345.751169
11825,345.753667
11826,345.755017
11827,345.755214
11828,345.75427
11829,345.752221
11830,345.749121
11831,345.745042
11832,345.740073
11833,345.734319
11834,345.72789
11835,345.720904
11836,345.713474
11837,345.705708
11838,345.697693
11839,345.689496
11840,345.083248
11841,345.103772
11842,345.124489
11843,345.145399
11844,345.166491
11845,345.187747
11846,345.209134
11847,345.230605
11848,345.252094
11849,345.273509
11850,345.294727
11851,345.315585
11852,345.335907
11853,345.355568
11854,345.374474
11855,345.392559
11856,345.409775
11857,345.426093
11858,345.441496
11859,345.455983
11860,345.469564
11861,345.482262
11862,345.494116
11863,345.505176
11864,345.515512
11865,345.525218
11866,345.534411
11867,345.543252
11868,345.551917
11869,345.560534
11870,345.569193
11871,345.577952
11872,345.586843
11873,345.595876
11874,345.60504
11875,345.614306
11876,345.623629
11877,345.632951
11878,345.642198
11879,345.651287
11880,345.660125
11881,345.668613
11882,345.676649
11883,345.684127
11884,345.690949
11885,345.697019
11886,345.702254
11887,345.706582
11888,345.709947
11889,345.712308
11890,345.713644
11891,345.713952
11892,345.713246
11893,345.711563
11894,345.708957
11895,345.705497
11896,345.70127
11897,345.696378
11898,345.690928
11899,345.685038
11900,345.678819
11901,345.672381
11902,345.665814
11903,345.659186
11904,345.07191
11905,345.091771
11906,345.111792
11907,345.131972
11908,345.152302
11909,345.172764
11910,345.193326
11911,345.213942
11912,345.234548
11913,345.255057
11914,345.275357
11915,345.295303
11916,345.314742
11917,345.333558
11918,345.351664
11919,345.368993
11920,345.385499
11921,345.401151
11922,345.415933
11923,345.42984
11924,345.442884
11925,345.455087
11926,345.466483
11927,345.477125
11928,345.487079
11929,345.496432
11930,345.505294
11931,345.513805
11932,345.522119
11933,345.53035
11934,345.538582
11935,345.546872
11936,345.555252
11937,345.563732
11938,345.572305
11939,345.580947
11940,345.589617
11941,345.598263
11942,345.60682
11943,345.615213
11944,345.62336
11945,345.631174
11946,345.638562
11947,345.645436
11948,345.651706
11949,345.657291
11950,345.662118
11951,345.666125
11952,345.669265
11953,345.671503
11954,345.672824
11955,345.673226
11956,345.672729
11957,345.671369
11958,345.669198
11959,345.666288
11960,345.662724
11961,345.658606
11962,345.654046
11963,345.64916
11964,345.644069
11965,345.638889
11966,345.633722
11967,345.628644
11968,345.060303
11969,345.07948
11970,345.098782
11971,345.118207
11972,345.137749
11973,345.15739
11974,345.1771
11975,345.196834
11976,345.216531
11977,345.236107
11978,345.255461
11979,345.274468
11980,345.293
11981,345.310953
11982,345.32824
11983,345.344799
11984,345.360582
11985,345.375557
11986,345.389709
11987,345.403032
11988,345.415536
11989,345.427243
11990,345.438187
11991,345.448417
11992,345.457999
11993,345.467015
11994,345.475567
11995,345.483774
11996,345.491764
11997,345.499639
11998,345.507479
11999,345.515338
12000,345.523248
12001,345.531224
12002,345.539259
12003,345.547334
12004,345.555413
12005,345.56345
12006,345.571387
12007,345.579158
12008,345.586689
12009,345.593902
12010,345.600717
12011,345.607054
12012,345.612836
12013,345.617992
12014,345.622458
12015,345.62618
12016,345.629118
12017,345.631243
12018,345.632545
12019,345.633025
12020,345.632704
12021,345.63162
12022,345.629826
12023,345.627393
12024,345.624407
12025,345.620971
12026,345.617198
12027,345.613215
12028,345.609155
12029,345.605149
12030,345.601322
12031,345.597768
12032,345.048473
12033,345.066949
12034,345.085509
12035,345.104156
12036,345.122887
12037,345.141685
12038,345.160524
12039,345.17936
12040,345.198135
12041,345.216773
12042,345.235179
12043,345.253248
12044,345.270872
12045,345.287956
12046,345.304419
12047,345.3202
12048,345.335253
12049,345.349546
12050,345.363061
12051,345.375795
12052,345.387755
12053,345.398962
12054,345.40945
12055,345.419268
12056,345.428477
12057,345.437154
12058,345.445391
12059,345.453294
12060,345.460966
12061,345.4685
12062,345.47597
12063,345.483426
12064,345.490903
12065,345.498414
12066,345.505958
12067,345.513519
12068,345.521064
12069,345.528554
12070,345.535937
12071,345.543153
12072,345.550137
12073,345.556819
12074,345.563128
12075,345.568993
12076,345.574345
12077,345.579122
12078,345.583268
12079,345.586736
12080,345.589491
12081,345.591512
12082,345.592788
12083,345.593326
12084,345.593148
12085,345.592292
12086,345.590812
12087,345.588779
12088,345.586282
12089,345.583425
12090,345.58033
12091,345.577132
12092,345.573982
12093,345.571042
12094,345.56847
12095,345.566403
12096,345.036471
12097,345.054227
12098,345.072022
12099,345.089868
12100,345.107766
12101,345.125705
12102,345.14366
12103,345.161592
12104,345.179445
12105,345.197149
12106,345.21462
12107,345.231766
12108,345.248493
12109,345.264714
12110,345.280357
12111,345.295361
12112,345.309683
12113,345.32329
12114,345.336165
12115,345.348304
12116,345.359714
12117,345.370415
12118,345.38044
12119,345.389835
12120,345.398658
12121,345.406983
12122,345.414891
12123,345.422474
12124,345.429823
12125,345.43702
12126,345.44413
12127,345.451205
12128,345.458275
12129,345.465358
12130,345.472452
12131,345.479545
12132,345.48661
12133,345.49361
12134,345.500499
12135,345.507223
12136,345.513724
12137,345.519938
12138,345.525803
12139,345.531253
12140,345.536228
12141,345.540672
12142,345.544535
12143,345.547777
12144,345.550367
12145,345.552287
12146,345.55353
12147,345.554104
12148,345.554033
12149,345.553355
12150,345.552125
12151,345.550413
12152,345.54831
12153,345.545922
12154,345.543377
12155,345.540825
12156,345.538437
12157,345.536413
12158,345.534969
12159,345.534323
12160,345.024358
12161,345.041369
12162,345.05837
12163,345.075388
12164,345.092433
12165,345.109498
12166,345.126562
12167,345.143589
12168,345.160526
12169,345.177311
12170,345.193866
12171,345.210109
12172,345.225956
12173,345.24133
12174,345.256162
12175,345.270396
12176,345.283988
12177,345.29691
12178,345.309143
12179,345.320682
12180,345.331534
12181,345.34172
12182,345.351269
12183,345.360227
12184,345.368648
12185,345.376599
12186,345.384156
12187,345.391401
12188,345.398413
12189,345.405267
12190,345.412023
12191,345.418728
12192,345.425415
12193,345.432098
12194,345.438779
12195,345.445447
12196,345.452079
12197,345.458642
12198,345.465093
12199,345.471383
12200,345.47746
12201,345.483266
12202,345.488742
12203,345.493831
12204,345.498477
12205,345.50263
12206,345.506245
12207,345.509285
12208,345.511724
12209,345.513546
12210,345.514746
12211,345.515334
12212,345.515333
12213,345.514782
12214,345.513735
12215,345.512262
12216,345.510452
12217,345.508415
12218,345.506281
12219,345.50421
12220,345.502397
12221,345.501078
12222,345.500554
12223,345.501185
12224,345.012214
12225,345.028434
12226,345.044598
12227,345.060756
12228,345.076924
12229,345.093101
12230,345.109269
12231,345.125393
12232,345.141427
12233,345.157308
12234,345.172969
12235,345.188332
12236,345.203322
12237,345.217867
12238,345.231902
12239,345.245374
12240,345.258244
12241,345.270481
12242,345.28207
12243,345.293004
12244,345.303292
12245,345.312951
12246,345.322011
12247,345.330513
12248,345.33851
12249,345.346065
12250,345.353247
12251,345.36013
12252,345.366789
12253,345.373291
12254,345.379693
12255,345.386039
12256,345.392358
12257,345.398667
12258,345.404968
12259,345.41125
12260,345.417494
12261,345.423667
12262,345.429732
12263,345.435643
12264,345.44135
12265,345.446802
12266,345.451942
12267,345.456719
12268,345.461081
12269,345.464981
12270,345.468378
12271,345.471239
12272,345.473539
12273,345.475264
12274,345.476411
12275,345.476989
12276,345.477023
12277,345.476548
12278,345.475617
12279,345.474299
12280,345.472681
12281,345.470869
12282,345.468995
12283,345.46722
12284,345.465748
12285,345.464846
12286,345.464886
12287,345.46644
12288,344.729975
12289,345.559265
12290,345.4271
12291,344.807183
12292,344.718154
12293,345.539742
12294,345.406275
12295,344.795758
12296,344.058687
12297,344.859882
12298,344.729728
12299,344.134365
