0,347.904861
1,347.936679
2,347.981309
3,348.032561
4,348.087622
5,348.143607
6,348.196861
7,348.245503
8,348.288636
9,348.325648
10,348.356071
11,348.379574
12,348.395948
13,348.405075
14,348.406902
15,348.401434
16,348.388751
17,348.369028
18,348.342575
19,348.309842
20,348.271447
21,348.228425
22,348.183025
23,348.138382
24,348.096413
25,348.057876
26,348.022964
27,347.991651
28,347.963814
29,347.93928
30,347.917841
31,347.899279
32,347.883377
33,347.86993
34,347.858759
35,347.849707
36,347.842649
37,347.837485
38,347.834143
39,347.832573
40,347.832741
41,347.834627
42,347.838209
43,347.843461
44,347.850341
45,347.85877
46,347.868582
47,347.879373
48,347.890275
49,347.900027
50,347.908119
51,347.914342
52,347.918563
53,347.920693
54,347.920684
55,347.918521
56,347.914218
57,347.907801
58,347.899312
59,347.888818
60,347.876461
61,347.862599
62,347.848248
63,347.836441
64,347.934654
65,347.968945
66,348.018115
67,348.076639
68,348.142388
69,348.210995
70,348.273243
71,348.327701
72,348.374878
73,348.414875
74,348.447509
75,348.472575
76,348.48993
77,348.499489
78,348.501206
79,348.495066
80,348.481098
81,348.459395
82,348.430098
83,348.393281
84,348.348668
85,348.295927
86,348.238578
87,348.184233
88,348.135671
89,348.0928
90,348.054917
91,348.021433
92,347.991929
93,347.966073
94,347.943571
95,347.924147
96,347.907547
97,347.893542
98,347.88193
99,347.872544
100,347.865248
101,347.859939
102,347.856544
103,347.855017
104,347.855334
105,347.85749
106,347.861498
107,347.867391
108,347.875244
109,347.885204
110,347.897456
111,347.911874
112,347.927008
113,347.939434
114,347.949108
115,347.956338
116,347.961229
117,347.963786
118,347.964006
119,347.961904
120,347.95751
121,347.95086
122,347.942001
123,347.930999
124,347.917989
125,347.903328
126,347.888066
127,347.875414
128,347.976881
129,348.01569
130,348.074452
131,348.151109
132,348.248373
133,348.358985
134,348.444564
135,348.510916
136,348.565499
137,348.610754
138,348.6472
139,348.674903
140,348.693866
141,348.70408
142,348.705512
143,348.698105
144,348.681781
145,348.656445
146,348.621871
147,348.577118
148,348.518573
149,348.437562
150,348.340897
151,348.258345
152,348.193519
153,348.141546
154,348.098197
155,348.06108
156,348.028951
157,348.001099
158,347.977037
159,347.956381
160,347.938808
161,347.92404
162,347.911842
163,347.902026
164,347.89444
165,347.888977
166,347.885563
167,347.884161
168,347.884769
169,347.887418
170,347.892194
171,347.899281
172,347.909092
173,347.922523
174,347.941216
175,347.966899
176,347.996957
177,348.016304
178,348.029304
179,348.038499
180,348.044682
181,348.048081
182,348.048788
183,348.046876
184,348.042412
185,348.035454
186,348.026057
187,348.014283
188,348.000258
189,347.984336
190,347.96763
191,347.953668
192,348.025807
193,348.071854
194,348.148732
195,348.26754
196,348.456879
197,348.72008
198,348.859466
199,348.944068
200,349.009418
201,349.062537
202,349.104723
203,349.136362
204,349.157678
205,349.168791
206,349.169697
207,349.160262
208,349.140229
209,349.109228
210,349.066607
211,349.010076
212,348.927704
213,348.7652
214,348.531105
215,348.36847
216,348.266759
217,348.198075
218,348.146305
219,348.104227
220,348.068763
221,348.038479
222,348.012573
223,347.990494
224,347.97182
225,347.956207
226,347.943378
227,347.933114
228,347.925247
229,347.91966
230,347.916285
231,347.915097
232,347.916124
233,347.919459
234,347.925309
235,347.934154
236,347.947175
237,347.967318
238,348.001323
239,348.060724
240,348.147189
241,348.180327
242,348.198286
243,348.210436
244,348.218664
245,348.223438
246,348.224975
247,348.223437
248,348.218955
249,348.211625
250,348.201515
251,348.188683
252,348.173238
253,348.155532
254,348.136773
255,348.120967
256,348.078724
257,348.135424
258,348.243806
259,348.454725
260,348.912059
261,349.815519
262,350.040572
263,350.134235
264,350.213588
265,350.279441
266,350.331264
267,350.369505
268,350.394729
269,350.407288
270,350.40723
271,350.394283
272,350.367875
273,350.327257
274,350.271918
275,350.202423
276,350.111297
277,349.704838
278,348.926785
279,348.53789
280,348.357319
281,348.260333
282,348.196725
283,348.148496
284,348.109172
285,348.076178
286,348.048263
287,348.024662
288,348.004832
289,347.988351
290,347.974888
291,347.964191
292,347.956071
293,347.950405
294,347.947126
295,347.946229
296,347.947782
297,347.951954
298,347.95913
299,347.970256
300,347.987929
301,348.019683
302,348.087078
303,348.244935
304,348.575919
305,348.611639
306,348.632592
307,348.648919
308,348.66058
309,348.667752
310,348.670767
311,348.669934
312,348.665493
313,348.657608
314,348.646375
315,348.631845
316,348.614094
317,348.593455
318,348.571265
319,348.552294
320,348.132759
321,348.202051
322,348.35246
323,348.716209
324,349.814978
325,350.152067
326,350.256527
327,350.344968
328,350.426084
329,350.493604
330,350.54665
331,350.585718
332,350.611428
333,350.624166
334,350.623987
335,350.610601
336,350.583391
337,350.541541
338,350.484515
339,350.413698
340,350.337578
341,350.202945
342,349.692615
343,348.770674
344,348.459601
345,348.324902
346,348.247455
347,348.19251
348,348.149107
349,348.113295
350,348.083316
351,348.058173
352,348.037186
353,348.019851
354,348.00578
355,347.994683
356,347.98635
357,347.980649
358,347.977518
359,347.976973
360,347.979122
361,347.984222
362,347.992852
363,348.006501
364,348.029569
365,348.076448
366,348.197671
367,348.582631
368,348.665874
369,348.686572
370,348.707464
371,348.724362
372,348.736471
373,348.743949
374,348.74715
375,348.746405
376,348.74197
377,348.734017
378,348.722644
379,348.707903
380,348.689863
381,348.668851
382,348.646207
383,348.626759
384,348.184238
385,348.262493
386,348.436239
387,348.853933
388,350.038912
389,350.25533
390,350.358886
391,350.453483
392,350.540495
393,350.612546
394,350.668847
395,350.710108
396,350.73711
397,350.750327
398,350.749832
399,350.735286
400,350.705953
401,350.660824
402,350.599139
403,350.522358
404,350.441147
405,350.326723
406,349.959662
407,348.911282
408,348.542875
409,348.384477
410,348.296086
411,348.235096
412,348.187805
413,348.149259
414,348.117277
415,348.090644
416,348.068554
417,348.050416
418,348.035786
419,348.024337
420,348.015837
421,348.010145
422,348.007203
423,348.007048
424,348.009828
425,348.015873
426,348.025918
427,348.041807
428,348.068854
429,348.123739
430,348.261034
431,348.660946
432,348.71073
433,348.733273
434,348.756349
435,348.774964
436,348.788297
437,348.796597
438,348.800298
439,348.799791
440,348.79537
441,348.787231
442,348.775482
443,348.760169
444,348.741352
445,348.719341
446,348.695489
447,348.674837
448,348.23126
449,348.315295
450,348.500917
451,348.936902
452,350.131113
453,350.342332
454,350.452046
455,350.553825
456,350.647367
457,350.724546
458,350.784611
459,350.828449
460,350.856991
461,350.870794
462,350.869954
463,350.854078
464,350.822314
465,350.773474
466,350.706624
467,350.62331
468,350.535532
469,350.418433
470,350.061589
471,348.997277
472,348.608665
473,348.437484
474,348.341371
475,348.2754
476,348.224662
477,348.183623
478,348.1498
479,348.121803
480,348.09871
481,348.079855
482,348.06474
483,348.053001
484,348.044386
485,348.038745
486,348.036025
487,348.036279
488,348.039687
489,348.046641
490,348.057976
491,348.075729
492,348.105563
493,348.164657
494,348.30729
495,348.707214
496,348.755726
497,348.780547
498,348.805982
499,348.826491
500,348.84121
501,348.85045
502,348.854725
503,348.854483
504,348.850059
505,348.841675
506,348.829448
507,348.813424
508,348.79365
509,348.770426
510,348.74515
511,348.723145
512,348.272912
513,348.360953
514,348.553948
515,349.00069
516,350.208925
517,350.421908
518,350.537514
519,350.645822
520,350.745489
521,350.827639
522,350.891446
523,350.937896
524,350.968028
525,350.982469
526,350.981326
527,350.964165
528,350.93004
529,350.877636
530,350.805932
531,350.716664
532,350.623014
533,350.50163
534,350.141988
535,349.063459
536,348.663682
537,348.484498
538,348.382792
539,348.312839
540,348.259199
541,348.216013
542,348.180594
543,348.151419
544,348.127471
545,348.108017
546,348.092511
547,348.080559
548,348.071888
549,348.06634
550,348.063865
551,348.064529
552,348.06854
553,348.07633
554,348.088802
555,348.108094
556,348.140014
557,348.201895
558,348.34801
559,348.751937
560,348.800824
561,348.827612
562,348.855172
563,348.877456
564,348.893504
565,348.90366
566,348.908486
567,348.908482
568,348.90402
569,348.89534
570,348.882573
571,348.865762
572,348.844948
573,348.820431
574,348.793673
575,348.770316
576,348.308567
577,348.399556
578,348.59777
579,349.052346
580,350.273291
581,350.487937
582,350.60807
583,350.721503
584,350.826139
585,350.912445
586,350.979461
587,351.028205
588,351.059772
589,351.074831
590,351.073496
591,351.055306
592,351.019254
593,350.963956
594,350.888379
595,350.794478
596,350.696378
597,350.571619
598,350.208979
599,349.118164
600,348.710598
601,348.525838
602,348.420012
603,348.346982
604,348.291034
605,348.246119
606,348.209415
607,348.1793
608,348.154683
609,348.134775
610,348.118994
611,348.106916
612,348.098254
613,348.092841
614,348.09063
615,348.091695
616,348.096264
617,348.104798
618,348.118244
619,348.138793
620,348.172327
621,348.236275
622,348.385083
623,348.793035
624,348.842274
625,348.870542
626,348.899758
627,348.923464
628,348.940596
629,348.951498
630,348.956763
631,348.956919
632,348.952365
633,348.943359
634,348.930038
635,348.912447
636,348.890622
637,348.864876
638,348.83674
639,348.812157
640,348.337746
641,348.43091
642,348.632896
643,349.093176
644,350.323722
645,350.539586
646,350.662969
647,350.780162
648,350.888537
649,350.978052
650,351.04761
651,351.098217
652,351.130995
653,351.146631
654,351.145244
655,351.126355
656,351.088923
657,351.031536
658,350.953183
659,350.85601
660,350.754822
661,350.627735
662,350.262934
663,349.163141
664,348.750139
665,348.561507
666,348.452763
667,348.37751
668,348.319875
669,348.273697
670,348.236065
671,348.205287
672,348.180217
673,348.160027
674,348.144102
675,348.131998
676,348.123416
677,348.118182
678,348.116249
679,348.117698
680,348.122771
681,348.131948
682,348.146199
683,348.16775
684,348.202523
685,348.26801
686,348.418832
687,348.829896
688,348.879393
689,348.908711
690,348.93912
691,348.963865
692,348.981793
693,348.993232
694,348.998786
695,348.999004
696,348.994298
697,348.984938
698,348.971066
699,348.952729
700,348.929963
701,348.903095
702,348.873726
703,348.848068
704,348.360109
705,348.454802
706,348.659388
707,349.123568
708,350.360675
709,350.577363
710,350.702933
711,350.822698
712,350.933683
713,351.02549
714,351.096913
715,351.148934
716,351.182681
717,351.19885
718,351.197559
719,351.178321
720,351.140077
721,351.081408
722,351.001329
723,350.902124
724,350.799029
725,350.670511
726,350.304361
727,349.198895
728,348.782478
729,348.591421
730,348.480845
731,348.404195
732,348.345512
733,348.298568
734,348.260397
735,348.22926
736,348.203978
737,348.183693
738,348.16777
739,348.15575
740,348.147323
741,348.142314
742,348.140674
743,348.142488
744,348.148006
745,348.15772
746,348.172613
747,348.194929
748,348.230612
749,348.297195
750,348.449424
751,348.862638
752,348.91231
753,348.942319
754,348.973518
755,348.998946
756,349.017386
757,349.029147
758,349.034837
759,349.035011
760,349.030089
761,349.020349
762,349.005935
763,348.986895
764,348.963268
765,348.935396
766,348.904946
767,348.87836
768,348.375439
769,348.471082
770,348.67724
771,349.143739
772,350.384717
773,350.601888
774,350.728744
775,350.850045
776,350.962619
777,351.055862
778,351.128497
779,351.181489
780,351.215964
781,351.232622
782,351.231579
783,351.212342
784,351.173848
785,351.114673
786,351.033849
787,350.933732
788,350.829765
789,350.700585
790,350.333807
791,349.225681
792,348.807675
793,348.615512
794,348.504126
795,348.426892
796,348.367808
797,348.320612
798,348.28231
799,348.25114
800,348.225902
801,348.205723
802,348.189957
803,348.178138
804,348.169949
805,348.165213
806,348.163881
807,348.166042
808,348.171947
809,348.182093
810,348.197472
811,348.220332
812,348.256628
813,348.323917
814,348.477016
815,348.89152
816,348.941295
817,348.971696
818,349.003331
819,349.029122
820,349.047807
821,349.059685
822,349.065357
823,349.065382
824,349.060182
825,349.050037
826,349.035091
827,349.015393
828,348.990988
829,348.962231
830,348.930848
831,348.903473
832,348.383609
833,348.479656
834,348.686435
835,349.153804
836,350.396196
837,350.613543
838,350.740874
839,350.862761
840,350.975974
841,351.069838
842,351.143056
843,351.196585
844,351.231552
845,351.248655
846,351.248012
847,351.229127
848,351.190933
849,351.132004
850,351.05137
851,350.951388
852,350.847502
853,350.718363
854,350.351618
855,349.243635
856,348.825755
857,348.633742
858,348.522541
859,348.445526
860,348.386691
861,348.339767
862,348.301755
863,348.270887
864,348.24596
865,348.226097
866,348.210651
867,348.199153
868,348.191288
869,348.186877
870,348.185872
871,348.188362
872,348.194598
873,348.205078
874,348.220793
875,348.243991
876,348.280627
877,348.348263
878,348.501746
879,348.916765
880,348.966578
881,348.997104
882,349.028857
883,349.054715
884,349.073398
885,349.085194
886,349.090703
887,349.090477
888,349.084938
889,349.074364
890,349.058898
891,349.03859
892,349.013487
893,348.983962
894,348.951786
895,348.923755
896,348.38456
897,348.480471
898,348.686938
899,349.153755
900,350.395157
901,350.612381
902,350.739396
903,350.860938
904,350.973854
905,351.067535
906,351.140709
907,351.194345
908,351.229567
909,351.247075
910,351.246986
911,351.228803
912,351.19146
913,351.133526
914,351.054008
915,350.955194
916,350.852327
917,350.723915
918,350.357853
919,349.252775
920,348.836714
921,348.646096
922,348.53607
923,348.460079
924,348.402147
925,348.356025
926,348.318728
927,348.288503
928,348.264157
929,348.244823
930,348.229862
931,348.21881
932,348.211357
933,348.207327
934,348.206671
935,348.209477
936,348.215994
937,348.226715
938,348.242623
939,348.265961
940,348.302675
941,348.370318
942,348.523716
943,348.938507
944,348.988298
945,349.018693
946,349.050261
947,349.075903
948,349.094345
949,349.105872
950,349.111076
951,349.110503
952,349.104568
953,349.093543
954,349.077571
955,349.056698
956,349.030978
957,349.000796
958,348.967964
959,348.939403
960,348.378292
961,348.473508
962,348.678684
963,349.143452
964,350.381326
965,350.598109
966,350.723966
967,350.844185
968,350.955827
969,351.048492
970,351.120983
971,351.174284
972,351.209523
973,351.227395
974,351.228014
975,351.210891
976,351.174962
977,351.118792
978,351.041349
979,350.944783
980,350.84392
981,350.716963
982,350.352267
983,349.25299
984,348.840515
985,348.65258
986,348.544743
987,348.470593
988,348.414222
989,348.369431
990,348.333274
991,348.30403
992,348.280534
993,348.261941
994,348.24763
995,348.23715
996,348.2302
997,348.226608
998,348.226328
999,348.229444
1000,348.236198
1001,348.247073
1002,348.26304
1003,348.286325
1004,348.322856
1005,348.390158
1006,348.542989
1007,348.956779
1008,349.006485
1009,349.036486
1010,349.06756
1011,349.092704
1012,349.11067
1013,349.121746
1014,349.126512
1015,349.125502
1016,349.119119
1017,349.107625
1018,349.091159
1019,349.069768
1020,349.043508
1021,349.012778
1022,348.979423
1023,348.950457
1024,348.364877
1025,348.45879
1026,348.661589
1027,349.122634
1028,350.354127
1029,350.570108
1030,350.693848
1031,350.811648
1032,350.920945
1033,351.011704
1034,351.082838
1035,351.135353
1036,351.170364
1037,351.188556
1038,351.190043
1039,351.174342
1040,351.140408
1041,351.086809
1042,351.012469
1043,350.919332
1044,350.821574
1045,350.696894
1046,350.334333
1047,349.244048
1048,348.837089
1049,348.653224
1050,348.548643
1051,348.477171
1052,348.423025
1053,348.380089
1054,348.345486
1055,348.317552
1056,348.295167
1057,348.277521
1058,348.264021
1059,348.254237
1060,348.247881
1061,348.244789
1062,348.244917
1063,348.248343
1064,348.255299
1065,348.266253
1066,348.282152
1067,348.305194
1068,348.341272
1069,348.407857
1070,348.559586
1071,348.971508
1072,349.021057
1073,349.050374
1074,349.080619
1075,349.10497
1076,349.122226
1077,349.132674
1078,349.136878
1079,349.13535
1080,349.128474
1081,349.116499
1082,349.099556
1083,349.07769
1084,349.050964
1085,349.019791
1086,348.986044
1087,348.956795
1088,348.344485
1089,348.436401
1090,348.635552
1091,349.090925
1092,350.312808
1093,350.527558
1094,350.64803
1095,350.762138
1096,350.867896
1097,350.955791
1098,351.024869
1099,351.076135
1100,351.110674
1101,351.129142
1102,351.13165
1103,351.117734
1104,351.086383
1105,351.036197
1106,350.966066
1107,350.877679
1108,350.784301
1109,350.662875
1110,350.303323
1111,349.225563
1112,348.826319
1113,348.648091
1114,348.547921
1115,348.479993
1116,348.42873
1117,348.388158
1118,348.355508
1119,348.329195
1120,348.308166
1121,348.291662
1122,348.279126
1123,348.270158
1124,348.264488
1125,348.261961
1126,348.262535
1127,348.266283
1128,348.273421
1129,348.284391
1130,348.300105
1131,348.322713
1132,348.358045
1133,348.423481
1134,348.573473
1135,348.982502
1136,349.031808
1137,349.060098
1138,349.089145
1139,349.112392
1140,349.128707
1141,349.138363
1142,349.141896
1143,349.139784
1144,349.132382
1145,349.11992
1146,349.102518
1147,349.08022
1148,349.053098
1149,349.02158
1150,348.987566
1151,348.958159
1152,348.317419
1153,348.406477
1154,348.600341
1155,349.047668
1156,350.256858
1157,350.469925
1158,350.585755
1159,350.694722
1160,350.79566
1161,350.879722
1162,350.946067
1163,350.995652
1164,351.029491
1165,351.048193
1166,351.051856
1167,351.040048
1168,351.011823
1169,350.965859
1170,350.90106
1171,350.818846
1172,350.731301
1173,350.614246
1174,350.258524
1175,349.196714
1176,348.807884
1177,348.637236
1178,348.542799
1179,348.479325
1180,348.431594
1181,348.393867
1182,348.363534
1183,348.339127
1184,348.319677
1185,348.304492
1186,348.293063
1187,348.285023
1188,348.280128
1189,348.278235
1190,348.279303
1191,348.283398
1192,348.290716
1193,348.301661
1194,348.317091
1195,348.339075
1196,348.373326
1197,348.437058
1198,348.584482
1199,348.989444
1200,349.038404
1201,349.065263
1202,349.092707
1203,349.114547
1204,349.129711
1205,349.138446
1206,349.14123
1207,349.138493
1208,349.130552
1209,349.11761
1210,349.099772
1211,349.077084
1212,349.049627
1213,349.017853
1214,348.983687
1215,348.954242
1216,348.284122
1217,348.369084
1218,348.555004
1219,348.990563
1220,350.186846
1221,350.3986
1222,350.508488
1223,350.610955
1224,350.705983
1225,350.78546
1226,350.848586
1227,350.896194
1228,350.929176
1229,350.948067
1230,350.952949
1231,350.943433
1232,350.918674
1233,350.877487
1234,350.818874
1235,350.744047
1236,350.663696
1237,350.551704
1238,350.198547
1239,349.154464
1240,348.780605
1241,348.620576
1242,348.533573
1243,348.475534
1244,348.431959
1245,348.397509
1246,348.369812
1247,348.347555
1248,348.329877
1249,348.316164
1250,348.305966
1251,348.29896
1252,348.294927
1253,348.29374
1254,348.295363
1255,348.29985
1256,348.30737
1257,348.318279
1258,348.333353
1259,348.35452
1260,348.387251
1261,348.448402
1262,348.591873
1263,348.991815
1264,349.040404
1265,349.065417
1266,349.090906
1267,349.111117
1268,349.125014
1269,349.132774
1270,349.134798
1271,349.131448
1272,349.122992
1273,349.109602
1274,349.091368
1275,349.068333
1276,349.040596
1277,349.008636
1278,348.974411
1279,348.945034
1280,348.245203
1281,348.323935
1282,348.495912
1283,348.907645
1284,350.095292
1285,350.322107
1286,350.426931
1287,350.522867
1288,350.612067
1289,350.687143
1290,350.747234
1291,350.79299
1292,350.825157
1293,350.844185
1294,350.850139
1295,350.842675
1296,350.821063
1297,350.784289
1298,350.731531
1299,350.663909
1300,350.590643
1301,350.479837
1302,350.102695
1303,349.084993
1304,348.740664
1305,348.597671
1306,348.520625
1307,348.469113
1308,348.430263
1309,348.399446
1310,348.374638
1311,348.354722
1312,348.338968
1313,348.326853
1314,348.317993
1315,348.312112
1316,348.309024
1317,348.308621
1318,348.310872
1319,348.315818
1320,348.323599
1321,348.334507
1322,348.349195
1323,348.369342
1324,348.399877
1325,348.456567
1326,348.592076
1327,348.986419
1328,349.037418
1329,349.060521
1330,349.084086
1331,349.102781
1332,349.115553
1333,349.122483
1334,349.12388
1335,349.120036
1336,349.111172
1337,349.097429
1338,349.078883
1339,349.055578
1340,349.027624
1341,348.995532
1342,348.961299
1343,348.932045
1344,348.201688
1345,348.270686
1346,348.414356
1347,348.744483
1348,349.687805
1349,350.187198
1350,350.312299
1351,350.405602
1352,350.490556
1353,350.562301
1354,350.620109
1355,350.664482
1356,350.696036
1357,350.715153
1358,350.721882
1359,350.715917
1360,350.696622
1361,350.663136
1362,350.614775
1363,350.552233
1364,350.480157
1365,350.301932
1366,349.663968
1367,348.937664
1368,348.680784
1369,348.568287
1370,348.504653
1371,348.46073
1372,348.42704
1373,348.400099
1374,348.378345
1375,348.360899
1376,348.347175
1377,348.336748
1378,348.329308
1379,348.324631
1380,348.322567
1381,348.323031
1382,348.325997
1383,348.331499
1384,348.339642
1385,348.350644
1386,348.364992
1387,348.383947
1388,348.411262
1389,348.459129
1390,348.56936
1391,348.892546
1392,349.016095
1393,349.039375
1394,349.061705
1395,349.079339
1396,349.091348
1397,349.097736
1398,349.098736
1399,349.094586
1400,349.085469
1401,349.071504
1402,349.052755
1403,349.029265
1404,349.001157
1405,348.96896
1406,348.934708
1407,348.905549
1408,348.155818
1409,348.212848
1410,348.317145
1411,348.509593
1412,348.90781
1413,349.676242
1414,349.945006
1415,350.048644
1416,350.130857
1417,350.199657
1418,350.25536
1419,350.298443
1420,350.329429
1421,350.34864
1422,350.356111
1423,350.351571
1424,350.334462
1425,350.304032
1426,350.25954
1427,350.199589
1428,350.103538
1429,349.664677
1430,349.059666
1431,348.755538
1432,348.612554
1433,348.536204
1434,348.487287
1435,348.451311
1436,348.422917
1437,348.399933
1438,348.381297
1439,348.366378
1440,348.354736
1441,348.346052
1442,348.340088
1443,348.336677
1444,348.335709
1445,348.337124
1446,348.34091
1447,348.347093
1448,348.35575
1449,348.367023
1450,348.381214
1451,348.399059
1452,348.422607
1453,348.457781
1454,348.521114
1455,348.652188
1456,348.897148
1457,348.937672
1458,348.960545
1459,348.977548
1460,348.989026
1461,348.99504
1462,348.995772
1463,348.991413
1464,348.982114
1465,348.967973
1466,348.949046
1467,348.925376
1468,348.897094
1469,348.864752
1470,348.83042
1471,348.80128
1472,348.110722
1473,348.158039
1474,348.234104
1475,348.346379
1476,348.518064
1477,348.753131
1478,348.895859
1479,348.983945
1480,349.052222
1481,349.109
1482,349.155999
1483,349.193694
1484,349.222315
1485,349.241969
1486,349.25264
1487,349.254186
1488,349.246337
1489,349.22867
1490,349.200326
1491,349.158235
1492,349.088559
1493,348.940651
1494,348.757393
1495,348.633262
1496,348.557067
1497,348.507016
1498,348.470521
1499,348.441856
1500,348.418541
1501,348.399421
1502,348.383863
1503,348.371453
1504,348.361895
1505,348.354967
1506,348.350508
1507,348.348407
1508,348.348597
1509,348.351051
1510,348.355772
1511,348.362791
1512,348.372166
1513,348.38398
1514,348.398383
1515,348.4157
1516,348.436759
1517,348.463671
1518,348.501227
1519,348.55712
1520,348.630195
1521,348.664968
1522,348.686371
1523,348.701318
1524,348.711106
1525,348.715925
1526,348.715805
1527,348.710767
1528,348.700834
1529,348.686028
1530,348.666365
1531,348.641892
1532,348.612781
1533,348.579676
1534,348.544783
1535,348.515418
1536,348.068302
1537,348.109024
1538,348.168827
1539,348.244216
1540,348.337021
1541,348.441593
1542,348.527155
1543,348.59524
1544,348.652556
1545,348.701759
1546,348.743547
1547,348.778068
1548,348.80535
1549,348.825384
1550,348.838129
1551,348.843509
1552,348.841411
1553,348.831675
1554,348.813932
1555,348.786958
1556,348.746889
1557,348.686395
1558,348.616979
1559,348.559645
1560,348.516186
1561,348.482597
1562,348.455546
1563,348.433164
1564,348.414494
1565,348.399014
1566,348.3864
1567,348.376417
1568,348.368892
1569,348.363696
1570,348.36074
1571,348.359971
1572,348.361371
1573,348.364946
1574,348.370728
1575,348.378762
1576,348.389101
1577,348.4018
1578,348.416917
1579,348.434538
1580,348.454857
1581,348.478348
1582,348.505908
1583,348.538267
1584,348.572756
1585,348.598417
1586,348.617606
1587,348.631788
1588,348.641263
1589,348.645966
1590,348.645794
1591,348.640676
1592,348.63057
1593,348.615457
1594,348.595339
1595,348.570264
1596,348.540431
1597,348.506537
1598,348.47089
1599,348.440974
1600,348.0293
1601,348.065694
1602,348.116415
1603,348.17513
1604,348.23969
1605,348.306636
1606,348.368643
1607,348.424123
1608,348.473638
1609,348.517486
1610,348.555645
1611,348.588
1612,348.614447
1613,348.634911
1614,348.649332
1615,348.657671
1616,348.65991
1617,348.656056
1618,348.646115
1619,348.629948
1620,348.60706
1621,348.577157
1622,348.543949
1623,348.512959
1624,348.485987
1625,348.462824
1626,348.442901
1627,348.4258
1628,348.411262
1629,348.399117
1630,348.389245
1631,348.381549
1632,348.375961
1633,348.372433
1634,348.370947
1635,348.37151
1636,348.374152
1637,348.378925
1638,348.385894
1639,348.395134
1640,348.406716
1641,348.420696
1642,348.4371
1643,348.455913
1644,348.477072
1645,348.500465
1646,348.525875
1647,348.552694
1648,348.579209
1649,348.602349
1650,348.62145
1651,348.636261
1652,348.6465
1653,348.651906
1654,348.652289
1655,348.647526
1656,348.63755
1657,348.622327
1658,348.601852
1659,348.576177
1660,348.545519
1661,348.510618
1662,348.473878
1663,348.443044
1664,347.99389
1665,348.02732
1666,348.072607
1667,348.122959
1668,348.175769
1669,348.228998
1670,348.280222
1671,348.328178
1672,348.372327
1673,348.412313
1674,348.447836
1675,348.478663
1676,348.504624
1677,348.525605
1678,348.54154
1679,348.552402
1680,348.558219
1681,348.55908
1682,348.555148
1683,348.546656
1684,348.533926
1685,348.517592
1686,348.499218
1687,348.48073
1688,348.463249
1689,348.447232
1690,348.43285
1691,348.420176
1692,348.409249
1693,348.400089
1694,348.392707
1695,348.387112
1696,348.38332
1697,348.381361
1698,348.381282
1699,348.383148
1700,348.387045
1701,348.393075
1702,348.40135
1703,348.411989
1704,348.425106
1705,348.440791
1706,348.459097
1707,348.48001
1708,348.503422
1709,348.529083
1710,348.556514
1711,348.58482
1712,348.612472
1713,348.637523
1714,348.658853
1715,348.675795
1716,348.687884
1717,348.694793
1718,348.696309
1719,348.692312
1720,348.682735
1721,348.667551
1722,348.64676
1723,348.620418
1724,348.588755
1725,348.552542
1726,348.514299
1727,348.482135
1728,347.96202
1729,347.993291
1730,348.034984
1731,348.080448
1732,348.127215
1733,348.173879
1734,348.219247
1735,348.262452
1736,348.302889
1737,348.340103
1738,348.373742
1739,348.403541
1740,348.429308
1741,348.450916
1742,348.468288
1743,348.481403
1744,348.490297
1745,348.49508
1746,348.495947
1747,348.493197
1748,348.487252
1749,348.478714
1750,348.468443
1751,348.457374
1752,348.446239
1753,348.435531
1754,348.425581
1755,348.416615
1756,348.408797
1757,348.402251
1758,348.397073
1759,348.393354
1760,348.391183
1761,348.390655
1762,348.391884
1763,348.394994
1764,348.40013
1765,348.407451
1766,348.417131
1767,348.42935
1768,348.44429
1769,348.462116
1770,348.482967
1771,348.506937
1772,348.534052
1773,348.564233
1774,348.597157
1775,348.631879
1776,348.666222
1777,348.696999
1778,348.722996
1779,348.743717
1780,348.758827
1781,348.768084
1782,348.771341
1783,348.768526
1784,348.759616
1785,348.74461
1786,348.723524
1787,348.696421
1788,348.663532
1789,348.625657
1790,348.585447
1791,348.551496
1792,347.933539
1793,347.963157
1794,348.002271
1795,348.044486
1796,348.087524
1797,348.130284
1798,348.171988
1799,348.212018
1800,348.249873
1801,348.285144
1802,348.317506
1803,348.346704
1804,348.372547
1805,348.394903
1806,348.413689
1807,348.428875
1808,348.44049
1809,348.448626
1810,348.453457
1811,348.455245
1812,348.454349
1813,348.451233
1814,348.446453
1815,348.440594
1816,348.434175
1817,348.427623
1818,348.421275
1819,348.415401
1820,348.410215
1821,348.4059
1822,348.402617
1823,348.400516
1824,348.399751
1825,348.400481
1826,348.402881
1827,348.407138
1828,348.413461
1829,348.422075
1830,348.433225
1831,348.447175
1832,348.464201
1833,348.484591
1834,348.508654
1835,348.536739
1836,348.569315
1837,348.607053
1838,348.650719
1839,348.700085
1840,348.750871
1841,348.793089
1842,348.826905
1843,348.85335
1844,348.872802
1845,348.885339
1846,348.890988
1847,348.8898
1848,348.881835
1849,348.867147
1850,348.84578
1851,348.817801
1852,348.783436
1853,348.743502
1854,348.700802
1855,348.664547
1856,347.908239
1857,347.936551
1858,347.973721
1859,348.013603
1860,348.054081
1861,348.094228
1862,348.133461
1863,348.171319
1864,348.207407
1865,348.241388
1866,348.272981
1867,348.301955
1868,348.32813
1869,348.351372
1870,348.371591
1871,348.388742
1872,348.40283
1873,348.413918
1874,348.422133
1875,348.427674
1876,348.430815
1877,348.431895
1878,348.431307
1879,348.429463
1880,348.426757
1881,348.423545
1882,348.420139
1883,348.416811
1884,348.413802
1885,348.411333
1886,348.409609
1887,348.408838
1888,348.409229
1889,348.411002
1890,348.414394
1891,348.419658
1892,348.427069
1893,348.43693
1894,348.449569
1895,348.46535
1896,348.484676
1897,348.508015
1898,348.535955
1899,348.569373
1900,348.609831
1901,348.660336
1902,348.726068
1903,348.812164
1904,348.910134
1905,348.975204
1906,349.021263
1907,349.055805
1908,349.081171
1909,349.098088
1910,349.106898
1911,349.107853
1912,349.101153
1913,349.086938
1914,349.065294
1915,349.036293
1916,349.00014
1917,348.957657
1918,348.911814
1919,348.872612
1920,347.88587
1921,347.913134
1922,347.948803
1923,347.986952
1924,348.025593
1925,348.063914
1926,348.101449
1927,348.137843
1928,348.172787
1929,348.206008
1930,348.237267
1931,348.26636
1932,348.29312
1933,348.317409
1934,348.339126
1935,348.358205
1936,348.37462
1937,348.388394
1938,348.3996
1939,348.408372
1940,348.414901
1941,348.419429
1942,348.422241
1943,348.423642
1944,348.423941
1945,348.423439
1946,348.422418
1947,348.421146
1948,348.419877
1949,348.418859
1950,348.41834
1951,348.418575
1952,348.41983
1953,348.422385
1954,348.426539
1955,348.432617
1956,348.440966
1957,348.451969
1958,348.466052
1959,348.483693
1960,348.505453
1961,348.532038
1962,348.564472
1963,348.604587
1964,348.656358
1965,348.729136
1966,348.843654
1967,349.034211
1968,349.301706
1969,349.407562
1970,349.469987
1971,349.51535
1972,349.548801
1973,349.571725
1974,349.584853
1975,349.588732
1976,349.583773
1977,349.57025
1978,349.548311
1979,349.518031
1980,349.479575
1981,349.43374
1982,349.383692
1983,349.340489
1984,347.866165
1985,347.892581
1986,347.92708
1987,347.96393
1988,348.001243
1989,348.038292
1990,348.074691
1991,348.110161
1992,348.144459
1993,348.177365
1994,348.208676
1995,348.238214
1996,348.265816
1997,348.291344
1998,348.314677
1999,348.335722
2000,348.354416
2001,348.370733
2002,348.384691
2003,348.396356
2004,348.405846
2005,348.413326
2006,348.418998
2007,348.423094
2008,348.425861
2009,348.427556
2010,348.428437
2011,348.428765
2012,348.428806
2013,348.428834
2014,348.429135
2015,348.430012
2016,348.431789
2017,348.434808
2018,348.439438
2019,348.446075
2020,348.455144
2021,348.467117
2022,348.482518
2023,348.501955
2024,348.526168
2025,348.556151
2026,348.593512
2027,348.641563
2028,348.708693
2029,348.818489
2030,349.037477
2031,349.531584
2032,350.524515
2033,350.626842
2034,350.699441
2035,350.759523
2036,350.805545
2037,350.838008
2038,350.857997
2039,350.866522
2040,350.864347
2041,350.851969
2042,350.829639
2043,350.797433
2044,350.755434
2045,350.704348
2046,350.647519
2047,350.59756
2048,347.848846
2049,347.874576
2050,347.908165
2051,347.944048
2052,347.980419
2053,348.016617
2054,348.052317
2055,348.087296
2056,348.121364
2057,348.154343
2058,348.186064
2059,348.216363
2060,348.245086
2061,348.272084
2062,348.297214
2063,348.320348
2064,348.341375
2065,348.360212
2066,348.376816
2067,348.391187
2068,348.403374
2069,348.413476
2070,348.42163
2071,348.42801
2072,348.432818
2073,348.436275
2074,348.438623
2075,348.440118
2076,348.441039
2077,348.441684
2078,348.44238
2079,348.443483
2080,348.445377
2081,348.448476
2082,348.453224
2083,348.460091
2084,348.469589
2085,348.482276
2086,348.498781
2087,348.519842
2088,348.546379
2089,348.579688
2090,348.622005
2091,348.678326
2092,348.762616
2093,348.919821
2094,349.307934
2095,350.525033
2096,350.705292
2097,350.774594
2098,350.847512
2099,350.908923
2100,350.956012
2101,350.989265
2102,351.009817
2103,351.018724
2104,351.016778
2105,351.004495
2106,350.982136
2107,350.949774
2108,350.907486
2109,350.855962
2110,350.798541
2111,350.747892
2112,347.833639
2113,347.858815
2114,347.891702
2115,347.926881
2116,347.962618
2117,347.998301
2118,348.033655
2119,348.068506
2120,348.102705
2121,348.13611
2122,348.168581
2123,348.19997
2124,348.230124
2125,348.25888
2126,348.286068
2127,348.311511
2128,348.335039
2129,348.356499
2130,348.375775
2131,348.392799
2132,348.407553
2133,348.420076
2134,348.430451
2135,348.438807
2136,348.445309
2137,348.450152
2138,348.453563
2139,348.4558
2140,348.457153
2141,348.45795
2142,348.458561
2143,348.459401
2144,348.460926
2145,348.463633
2146,348.468049
2147,348.474734
2148,348.484282
2149,348.49734
2150,348.514636
2151,348.537028
2152,348.565604
2153,348.601917
2154,348.648677
2155,348.711936
2156,348.80824
2157,348.988479
2158,349.417181
2159,350.629963
2160,350.777147
2161,350.85367
2162,350.933988
2163,351.00134
2164,351.052915
2165,351.089466
2166,351.11238
2167,351.122893
2168,351.121922
2169,351.11006
2170,351.0876
2171,351.054616
2172,351.011145
2173,350.957828
2174,350.898008
2175,350.844813
2176,347.82028
2177,347.845011
2178,347.877368
2179,347.912057
2180,347.947407
2181,347.982851
2182,348.018157
2183,348.053191
2184,348.087844
2185,348.12201
2186,348.155573
2187,348.188403
2188,348.220349
2189,348.251232
2190,348.280844
2191,348.308947
2192,348.335287
2193,348.359618
2194,348.381735
2195,348.401491
2196,348.418806
2197,348.43366
2198,348.446093
2199,348.456196
2200,348.464105
2201,348.469996
2202,348.474086
2203,348.476631
2204,348.477937
2205,348.478363
2206,348.478326
2207,348.478309
2208,348.47886
2209,348.480581
2210,348.484106
2211,348.490087
2212,348.499208
2213,348.512197
2214,348.529872
2215,348.553194
2216,348.583384
2217,348.622189
2218,348.672634
2219,348.741319
2220,348.845779
2221,349.038311
2222,349.483191
2223,350.705689
2224,350.853162
2225,350.937031
2226,351.025211
2227,351.099181
2228,351.155915
2229,351.19634
2230,351.222061
2231,351.234502
2232,351.234713
2233,351.22337
2234,351.200807
2235,351.167095
2236,351.12224
2237,351.066843
2238,351.004318
2239,350.948406
2240,347.808517
2241,347.832895
2242,347.864861
2243,347.899236
2244,347.934405
2245,347.969843
2246,348.005356
2247,348.040851
2248,348.076259
2249,348.111509
2250,348.14652
2251,348.181183
2252,348.215355
2253,348.248846
2254,348.281408
2255,348.312723
2256,348.342405
2257,348.370056
2258,348.395353
2259,348.418068
2260,348.438058
2261,348.455257
2262,348.469669
2263,348.481357
2264,348.490434
2265,348.497062
2266,348.501447
2267,348.503845
2268,348.504574
2269,348.504019
2270,348.502645
2271,348.501013
2272,348.499789
2273,348.499737
2274,348.501638
2275,348.506257
2276,348.514358
2277,348.52674
2278,348.544285
2279,348.568033
2280,348.599302
2281,348.63997
2282,348.693253
2283,348.766035
2284,348.876261
2285,349.076723
2286,349.532066
2287,350.768665
2288,350.917419
2289,351.00708
2290,351.101763
2291,351.181436
2292,351.242757
2293,351.286702
2294,351.315017
2295,351.329261
2296,351.330591
2297,351.319752
2298,351.297113
2299,351.262746
2300,351.216638
2301,351.159372
2302,351.094463
2303,351.036232
2304,347.798115
2305,347.822214
2306,347.853905
2307,347.888112
2308,347.923272
2309,347.9589
2310,347.994843
2311,348.031049
2312,348.067495
2313,348.104157
2314,348.140993
2315,348.177939
2316,348.214882
2317,348.251651
2318,348.287978
2319,348.323441
2320,348.357417
2321,348.389177
2322,348.418242
2323,348.44432
2324,348.467234
2325,348.486894
2326,348.503283
2327,348.516449
2328,348.526493
2329,348.533561
2330,348.53785
2331,348.539609
2332,348.539152
2333,348.536875
2334,348.533267
2335,348.528945
2336,348.524737
2337,348.521743
2338,348.520997
2339,348.523389
2340,348.529733
2341,348.54086
2342,348.55768
2343,348.581268
2344,348.612997
2345,348.654822
2346,348.710064
2347,348.785751
2348,348.900022
2349,349.105943
2350,349.568732
2351,350.816916
2352,350.96666
2353,351.060528
2354,351.160089
2355,351.244178
2356,351.309144
2357,351.355947
2358,351.386401
2359,351.402153
2360,351.404433
2361,351.394037
2362,351.371359
2363,351.336476
2364,351.289362
2365,351.230603
2366,351.163812
2367,351.10378
2368,347.788848
2369,347.81273
2370,347.844242
2371,347.878401
2372,347.913695
2373,347.94968
2374,347.986247
2375,348.023393
2376,348.061148
2377,348.099548
2378,348.138621
2379,348.178383
2380,348.218821
2381,348.259885
2382,348.301416
2383,348.342929
2384,348.383255
2385,348.420641
2386,348.45447
2387,348.484556
2388,348.510801
2389,348.533145
2390,348.551586
2391,348.566177
2392,348.577014
2393,348.584234
2394,348.588016
2395,348.588582
2396,348.586219
2397,348.581272
2398,348.574144
2399,348.565346
2400,348.555854
2401,348.547798
2402,348.542756
2403,348.541693
2404,348.545343
2405,348.554446
2406,348.569861
2407,348.59264
2408,348.624156
2409,348.666389
2410,348.722701
2411,348.800182
2412,348.91706
2413,349.126561
2414,349.594356
2415,350.85059
2416,351.001006
2417,351.097728
2418,351.200669
2419,351.287889
2420,351.355496
2421,351.404405
2422,351.436463
2423,351.453362
2424,351.456379
2425,351.446341
2426,351.423663
2427,351.388425
2428,351.340595
2429,351.280766
2430,351.212631
2431,351.151325
2432,347.780505
2433,347.804221
2434,347.835629
2435,347.869837
2436,347.905382
2437,347.941865
2438,347.979223
2439,348.017512
2440,348.056829
2441,348.097296
2442,348.139054
2443,348.182283
2444,348.227247
2445,348.274355
2446,348.324106
2447,348.37642
2448,348.428764
2449,348.475093
2450,348.515432
2451,348.550525
2452,348.580707
2453,348.60609
2454,348.626746
2455,348.64276
2456,348.654244
2457,348.661324
2458,348.664146
2459,348.66288
2460,348.657719
2461,348.648821
2462,348.636138
2463,348.619263
2464,348.598586
2465,348.580523
2466,348.56798
2467,348.561507
2468,348.5612
2469,348.567367
2470,348.580627
2471,348.601905
2472,348.632507
2473,348.674381
2474,348.730879
2475,348.809099
2476,348.927291
2477,349.138756
2478,349.609428
2479,350.87041
2480,351.021222
2481,351.119651
2482,351.224649
2483,351.313807
2484,351.383077
2485,351.433336
2486,351.466438
2487,351.484098
2488,351.487619
2489,351.477847
2490,351.455207
2491,351.419781
2492,351.371536
2493,351.31107
2494,351.242128
2495,351.180054
2496,347.772887
2497,347.796474
2498,347.827837
2499,347.862169
2500,347.898057
2501,347.935148
2502,347.973436
2503,348.013041
2504,348.054149
2505,348.097
2506,348.141924
2507,348.189434
2508,348.240488
2509,348.296963
2510,348.362108
2511,348.439148
2512,348.522904
2513,348.585893
2514,348.635695
2515,348.677281
2516,348.712314
2517,348.741305
2518,348.764478
2519,348.781998
2520,348.794006
2521,348.800622
2522,348.801939
2523,348.798029
2524,348.788901
2525,348.774276
2526,348.75273
2527,348.719647
2528,348.668159
2529,348.626087
2530,348.598752
2531,348.583368
2532,348.57731
2533,348.579453
2534,348.589751
2535,348.608817
2536,348.6378
2537,348.678553
2538,348.734374
2539,348.812322
2540,348.930626
2541,349.142588
2542,349.614223
2543,350.876975
2544,351.02794
2545,351.127068
2546,351.232927
2547,351.322916
2548,351.392914
2549,351.443779
2550,351.477364
2551,351.495393
2552,351.499178
2553,351.489574
2554,351.467008
2555,351.431564
2556,351.383206
2557,351.322535
2558,351.253312
2559,351.190959
2560,347.765804
2561,347.789289
2562,347.82065
2563,347.855158
2564,347.891454
2565,347.929234
2566,347.968553
2567,348.009609
2568,348.052696
2569,348.098217
2570,348.146793
2571,348.199572
2572,348.259085
2573,348.331297
2574,348.429312
2575,348.574501
2576,348.76731
2577,348.861684
2578,348.924497
2579,348.974644
2580,349.016086
2581,349.049771
2582,349.076117
2583,349.095415
2584,349.107869
2585,349.113583
2586,349.112569
2587,349.104742
2588,349.089864
2589,349.067108
2590,349.032528
2591,348.967435
2592,348.807273
2593,348.69819
2594,348.638735
2595,348.607981
2596,348.593595
2597,348.590449
2598,348.596959
2599,348.613122
2600,348.639801
2601,348.678696
2602,348.733
2603,348.8097
2604,348.926965
2605,349.138036
2606,349.608832
2607,350.87057
2608,351.021458
2609,351.120343
2610,351.225935
2611,351.315693
2612,351.385512
2613,351.436251
2614,351.469761
2615,351.487765
2616,351.491572
2617,351.482035
2618,351.45958
2619,351.424288
2620,351.376122
2621,351.315673
2622,351.246688
2623,351.184537
2624,347.759075
2625,347.782476
2626,347.813858
2627,347.848575
2628,347.885315
2629,347.923831
2630,347.964242
2631,348.006833
2632,348.052025
2633,348.100426
2634,348.153068
2635,348.212126
2636,348.283135
2637,348.381505
2638,348.549884
2639,348.891903
2640,349.543563
2641,349.658746
2642,349.73214
2643,349.794213
2644,349.845719
2645,349.886847
2646,349.918127
2647,349.940062
2648,349.952972
2649,349.956947
2650,349.951844
2651,349.937315
2652,349.912911
2653,349.878271
2654,349.831734
2655,349.740801
2656,349.122132
2657,348.820176
2658,348.692027
2659,348.635582
2660,348.609663
2661,348.599944
2662,348.601909
2663,348.614542
2664,348.638288
2665,348.674625
2666,348.726605
2667,348.801103
2668,348.916195
2669,349.124999
2670,349.593167
2671,350.851113
2672,351.0017
2673,351.0994
2674,351.203598
2675,351.292065
2676,351.360797
2677,351.410677
2678,351.443554
2679,351.461139
2680,351.464726
2681,351.455156
2682,351.43285
2683,351.397882
2684,351.350211
2685,351.290416
2686,351.222192
2687,351.160725
2688,347.752532
2689,347.775855
2690,347.807266
2691,347.842198
2692,347.879393
2693,347.918654
2694,347.960171
2695,348.00432
2696,348.051656
2697,348.103018
2698,348.159912
2699,348.225783
2700,348.310282
2701,348.444041
2702,348.731588
2703,349.550176
2704,349.861281
2705,349.931468
2706,350.004636
2707,350.069578
2708,350.123516
2709,350.1664
2710,350.198823
2711,350.221355
2712,350.234348
2713,350.237888
2714,350.231793
2715,350.215638
2716,350.188893
2717,350.151387
2718,350.104728
2719,350.055818
2720,349.75833
2721,348.99841
2722,348.755128
2723,348.664005
2724,348.624393
2725,348.607292
2726,348.604184
2727,348.61279
2728,348.633056
2729,348.666193
2730,348.715072
2731,348.786425
2732,348.898189
2733,349.103298
2734,349.566957
2735,350.81817
2736,350.968213
2737,351.063724
2738,351.165335
2739,351.251405
2740,351.318115
2741,351.366393
2742,351.398076
2743,351.414847
2744,351.417974
2745,351.408276
2746,351.386157
2747,351.351688
2748,351.304821
2749,351.246117
2750,351.179185
2751,351.118899
2752,347.746015
2753,347.769256
2754,347.800688
2755,347.835821
2756,347.873448
2757,347.913428
2758,347.956014
2759,348.001675
2760,348.051096
2761,348.105329
2762,348.166294
2763,348.238414
2764,348.334061
2765,348.492028
2766,348.840977
2767,349.818928
2768,349.943445
2769,350.013899
2770,350.091104
2771,350.159601
2772,350.216183
2773,350.260909
2774,350.294506
2775,350.317627
2776,350.330663
2777,350.333698
2778,350.326501
2779,350.308555
2780,350.279191
2781,350.238113
2782,350.187323
2783,350.137832
2784,350.018766
2785,349.105412
2786,348.802405
2787,348.687172
2788,348.635889
2789,348.61167
2790,348.60333
2791,348.607592
2792,348.623938
2793,348.653301
2794,348.698339
2795,348.765597
2796,348.872822
2797,349.072682
2798,349.529759
2799,350.771001
2800,350.920227
2801,351.01241
2802,351.110114
2803,351.192595
2804,351.256307
2805,351.302222
2806,351.33215
2807,351.347722
2808,351.350157
2809,351.340239
2810,351.31835
2811,351.284552
2812,351.238799
2813,351.18163
2814,351.11654
2815,351.05795
2816,347.739377
2817,347.762522
2818,347.793951
2819,347.829248
2820,347.867259
2821,347.907891
2822,347.95146
2823,347.998519
2824,348.049869
2825,348.106739
2826,348.171344
2827,348.248681
2828,348.352299
2829,348.523211
2830,348.891613
2831,349.87634
2832,349.993863
2833,350.069898
2834,350.152892
2835,350.226079
2836,350.286155
2837,350.333332
2838,350.368484
2839,350.392367
2840,350.405418
2841,350.407715
2842,350.398972
2843,350.378559
2844,350.345647
2845,350.299784
2846,350.243067
2847,350.187845
2848,350.075436
2849,349.154528
2850,348.831849
2851,348.703137
2852,348.643023
2853,348.612427
2854,348.598962
2855,348.598728
2856,348.610831
2857,348.635926
2858,348.676422
2859,348.738614
2860,348.83997
2861,349.032793
2862,349.480939
2863,350.708792
2864,350.856891
2865,350.9444
2866,351.036705
2867,351.114313
2868,351.174018
2869,351.216818
2870,351.244451
2871,351.258461
2872,351.259991
2873,351.249771
2874,351.228156
2875,351.195199
2876,351.150859
2877,351.095663
2878,351.032968
2879,350.976616
2880,347.732483
2881,347.755509
2882,347.786895
2883,347.822302
2884,347.86062
2885,347.901804
2886,347.946225
2887,347.994508
2888,348.047552
2889,348.10672
2890,348.17443
2891,348.255992
2892,348.365463
2893,348.544546
2894,348.923804
2895,349.920947
2896,350.039458
2897,350.120863
2898,350.209631
2899,350.287665
2900,350.351441
2901,350.401244
2902,350.438065
2903,350.462747
2904,350.475771
2905,350.477207
2906,350.466715
2907,350.443568
2908,350.406807
2909,350.355901
2910,350.293179
2911,350.232369
2912,350.11889
2913,349.18455
2914,348.850255
2915,348.712488
2916,348.645397
2917,348.609156
2918,348.590811
2919,348.586067
2920,348.593721
2921,348.614145
2922,348.649446
2923,348.70555
2924,348.799448
2925,348.982886
2926,349.419249
2927,350.631473
2928,350.778168
2929,350.859427
2930,350.944715
2931,351.016165
2932,351.07092
2933,351.109939
2934,351.13482
2935,351.14697
2936,351.147425
2937,351.136842
2938,351.115539
2939,351.083566
2940,351.040897
2941,350.98806
2942,350.928278
2943,350.874697
2944,347.725211
2945,347.74809
2946,347.779381
2947,347.814822
2948,347.853349
2949,347.894955
2950,347.940058
2951,347.989342
2952,348.043784
2953,348.104845
2954,348.175078
2955,348.259973
2956,348.373835
2957,348.558714
2958,348.945741
2959,349.954515
2960,350.074029
2961,350.159601
2962,350.253032
2963,350.33511
2964,350.402044
2965,350.454116
2966,350.492378
2967,350.517727
2968,350.530674
2969,350.531282
2970,350.51917
2971,350.493545
2972,350.453377
2973,350.398133
2974,350.33042
2975,350.265151
2976,350.15058
2977,349.203385
2978,348.860313
2979,348.715646
2980,348.642835
2981,348.601625
2982,348.578735
2983,348.569586
2984,348.572705
2985,348.588164
2986,348.617673
2987,348.666547
2988,348.750747
2989,348.920608
2990,349.33981
2991,350.541626
2992,350.687959
2993,350.761436
2994,350.838369
2995,350.902761
2996,350.952005
2997,350.986895
2998,351.008811
2999,351.018974
3000,351.018286
3001,351.007318
3002,350.986347
3003,350.955423
3004,350.914546
3005,350.864273
3006,350.807722
3007,350.757312
3008,347.717457
3009,347.740151
3010,347.771284
3011,347.806671
3012,347.845288
3013,347.887161
3014,347.932746
3015,347.982773
3016,348.038274
3017,348.100783
3018,348.172937
3019,348.260333
3020,348.377415
3021,348.566445
3022,348.959065
3023,349.976607
3024,350.096849
3025,350.185412
3026,350.282276
3027,350.367401
3028,350.436755
3029,350.490577
3030,350.52994
3031,350.555771
3032,350.568592
3033,350.568462
3034,350.554974
3035,350.527294
3036,350.484363
3037,350.425685
3038,350.354126
3039,350.285505
3040,350.170097
3041,349.212698
3042,348.862854
3043,348.712774
3044,348.635256
3045,348.589738
3046,348.56271
3047,348.549371
3048,348.547997
3049,348.558332
3050,348.581552
3051,348.621877
3052,348.692676
3053,348.838421
3054,349.216668
3055,350.424829
3056,350.604673
3057,350.670571
3058,350.739704
3059,350.7978
3060,350.842273
3061,350.873655
3062,350.893081
3063,350.901587
3064,350.899951
3065,350.888667
3066,350.867979
3067,350.837934
3068,350.798568
3069,350.750483
3070,350.696766
3071,350.64929
3072,347.709131
3073,347.731597
3074,347.7625
3075,347.797733
3076,347.836306
3077,347.878273
3078,347.924118
3079,347.974603
3080,348.030799
3081,348.094287
3082,348.167757
3083,348.256868
3084,348.376138
3085,348.567963
3086,348.96434
3087,349.987796
3088,350.108524
3089,350.199076
3090,350.298256
3091,350.385465
3092,350.456486
3093,350.511511
3094,350.551612
3095,350.577724
3096,350.590376
3097,350.58962
3098,350.575033
3099,350.54576
3100,350.500734
3101,350.439503
3102,350.365133
3103,350.294101
3104,350.178084
3105,349.21315
3106,348.858237
3107,348.703982
3108,348.622669
3109,348.573509
3110,348.542816
3111,348.525604
3112,348.51992
3113,348.52516
3114,348.541838
3115,348.572464
3116,348.624833
3117,348.722152
3118,348.931007
3119,349.419122
3120,350.420762
3121,350.519831
3122,350.588533
3123,350.645203
3124,350.688532
3125,350.719068
3126,350.737893
3127,350.746002
3128,350.744141
3129,350.732786
3130,350.712171
3131,350.682345
3132,350.643351
3133,350.595804
3134,350.542792
3135,350.496114
3136,347.700161
3137,347.722353
3138,347.752947
3139,347.787915
3140,347.8263
3141,347.868176
3142,347.914044
3143,347.964687
3144,348.0212
3145,348.085188
3146,348.159374
3147,348.249445
3148,348.369961
3149,348.563385
3150,348.961917
3151,349.988771
3152,350.109776
3153,350.201466
3154,350.301978
3155,350.390386
3156,350.462359
3157,350.518053
3158,350.55853
3159,350.584727
3160,350.597171
3161,350.595909
3162,350.580507
3163,350.5501
3164,350.503618
3165,350.440644
3166,350.364381
3167,350.291734
3168,350.175306
3169,349.205203
3170,348.846721
3171,348.6894
3172,348.605158
3173,348.553034
3174,348.519207
3175,348.498538
3176,348.488871
3177,348.489291
3178,348.499706
3179,348.521129
3180,348.556929
3181,348.616053
3182,348.719106
3183,348.900802
3184,349.16314
3185,349.262981
3186,349.31982
3187,349.360481
3188,349.390237
3189,349.410495
3190,349.421978
3191,349.425217
3192,349.420603
3193,349.408391
3194,349.388707
3195,349.361598
3196,349.327178
3197,349.286124
3198,349.241244
3199,349.202473
3200,347.690492
3201,347.712361
3202,347.742562
3203,347.77715
3204,347.815197
3205,347.856788
3206,347.902434
3207,347.952927
3208,348.00937
3209,348.07338
3210,348.147688
3211,348.237993
3212,348.358865
3213,348.552789
3214,348.95203
3215,349.980024
3216,350.101122
3217,350.193193
3218,350.294143
3219,350.382931
3220,350.45518
3221,350.511028
3222,350.551532
3223,350.577623
3224,350.589825
3225,350.58818
3226,350.572246
3227,350.541151
3228,350.493825
3229,350.429865
3230,350.352543
3231,350.278995
3232,350.162329
3233,349.1892
3234,348.828523
3235,348.66918
3236,348.582855
3237,348.528466
3238,348.492089
3239,348.468463
3240,348.455269
3241,348.451347
3242,348.456163
3243,348.469769
3244,348.493111
3245,348.52876
3246,348.58164
3247,348.656815
3248,348.745764
3249,348.802842
3250,348.842004
3251,348.870843
3252,348.891731
3253,348.905397
3254,348.912172
3255,348.912289
3256,348.905928
3257,348.89321
3258,348.874199
3259,348.848933
3260,348.817561
3261,348.780757
3262,348.741061
3263,348.707116
3264,347.680086
3265,347.70158
3266,347.731304
3267,347.765395
3268,347.802949
3269,347.844059
3270,347.889236
3271,347.939268
3272,347.995256
3273,348.058809
3274,348.132653
3275,348.222478
3276,348.342844
3277,348.536212
3278,348.934781
3279,349.961774
3280,350.082791
3281,350.174525
3282,350.275062
3283,350.363443
3284,350.435313
3285,350.490816
3286,350.531005
3287,350.556805
3288,350.568736
3289,350.566833
3290,350.550651
3291,350.519311
3292,350.47174
3293,350.407529
3294,350.329952
3295,350.256185
3296,350.139448
3297,349.165349
3298,348.80381
3299,348.643474
3300,348.555918
3301,348.49999
3302,348.461691
3303,348.435674
3304,348.419502
3305,348.411842
3306,348.411885
3307,348.419157
3308,348.433511
3309,348.455177
3310,348.484625
3311,348.521466
3312,348.56132
3313,348.594019
3314,348.619717
3315,348.639461
3316,348.653637
3317,348.662317
3318,348.665515
3319,348.663263
3320,348.6556
3321,348.642557
3322,348.624154
3323,348.600425
3324,348.57153
3325,348.53812
3326,348.502498
3327,348.472301
3328,347.668922
3329,347.689991
3330,347.719152
3331,347.752628
3332,347.789538
3333,347.829973
3334,347.874436
3335,347.923701
3336,347.97885
3337,348.041472
3338,348.114267
3339,348.2029
3340,348.321892
3341,348.513639
3342,348.910139
3343,349.933958
3344,350.054717
3345,350.145385
3346,350.244648
3347,350.331828
3348,350.402664
3349,350.457323
3350,350.496859
3351,350.52219
3352,350.533824
3353,350.531793
3354,350.515651
3355,350.484517
3356,350.43731
3357,350.373598
3358,350.296591
3359,350.223305
3360,350.10667
3361,349.133717
3362,348.772687
3363,348.612419
3364,348.524518
3365,348.467807
3366,348.428254
3367,348.400458
3368,348.381911
3369,348.371177
3370,348.36729
3371,348.369526
3372,348.377301
3373,348.390094
3374,348.407289
3375,348.427801
3376,348.449448
3377,348.469113
3378,348.485624
3379,348.498503
3380,348.507418
3381,348.512118
3382,348.512436
3383,348.508279
3384,348.499596
3385,348.486359
3386,348.46856
3387,348.446224
3388,348.419514
3389,348.389046
3390,348.3569
3391,348.329869
3392,347.656997
3393,347.677589
3394,347.706105
3395,347.738853
3396,347.774971
3397,347.814544
3398,347.858056
3399,347.906256
3400,347.960192
3401,348.021415
3402,348.092578
3403,348.179292
3404,348.296012
3405,348.48501
3406,348.877945
3407,349.896246
3408,350.016553
3409,350.105364
3410,350.202428
3411,350.287573
3412,350.356698
3413,350.41001
3414,350.448556
3415,350.473239
3416,350.484556
3417,350.482534
3418,350.466729
3419,350.436267
3420,350.390065
3421,350.327652
3422,350.252108
3423,350.180076
3424,350.063733
3425,349.094238
3426,348.735206
3427,348.576147
3428,348.488837
3429,348.43214
3430,348.392028
3431,348.363091
3432,348.342794
3433,348.329657
3434,348.322644
3435,348.32093
3436,348.323783
3437,348.330483
3438,348.340232
3439,348.352029
3440,348.364572
3441,348.376407
3442,348.38652
3443,348.394217
3444,348.398999
3445,348.400507
3446,348.398496
3447,348.392807
3448,348.383338
3449,348.370026
3450,348.352842
3451,348.331806
3452,348.307076
3453,348.279221
3454,348.250122
3455,348.225833
3456,347.644323
3457,347.66439
3458,347.69218
3459,347.724094
3460,347.759282
3461,347.797817
3462,347.840155
3463,347.887007
3464,347.939374
3465,347.998742
3466,348.067691
3467,348.151739
3468,348.265225
3469,348.45023
3470,348.837935
3471,349.84812
3472,349.967755
3473,350.053794
3474,350.147631
3475,350.229843
3476,350.296555
3477,350.348008
3478,350.385232
3479,350.409097
3480,350.420081
3481,350.418206
3482,350.403039
3483,350.373731
3484,350.32921
3485,350.268972
3486,350.195903
3487,350.126025
3488,350.010192
3489,349.046733
3490,348.691368
3491,348.534788
3492,348.449084
3493,348.393235
3494,348.353276
3495,348.323838
3496,348.302411
3497,348.28752
3498,348.278121
3499,348.273366
3500,348.272502
3501,348.274792
3502,348.279473
3503,348.285706
3504,348.29257
3505,348.299137
3506,348.304617
3507,348.308378
3508,348.309932
3509,348.308912
3510,348.30505
3511,348.298162
3512,348.28812
3513,348.274843
3514,348.258291
3515,348.238479
3516,348.215556
3517,348.190045
3518,348.163638
3519,348.141748
3520,347.630923
3521,347.650421
3522,347.677414
3523,347.708396
3524,347.742528
3525,347.779865
3526,347.820828
3527,347.866077
3528,347.916542
3529,347.973624
3530,348.039784
3531,348.120388
3532,348.229571
3533,348.409135
3534,348.789721
3535,349.789171
3536,349.907884
3537,349.990078
3538,350.079541
3539,350.157878
3540,350.221474
3541,350.270581
3542,350.306174
3543,350.329069
3544,350.33971
3545,350.338115
3546,350.323877
3547,350.296194
3548,350.254046
3549,350.196916
3550,350.127461
3551,350.060809
3552,349.945733
3553,348.99091
3554,348.641101
3555,348.488479
3556,348.405511
3557,348.351383
3558,348.312288
3559,348.282971
3560,348.261002
3561,348.24496
3562,348.233836
3563,348.22681
3564,348.223157
3565,348.222188
3566,348.223216
3567,348.225538
3568,348.228438
3569,348.231223
3570,348.233266
3571,348.234036
3572,348.233098
3573,348.230111
3574,348.224817
3575,348.217027
3576,348.206607
3577,348.193468
3578,348.177566
3579,348.158913
3580,348.137646
3581,348.114245
3582,348.090231
3583,348.070453
3584,347.616838
3585,347.635727
3586,347.661857
3587,347.691821
3588,347.724789
3589,347.760792
3590,347.800206
3591,347.843629
3592,347.891904
3593,347.946308
3594,348.009126
3595,348.085458
3596,348.189051
3597,348.36122
3598,348.732338
3599,349.720062
3600,349.837738
3601,349.914905
3602,349.998859
3603,350.072476
3604,350.132379
3605,350.178768
3606,350.212509
3607,350.234332
3608,350.244631
3609,350.243424
3610,350.230343
3611,350.204669
3612,350.165483
3613,350.112325
3614,350.047641
3615,349.985411
3616,349.871207
3617,348.925933
3618,348.583996
3619,348.437304
3620,348.35842
3621,348.306938
3622,348.269397
3623,348.240779
3624,348.218802
3625,348.202146
3626,348.189874
3627,348.181225
3628,348.175526
3629,348.172154
3630,348.170502
3631,348.169977
3632,348.169993
3633,348.169995
3634,348.169474
3635,348.167985
3636,348.165153
3637,348.160675
3638,348.154312
3639,348.145884
3640,348.13526
3641,348.122351
3642,348.107115
3643,348.089562
3644,348.06982
3645,348.048326
3646,348.026451
3647,348.008546
3648,347.602117
3649,347.620361
3650,347.645575
3651,347.674449
3652,347.706164
3653,347.740724
3654,347.778454
3655,347.819877
3656,347.86573
3657,347.917128
3658,347.97609
3659,348.047234
3660,348.143399
3661,348.304491
3662,348.660824
3663,349.643083
3664,349.763194
3665,349.834618
3666,349.912552
3667,349.981212
3668,350.037351
3669,350.081028
3670,350.112951
3671,350.13374
3672,350.143734
3673,350.142946
3674,350.131064
3675,350.107472
3676,350.071404
3677,350.022544
3678,349.963233
3679,349.906211
3680,349.789411
3681,348.847106
3682,348.518186
3683,348.381076
3684,348.308161
3685,348.260336
3686,348.224997
3687,348.19758
3688,348.176053
3689,348.159242
3690,348.146311
3691,348.136575
3692,348.129431
3693,348.124323
3694,348.120722
3695,348.118119
3696,348.116025
3697,348.113981
3698,348.111563
3699,348.108397
3700,348.104162
3701,348.09859
3702,348.091468
3703,348.08263
3704,348.071953
3705,348.059356
3706,348.044798
3707,348.028293
3708,348.00996
3709,347.990196
3710,347.970243
3711,347.954008
3712,347.586824
3713,347.604394
3714,347.628647
3715,347.656377
3716,347.686774
3717,347.719813
3718,347.755765
3719,347.795073
3720,347.838352
3721,347.886515
3722,347.941194
3723,348.00613
3724,348.091905
3725,348.232664
3726,348.547815
3727,349.484277
3728,349.68227
3729,349.749048
3730,349.821467
3731,349.885685
3732,349.938536
3733,349.979884
3734,350.010266
3735,350.030189
3736,350.039938
3737,350.039525
3738,350.028688
3739,350.006923
3740,349.973634
3741,349.928701
3742,349.874405
3743,349.821639
3744,349.62837
3745,348.727701
3746,348.437566
3747,348.319156
3748,348.255198
3749,348.212139
3750,348.179557
3751,348.153737
3752,348.133016
3753,348.116418
3754,348.103225
3755,348.092841
3756,348.084737
3757,348.078425
3758,348.073442
3759,348.069353
3760,348.065742
3761,348.06222
3762,348.05843
3763,348.054054
3764,348.048816
3765,348.042483
3766,348.034863
3767,348.025809
3768,348.01521
3769,348.002992
3770,347.989121
3771,347.973614
3772,347.956584
3773,347.938398
3774,347.920178
3775,347.905444
3776,347.571045
3777,347.587917
3778,347.611177
3779,347.637726
3780,347.666766
3781,347.698241
3782,347.732372
3783,347.769518
3784,347.810168
3785,347.855011
3786,347.905198
3787,347.963159
3788,348.035146
3789,348.138852
3790,348.32419
3791,348.715366
3792,349.481187
3793,349.582791
3794,349.655239
3795,349.717972
3796,349.769608
3797,349.810079
3798,349.839878
3799,349.859473
3800,349.869128
3801,349.868856
3802,349.858413
3803,349.837334
3804,349.805073
3805,349.761452
3806,349.707033
3807,349.620158
3808,348.869101
3809,348.499644
3810,348.335354
3811,348.252154
3812,348.200582
3813,348.163147
3814,348.133654
3815,348.109667
3816,348.089994
3817,348.073878
3818,348.060731
3819,348.050048
3820,348.041373
3821,348.034279
3822,348.028367
3823,348.023258
3824,348.018596
3825,348.014047
3826,348.009306
3827,348.0041
3828,347.998189
3829,347.991368
3830,347.983471
3831,347.974364
3832,347.96395
3833,347.952165
3834,347.938982
3835,347.924422
3836,347.908598
3837,347.891849
3838,347.875197
3839,347.861815
3840,347.554922
3841,347.571081
3842,347.59333
3843,347.618681
3844,347.64635
3845,347.676259
3846,347.708578
3847,347.743592
3848,347.781672
3849,347.823303
3850,347.869203
3851,347.920687
3852,347.980661
3853,348.056056
3854,348.162326
3855,348.325127
3856,348.545407
3857,348.644726
3858,348.710016
3859,348.761865
3860,348.804129
3861,348.837649
3862,348.862772
3863,348.879717
3864,348.888604
3865,348.889446
3866,348.882141
3867,348.86648
3868,348.842104
3869,348.808092
3870,348.760379
3871,348.678092
3872,348.475113
3873,348.331092
3874,348.24385
3875,348.187528
3876,348.146714
3877,348.114515
3878,348.088028
3879,348.065912
3880,348.0474
3881,348.031937
3882,348.019059
3883,348.008345
3884,347.999403
3885,347.991866
3886,347.985385
3887,347.97963
3888,347.974291
3889,347.969078
3890,347.963728
3891,347.958001
3892,347.951687
3893,347.944608
3894,347.936614
3895,347.927589
3896,347.917447
3897,347.906133
3898,347.893629
3899,347.879961
3900,347.865244
3901,347.849797
3902,347.834559
3903,347.822395
3904,347.538768
3905,347.554212
3906,347.575452
3907,347.599619
3908,347.625944
3909,347.654331
3910,347.684911
3911,347.717905
3912,347.753591
3913,347.792294
3914,347.834429
3915,347.880608
3916,347.931941
3917,347.990602
3918,348.060384
3919,348.145066
3920,348.238303
3921,348.306559
3922,348.359917
3923,348.404018
3924,348.440537
3925,348.469887
3926,348.492189
3927,348.50751
3928,348.51589
3929,348.51734
3930,348.511838
3931,348.499335
3932,348.479715
3933,348.452557
3934,348.41615
3935,348.364842
3936,348.288751
3937,348.221638
3938,348.169649
3939,348.128919
3940,348.095639
3941,348.067627
3942,348.043754
3943,348.023368
3944,348.006008
3945,347.991277
3946,347.978811
3947,347.968258
3948,347.959285
3949,347.95157
3950,347.944807
3951,347.938705
3952,347.932991
3953,347.92741
3954,347.921727
3955,347.915731
3956,347.909237
3957,347.902084
3958,347.894141
3959,347.885303
3960,347.875495
3961,347.864671
3962,347.85282
3963,347.839976
3964,347.826254
3965,347.811965
3966,347.797978
3967,347.7869
3968,347.523453
3969,347.53821
3970,347.558496
3971,347.581553
3972,347.606636
3973,347.633633
3974,347.662646
3975,347.693853
3976,347.727464
3977,347.763702
3978,347.802799
3979,347.845005
3980,347.89064
3981,347.940151
3982,347.994028
3983,348.051992
3984,348.11071
3985,348.162556
3986,348.207484
3987,348.246171
3988,348.278804
3989,348.30534
3990,348.325715
3991,348.339894
3992,348.347869
3993,348.349649
3994,348.345262
3995,348.33476
3996,348.318223
3997,348.295704
3998,348.267021
3999,348.231516
4000,348.189288
4001,348.148014
4002,348.110992
4003,348.078469
4004,348.049938
4005,348.024931
4006,348.003102
4007,347.984161
4008,347.967825
4009,347.953806
4010,347.941808
4011,347.931534
4012,347.922691
4013,347.914995
4014,347.90817
4015,347.901955
4016,347.896104
4017,347.890385
4018,347.884589
4019,347.878523
4020,347.87202
4021,347.864934
4022,347.857146
4023,347.848562
4024,347.839113
4025,347.828763
4026,347.817505
4027,347.805379
4028,347.792504
4029,347.779185
4030,347.766247
4031,347.756092
4032,347.511622
4033,347.525827
4034,347.545369
4035,347.567578
4036,347.591721
4037,347.617682
4038,347.645546
4039,347.675466
4040,347.707616
4041,347.742169
4042,347.779272
4043,347.819032
4044,347.861486
4045,347.906566
4046,347.95397
4047,348.002823
4048,348.051172
4049,348.096207
4050,348.136786
4051,348.172428
4052,348.202804
4053,348.227673
4054,348.246877
4055,348.260334
4056,348.268014
4057,348.269925
4058,348.266116
4059,348.256689
4060,348.241816
4061,348.221756
4062,348.196848
4063,348.167593
4064,348.135154
4065,348.102356
4066,348.071145
4067,348.042379
4068,348.016345
4069,347.99309
4070,347.972545
4071,347.954566
4072,347.938955
4073,347.925476
4074,347.913873
4075,347.903878
4076,347.895223
4077,347.887644
4078,347.880886
4079,347.874706
4080,347.868872
4081,347.86317
4082,347.857402
4083,347.851388
4084,347.844971
4085,347.838016
4086,347.83041
4087,347.822065
4088,347.812919
4089,347.802938
4090,347.792119
4091,347.780506
4092,347.76822
4093,347.755564
4094,347.743341
4095,347.73383
4096,347.865429
4097,347.90783
4098,347.953515
4099,348.001914
4100,348.05198
4101,348.102228
4102,348.150928
4103,348.196422
4104,348.237359
4105,348.27276
4106,348.301979
4107,348.324616
4108,348.340439
4109,348.349323
4110,348.351216
4111,348.346129
4112,348.334153
4113,348.315501
4114,348.290579
4115,348.260064
4116,348.224987
4117,348.186745
4118,348.146986
4119,348.107327
4120,348.069091
4121,348.033204
4122,348.000212
4123,347.970366
4124,347.943708
4125,347.920151
4126,347.899533
4127,347.881662
4128,347.866336
4129,347.853363
4130,347.842572
4131,347.833816
4132,347.826973
4133,347.821948
4134,347.818673
4135,347.817096
4136,347.817183
4137,347.818908
4138,347.822235
4139,347.827105
4140,347.833411
4141,347.840967
4142,347.849475
4143,347.858503
4144,347.867501
4145,347.87587
4146,347.883083
4147,347.888745
4148,347.892596
4149,347.894483
4150,347.894335
4151,347.892126
4152,347.887863
4153,347.881569
4154,347.873273
4155,347.863015
4156,347.850847
4157,347.836845
4158,347.821137
4159,347.803943
4160,347.90475
4161,347.950156
4162,347.999629
4163,348.052564
4164,348.107779
4165,348.163479
4166,348.217468
4167,348.26771
4168,348.31267
4169,348.35133
4170,348.383071
4171,348.40754
4172,348.424548
4173,348.433995
4174,348.435832
4175,348.430054
4176,348.416715
4177,348.395977
4178,348.368191
4179,348.334016
4180,348.294552
4181,348.251432
4182,348.206725
4183,348.162444
4184,348.120131
4185,348.080763
4186,348.04485
4187,348.012572
4188,347.983893
4189,347.958659
4190,347.936649
4191,347.917625
4192,347.901349
4193,347.887603
4194,347.876192
4195,347.866954
4196,347.859757
4197,347.854501
4198,347.851114
4199,347.849549
4200,347.849778
4201,347.851785
4202,347.855552
4203,347.861042
4204,347.868172
4205,347.876771
4206,347.886541
4207,347.897001
4208,347.907482
4209,347.917219
4210,347.925578
4211,347.932131
4212,347.936619
4213,347.938912
4214,347.938958
4215,347.936755
4216,347.932323
4217,347.925693
4218,347.916899
4219,347.905978
4220,347.892971
4221,347.877935
4222,347.860957
4223,347.842176
4224,347.947756
4225,347.996893
4226,348.051516
4227,348.111065
4228,348.174218
4229,348.238617
4230,348.300979
4231,348.358488
4232,348.409358
4233,348.452614
4234,348.487782
4235,348.514653
4236,348.533146
4237,348.543222
4238,348.544846
4239,348.537976
4240,348.52258
4241,348.498688
4242,348.466491
4243,348.426507
4244,348.379847
4245,348.328539
4246,348.275615
4247,348.223953
4248,348.175441
4249,348.131046
4250,348.091119
4251,348.055648
4252,348.024429
4253,347.997165
4254,347.973532
4255,347.953207
4256,347.935893
4257,347.921325
4258,347.909279
4259,347.899569
4260,347.892049
4261,347.886611
4262,347.883185
4263,347.881729
4264,347.882233
4265,347.884706
4266,347.889166
4267,347.895627
4268,347.904063
4269,347.91437
4270,347.926282
4271,347.939268
4272,347.95243
4273,347.964588
4274,347.974918
4275,347.982968
4276,347.988526
4277,347.991523
4278,347.991966
4279,347.989893
4280,347.985357
4281,347.978406
4282,347.96908
4283,347.95741
4284,347.943416
4285,347.927118
4286,347.908543
4287,347.887743
4288,347.993782
4289,348.047382
4290,348.108587
4291,348.177117
4292,348.251736
4293,348.329343
4294,348.404156
4295,348.471899
4296,348.530684
4297,348.579857
4298,348.6193
4299,348.649091
4300,348.669336
4301,348.680101
4302,348.681373
4303,348.673051
4304,348.654962
4305,348.626905
4306,348.588742
4307,348.540606
4308,348.483332
4309,348.419339
4310,348.353867
4311,348.29153
4312,348.234537
4313,348.183584
4314,348.138621
4315,348.099277
4316,348.065064
4317,348.035474
4318,348.010024
4319,347.98828
4320,347.96986
4321,347.95444
4322,347.941754
4323,347.931587
4324,347.923776
4325,347.918207
4326,347.914808
4327,347.913553
4328,347.914454
4329,347.917558
4330,347.922942
4331,347.930696
4332,347.940907
4333,347.953603
4334,347.968653
4335,347.985557
4336,348.003081
4337,348.018977
4338,348.032195
4339,348.042358
4340,348.049398
4341,348.053376
4342,348.054394
4343,348.052564
4344,348.047982
4345,348.040724
4346,348.030839
4347,348.018347
4348,348.003245
4349,347.9855
4350,347.965061
4351,347.941872
4352,348.04172
4353,348.100391
4354,348.169492
4355,348.249469
4356,348.339985
4357,348.437891
4358,348.530981
4359,348.612327
4360,348.680938
4361,348.737152
4362,348.78155
4363,348.81466
4364,348.836863
4365,348.848363
4366,348.849177
4367,348.839129
4368,348.817854
4369,348.784811
4370,348.739321
4371,348.680698
4372,348.608676
4373,348.525034
4374,348.440829
4375,348.364009
4376,348.296321
4377,348.237494
4378,348.186686
4379,348.142958
4380,348.105425
4381,348.073301
4382,348.045908
4383,348.022671
4384,348.00311
4385,347.98683
4386,347.973514
4387,347.962915
4388,347.954851
4389,347.949197
4390,347.945888
4391,347.944911
4392,347.946309
4393,347.950177
4394,347.956665
4395,347.965974
4396,347.97835
4397,347.994056
4398,348.013287
4399,348.035905
4400,348.060562
4401,348.081857
4402,348.098896
4403,348.111722
4404,348.120584
4405,348.125758
4406,348.127491
4407,348.125988
4408,348.121405
4409,348.113851
4410,348.103386
4411,348.090024
4412,348.073728
4413,348.054409
4414,348.031914
4415,348.006024
4416,348.090049
4417,348.154095
4418,348.231844
4419,348.325001
4420,348.435807
4421,348.566734
4422,348.68701
4423,348.784867
4424,348.864518
4425,348.928395
4426,348.978106
4427,349.014745
4428,349.039011
4429,349.05127
4430,349.05157
4431,349.039653
4432,349.014933
4433,348.976466
4434,348.922876
4435,348.85219
4436,348.761415
4437,348.645203
4438,348.53334
4439,348.438713
4440,348.358886
4441,348.291458
4442,348.234395
4443,348.186039
4444,348.14504
4445,348.110299
4446,348.08092
4447,348.056177
4448,348.035481
4449,348.018361
4450,348.004444
4451,347.99345
4452,347.985173
4453,347.979482
4454,347.976314
4455,347.975676
4456,347.97764
4457,347.982358
4458,347.99006
4459,348.001074
4460,348.015838
4461,348.034932
4462,348.059106
4463,348.089322
4464,348.126734
4465,348.155118
4466,348.176634
4467,348.192445
4468,348.203317
4469,348.209808
4470,348.212334
4471,348.211205
4472,348.206646
4473,348.198802
4474,348.187747
4475,348.173488
4476,348.155961
4477,348.135018
4478,348.110403
4479,348.081671
4480,348.137007
4481,348.206268
4482,348.292338
4483,348.397914
4484,348.526982
4485,348.685097
4486,348.828336
4487,348.941345
4488,349.031464
4489,349.10271
4490,349.157563
4491,349.19763
4492,349.223907
4493,349.236908
4494,349.236715
4495,349.222985
4496,349.19493
4497,349.151234
4498,349.089896
4499,349.007872
4500,348.900202
4501,348.757569
4502,348.622026
4503,348.511052
4504,348.419658
4505,348.343877
4506,348.28069
4507,348.227787
4508,348.183385
4509,348.146083
4510,348.114773
4511,348.088578
4512,348.0668
4513,348.048891
4514,348.034425
4515,348.023084
4516,348.014641
4517,348.008957
4518,348.005973
4519,348.005711
4520,348.00828
4521,348.013879
4522,348.022822
4523,348.035551
4524,348.052686
4525,348.075076
4526,348.103908
4527,348.140855
4528,348.1883
4529,348.223001
4530,348.248715
4531,348.267389
4532,348.280211
4533,348.287986
4534,348.291287
4535,348.290526
4536,348.285988
4537,348.277856
4538,348.266218
4539,348.251075
4540,348.232334
4541,348.209796
4542,348.183107
4543,348.151624
4544,348.180915
4545,348.254853
4546,348.348138
4547,348.463915
4548,348.606565
4549,348.781187
4550,348.939577
4551,349.064439
4552,349.163438
4553,349.2412
4554,349.300712
4555,349.343931
4556,349.372082
4557,349.385794
4558,349.385176
4559,349.369819
4560,349.338769
4561,349.290434
4562,349.222393
4563,349.13103
4564,349.010751
4565,348.852193
4566,348.701105
4567,348.57751
4568,348.476403
4569,348.393276
4570,348.324555
4571,348.267485
4572,348.21994
4573,348.180269
4574,348.147177
4575,348.11965
4576,348.096891
4577,348.078278
4578,348.063335
4579,348.051709
4580,348.043153
4581,348.037519
4582,348.034751
4583,348.034886
4584,348.038063
4585,348.044527
4586,348.054657
4587,348.068993
4588,348.088282
4589,348.113546
4590,348.146168
4591,348.187961
4592,348.241018
4593,348.280288
4594,348.309417
4595,348.330558
4596,348.34511
4597,348.354041
4598,348.358041
4599,348.357601
4600,348.353061
4601,348.344633
4602,348.332418
4603,348.316411
4604,348.296498
4605,348.272432
4606,348.243784
4607,348.20979
4608,348.220402
4609,348.298298
4610,348.397443
4611,348.521097
4612,348.673551
4613,348.859202
4614,349.028054
4615,349.161793
4616,349.267882
4617,349.351082
4618,349.414598
4619,349.460588
4620,349.490419
4621,349.504804
4622,349.503865
4623,349.487148
4624,349.453586
4625,349.401406
4626,349.327963
4627,349.229414
4628,349.100081
4629,348.930975
4630,348.769292
4631,348.636404
4632,348.527686
4633,348.438543
4634,348.365157
4635,348.304508
4636,348.254238
4637,348.212503
4638,348.177861
4639,348.149184
4640,348.125588
4641,348.106388
4642,348.091062
4643,348.079227
4644,348.070616
4645,348.065073
4646,348.062545
4647,348.063081
4648,348.066844
4649,348.074115
4650,348.085325
4651,348.101079
4652,348.122206
4653,348.149813
4654,348.185344
4655,348.230566
4656,348.287267
4657,348.329763
4658,348.361496
4659,348.384619
4660,348.400605
4661,348.410507
4662,348.415088
4663,348.414897
4664,348.410312
4665,348.401571
4666,348.388784
4667,348.371943
4668,348.350916
4669,348.325424
4670,348.294989
4671,348.258779
4672,348.254478
4673,348.335571
4674,348.439264
4675,348.568798
4676,348.728267
4677,348.921565
4678,349.097776
4679,349.238027
4680,349.349552
4681,349.437076
4682,349.503871
4683,349.552187
4684,349.58347
4685,349.598481
4686,349.597353
4687,349.579597
4688,349.544079
4689,349.488929
4690,349.411398
4691,349.307586
4692,349.171887
4693,348.995604
4694,348.826638
4695,348.687109
4696,348.572724
4697,348.47895
4698,348.401883
4699,348.338365
4700,348.285889
4701,348.242481
4702,348.206588
4703,348.176992
4704,348.152742
4705,348.133099
4706,348.117504
4707,348.105547
4708,348.096945
4709,348.091536
4710,348.089266
4711,348.090196
4712,348.094504
4713,348.1025
4714,348.114648
4715,348.131597
4716,348.154219
4717,348.183658
4718,348.221357
4719,348.269011
4720,348.328214
4721,348.372983
4722,348.406628
4723,348.431258
4724,348.448357
4725,348.459014
4726,348.464033
4727,348.463999
4728,348.459317
4729,348.450241
4730,348.43689
4731,348.419253
4732,348.397186
4733,348.37039
4734,348.338357
4735,348.30022
4736,348.282483
4737,348.36604
4738,348.473114
4739,348.606888
4740,348.771286
4741,348.969879
4742,349.151221
4743,349.296123
4744,349.411649
4745,349.502452
4746,349.5718
4747,349.621978
4748,349.654469
4749,349.670059
4750,349.668883
4751,349.650436
4752,349.613544
4753,349.556289
4754,349.475888
4755,349.368447
4756,349.228454
4757,349.047395
4758,348.873561
4759,348.729499
4760,348.61115
4761,348.514062
4762,348.434319
4763,348.368693
4764,348.314594
4765,348.26996
4766,348.233164
4767,348.202921
4768,348.178229
4769,348.158311
4770,348.142577
4771,348.130597
4772,348.122075
4773,348.116843
4774,348.114848
4775,348.116156
4776,348.120958
4777,348.129581
4778,348.142513
4779,348.160425
4780,348.184213
4781,348.215028
4782,348.254298
4783,348.303658
4784,348.364588
4785,348.41093
4786,348.445924
4787,348.471633
4788,348.489532
4789,348.500722
4790,348.506025
4791,348.506046
4792,348.501207
4793,348.491773
4794,348.477867
4795,348.459477
4796,348.436452
4797,348.408482
4798,348.375041
4799,348.335243
4800,348.304006
4801,348.389344
4802,348.498776
4803,348.635435
4804,348.803128
4805,349.00523
4806,349.189989
4807,349.338038
4808,349.456331
4809,349.549458
4810,349.62067
4811,349.672253
4812,349.705708
4813,349.721829
4814,349.720755
4815,349.701968
4816,349.664274
4817,349.605739
4818,349.523569
4819,349.413897
4820,349.27128
4821,349.087311
4822,348.910503
4823,348.763644
4824,348.642818
4825,348.543641
4826,348.462203
4827,348.395248
4828,348.340138
4829,348.294762
4830,348.257442
4831,348.226853
4832,348.201956
4833,348.181948
4834,348.166219
4835,348.154323
4836,348.145957
4837,348.140947
4838,348.139242
4839,348.14091
4840,348.14615
4841,348.1553
4842,348.168859
4843,348.187512
4844,348.212161
4845,348.243959
4846,348.284314
4847,348.33482
4848,348.396891
4849,348.444267
4850,348.480145
4851,348.506559
4852,348.524969
4853,348.536475
4854,348.541907
4855,348.541878
4856,348.53682
4857,348.527003
4858,348.512553
4859,348.493457
4860,348.469559
4861,348.440543
4862,348.405877
4863,348.36466
4864,348.318809
4865,348.405284
4866,348.51616
4867,348.654541
4868,348.824167
4869,349.028317
4870,349.215076
4871,349.364992
4872,349.484964
4873,349.579544
4874,349.651965
4875,349.704514
4876,349.738693
4877,349.755302
4878,349.754478
4879,349.735699
4880,349.697763
4881,349.638726
4882,349.555796
4883,349.445124
4884,349.301307
4885,349.115997
4886,348.93781
4887,348.789656
4888,348.66769
4889,348.567566
4890,348.485384
4891,348.417877
4892,348.362385
4893,348.316769
4894,348.279326
4895,348.248708
4896,348.223859
4897,348.203959
4898,348.188388
4899,348.176692
4900,348.168563
4901,348.163825
4902,348.162425
4903,348.164435
4904,348.170057
4905,348.179633
4906,348.193668
4907,348.21285
4908,348.238085
4909,348.270519
4910,348.311548
4911,348.362742
4912,348.425481
4913,348.473446
4914,348.509815
4915,348.536602
4916,348.555256
4917,348.566873
4918,348.572284
4919,348.572103
4920,348.566763
4921,348.556539
4922,348.541556
4923,348.5218
4924,348.497114
4925,348.467179
4926,348.431459
4927,348.389046
4928,348.326759
4929,348.413752
4930,348.525222
4931,348.664264
4932,348.834603
4933,349.039498
4934,349.226992
4935,349.377616
4936,349.498261
4937,349.593471
4938,349.666476
4939,349.719561
4940,349.75423
4941,349.771285
4942,349.770861
4943,349.752435
4944,349.714801
4945,349.656013
4946,349.573278
4947,349.462749
4948,349.319033
4949,349.133797
4950,348.955681
4951,348.807611
4952,348.685757
4953,348.585783
4954,348.503788
4955,348.436502
4956,348.38126
4957,348.335918
4958,348.298765
4959,348.268449
4960,348.24391
4961,348.224325
4962,348.209072
4963,348.197696
4964,348.189889
4965,348.185474
4966,348.184399
4967,348.186735
4968,348.192685
4969,348.202591
4970,348.216957
4971,348.236471
4972,348.262034
4973,348.294789
4974,348.336127
4975,348.387607
4976,348.450598
4977,348.498762
4978,348.535269
4979,348.562127
4980,348.580777
4981,348.592311
4982,348.597555
4983,348.597122
4984,348.591442
4985,348.580788
4986,348.565283
4987,348.544915
4988,348.519524
4989,348.488791
4990,348.45218
4991,348.40878
4992,348.327797
4993,348.414694
4994,348.525919
4995,348.664583
4996,348.834448
4997,349.038819
4998,349.225814
4999,349.376014
5000,349.496344
5001,349.591372
5002,349.664338
5003,349.717534
5004,349.752462
5005,349.769922
5006,349.770049
5007,349.752322
5008,349.715535
5009,349.657743
5010,349.576147
5011,349.466887
5012,349.324547
5013,349.140773
5014,348.964145
5015,348.817515
5016,348.697011
5017,348.598274
5018,348.517395
5019,348.451106
5020,348.396752
5021,348.352201
5022,348.315756
5023,348.286077
5024,348.262114
5025,348.243054
5026,348.228283
5027,348.21735
5028,348.209952
5029,348.205915
5030,348.205187
5031,348.207838
5032,348.214067
5033,348.224213
5034,348.238773
5035,348.258428
5036,348.284075
5037,348.316853
5038,348.35815
5039,348.409533
5040,348.472381
5041,348.520371
5042,348.55668
5043,348.583319
5044,348.601729
5045,348.612993
5046,348.617933
5047,348.617153
5048,348.611077
5049,348.599972
5050,348.58396
5051,348.563025
5052,348.537009
5053,348.505596
5054,348.468252
5055,348.424065
5056,348.321928
5057,348.408098
5058,348.518202
5059,348.655394
5060,348.82352
5061,349.026015
5062,349.211199
5063,349.359778
5064,349.478758
5065,349.572761
5066,349.645051
5067,349.697922
5068,349.732873
5069,349.750697
5070,349.75153
5071,349.734854
5072,349.699473
5073,349.643445
5074,349.563969
5075,349.457158
5076,349.317541
5077,349.136701
5078,348.963062
5079,348.819298
5080,348.701433
5081,348.605054
5082,348.526238
5083,348.461732
5084,348.408907
5085,348.365665
5086,348.330344
5087,348.301634
5088,348.278512
5089,348.260186
5090,348.246058
5091,348.235693
5092,348.228795
5093,348.225193
5094,348.224838
5095,348.227798
5096,348.234265
5097,348.244568
5098,348.259192
5099,348.278805
5100,348.304294
5101,348.33679
5102,348.377689
5103,348.428577
5104,348.49087
5105,348.5383
5106,348.574069
5107,348.600199
5108,348.618133
5109,348.628948
5110,348.633452
5111,348.632237
5112,348.625714
5113,348.614141
5114,348.597635
5115,348.576178
5116,348.549616
5117,348.517637
5118,348.479712
5119,348.434936
5120,348.309237
5121,348.394012
5122,348.502035
5123,348.636518
5124,348.80145
5125,349.0005
5126,349.182355
5127,349.327952
5128,349.444436
5129,349.536504
5130,349.607443
5131,349.659537
5132,349.694268
5133,349.712415
5134,349.714111
5135,349.698849
5136,349.665454
5137,349.612007
5138,349.535713
5139,349.432658
5140,349.297288
5141,349.121064
5142,348.952126
5143,348.812826
5144,348.699009
5145,348.606181
5146,348.530413
5147,348.468487
5148,348.417832
5149,348.376411
5150,348.342621
5151,348.315204
5152,348.293178
5153,348.275789
5154,348.262464
5155,348.252789
5156,348.24648
5157,348.243375
5158,348.243426
5159,348.246697
5160,348.253368
5161,348.263755
5162,348.278322
5163,348.297715
5164,348.322797
5165,348.354691
5166,348.394799
5167,348.444742
5168,348.506008
5169,348.552443
5170,348.587294
5171,348.612609
5172,348.629832
5173,348.640023
5174,348.643968
5175,348.642237
5176,348.635223
5177,348.623169
5178,348.606184
5179,348.58425
5180,348.557217
5181,348.524781
5182,348.486427
5183,348.441259
5184,348.289931
5185,348.372592
5186,348.477441
5187,348.607748
5188,348.767691
5189,348.961324
5190,349.137963
5191,349.278941
5192,349.391607
5193,349.480735
5194,349.549602
5195,349.60045
5196,349.634713
5197,349.65314
5198,349.655859
5199,349.642383
5200,349.611579
5201,349.561586
5202,349.489655
5203,349.39187
5204,349.26258
5205,349.093037
5206,348.93089
5207,348.797946
5208,348.689776
5209,348.601795
5210,348.530101
5211,348.471561
5212,348.423706
5213,348.3846
5214,348.352728
5215,348.326909
5216,348.306223
5217,348.289961
5218,348.277591
5219,348.268724
5220,348.263095
5221,348.260551
5222,348.261047
5223,348.26464
5224,348.271497
5225,348.28191
5226,348.296311
5227,348.315311
5228,348.339735
5229,348.370675
5230,348.409531
5231,348.457978
5232,348.517624
5233,348.562533
5234,348.596033
5235,348.620202
5236,348.636472
5237,348.645872
5238,348.649148
5239,348.646833
5240,348.639293
5241,348.626751
5242,348.609304
5243,348.586934
5244,348.559498
5245,348.526709
5246,348.488074
5247,348.442719
5248,348.264409
5249,348.344182
5250,348.444604
5251,348.56894
5252,348.721561
5253,348.907106
5254,349.076019
5255,349.210324
5256,349.317625
5257,349.402706
5258,349.468748
5259,349.517874
5260,349.551424
5261,349.570092
5262,349.57399
5263,349.562668
5264,349.535073
5265,349.489456
5266,349.4232
5267,349.332478
5268,349.211589
5269,349.05146
5270,348.898834
5271,348.774585
5272,348.673907
5273,348.592176
5274,348.52561
5275,348.471247
5276,348.42679
5277,348.390458
5278,348.36086
5279,348.336916
5280,348.317788
5281,348.302829
5282,348.291553
5283,348.283606
5284,348.278744
5285,348.276831
5286,348.27782
5287,348.281761
5288,348.288804
5289,348.299207
5290,348.313359
5291,348.331812
5292,348.355325
5293,348.384924
5294,348.421974
5295,348.468197
5296,348.525408
5297,348.568096
5298,348.599726
5299,348.622392
5300,348.637475
5301,348.645936
5302,348.648453
5303,348.645507
5304,348.63742
5305,348.624389
5306,348.606499
5307,348.583728
5308,348.555948
5309,348.522897
5310,348.484119
5311,348.438784
5312,348.233343
5313,348.309435
5314,348.404038
5315,348.52022
5316,348.662365
5317,348.835868
5318,348.993476
5319,349.118483
5320,349.218647
5321,349.29852
5322,349.360994
5323,349.407951
5324,349.440564
5325,349.459436
5326,349.464661
5327,349.455839
5328,349.432043
5329,349.391728
5330,349.332552
5331,349.251
5332,349.14156
5333,348.994801
5334,348.855534
5335,348.742942
5336,348.651857
5337,348.577835
5338,348.517417
5339,348.467961
5340,348.427439
5341,348.394279
5342,348.36726
5343,348.345431
5344,348.328048
5345,348.314544
5346,348.304486
5347,348.29756
5348,348.293554
5349,348.292341
5350,348.293883
5351,348.298218
5352,348.305472
5353,348.315864
5354,348.329724
5355,348.347517
5356,348.369894
5357,348.397751
5358,348.43233
5359,348.475322
5360,348.528832
5361,348.568345
5362,348.597497
5363,348.618298
5364,348.631991
5365,348.639403
5366,348.64111
5367,348.637512
5368,348.628877
5369,348.615368
5370,348.597051
5371,348.573907
5372,348.545822
5373,348.512572
5374,348.473764
5375,348.428652
5376,348.197756
5377,348.269442
5378,348.356844
5379,348.462417
5380,348.58983
5381,348.74461
5382,348.885367
5383,348.997821
5384,349.088995
5385,349.162575
5386,349.220832
5387,349.265246
5388,349.296743
5389,349.315797
5390,349.322477
5391,349.316452
5392,349.296967
5393,349.262784
5394,349.212046
5395,349.141963
5396,349.047984
5397,348.921171
5398,348.801129
5399,348.703862
5400,348.62457
5401,348.559611
5402,348.506218
5403,348.462264
5404,348.426098
5405,348.396423
5406,348.372221
5407,348.352691
5408,348.337204
5409,348.325277
5410,348.316541
5411,348.310729
5412,348.307659
5413,348.307225
5414,348.309391
5415,348.314189
5416,348.321716
5417,348.332145
5418,348.345731
5419,348.362831
5420,348.383933
5421,348.409708
5422,348.441091
5423,348.479446
5424,348.526938
5425,348.561965
5426,348.587996
5427,348.606636
5428,348.618814
5429,348.62514
5430,348.626038
5431,348.621808
5432,348.612651
5433,348.598685
5434,348.579958
5435,348.556451
5436,348.52807
5437,348.494638
5438,348.455848
5439,348.411114
5440,348.159037
5441,348.225831
5442,348.305043
5443,348.397943
5444,348.505729
5445,348.62797
5446,348.742365
5447,348.83897
5448,348.919681
5449,348.986176
5450,349.039757
5451,349.081367
5452,349.111629
5453,349.130866
5454,349.139114
5455,349.136121
5456,349.121342
5457,349.093919
5458,349.052657
5459,348.995986
5460,348.921975
5461,348.828701
5462,348.73768
5463,348.659504
5464,348.593723
5465,348.538744
5466,348.492929
5467,348.454845
5468,348.423297
5469,348.397304
5470,348.376072
5471,348.358965
5472,348.345477
5473,348.335216
5474,348.327883
5475,348.323262
5476,348.321207
5477,348.321632
5478,348.32451
5479,348.329865
5480,348.33777
5481,348.348347
5482,348.361771
5483,348.378271
5484,348.398136
5485,348.421719
5486,348.449408
5487,348.481497
5488,348.51757
5489,348.546657
5490,348.569152
5491,348.58554
5492,348.596226
5493,348.601529
5494,348.601692
5495,348.596896
5496,348.587265
5497,348.572875
5498,348.55375
5499,348.529868
5500,348.501157
5501,348.467482
5502,348.428628
5503,348.384235
5504,348.118825
5505,348.18066
5506,348.251658
5507,348.332029
5508,348.421114
5509,348.515745
5510,348.606531
5511,348.687682
5512,348.757904
5513,348.817234
5514,348.866071
5515,348.904838
5516,348.933859
5517,348.953305
5518,348.963178
5519,348.963305
5520,348.953348
5521,348.932825
5522,348.901176
5523,348.857936
5524,348.803196
5525,348.738967
5526,348.673802
5527,348.614102
5528,348.561752
5529,348.516792
5530,348.478622
5531,348.44648
5532,348.419618
5533,348.39737
5534,348.379167
5535,348.364537
5536,348.353101
5537,348.344559
5538,348.338685
5539,348.335316
5540,348.334346
5541,348.335715
5542,348.339407
5543,348.345444
5544,348.353877
5545,348.364787
5546,348.378269
5547,348.394431
5548,348.413368
5549,348.435128
5550,348.45961
5551,348.486316
5552,348.513702
5553,348.537689
5554,348.557088
5555,348.571553
5556,348.58102
5557,348.585526
5558,348.585135
5559,348.579911
5560,348.569904
5561,348.555144
5562,348.535636
5563,348.511356
5564,348.482253
5565,348.448242
5566,348.409204
5567,348.36499
5568,348.078726
5569,348.135932
5570,348.199559
5571,348.269282
5572,348.343931
5573,348.420819
5574,348.495348
5575,348.563987
5576,348.625042
5577,348.677872
5578,348.72233
5579,348.758465
5580,348.78636
5581,348.806062
5582,348.817547
5583,348.820707
5584,348.815372
5585,348.801348
5586,348.778521
5587,348.747042
5588,348.707708
5589,348.662623
5590,348.615962
5591,348.571441
5592,348.530989
5593,348.495288
5594,348.464364
5595,348.437944
5596,348.415646
5597,348.397075
5598,348.381865
5599,348.369699
5600,348.360315
5601,348.353507
5602,348.349119
5603,348.347046
5604,348.347222
5605,348.34962
5606,348.35424
5607,348.36111
5608,348.370272
5609,348.38177
5610,348.395644
5611,348.411901
5612,348.430487
5613,348.451235
5614,348.473769
5615,348.497346
5616,348.520621
5617,348.541588
5618,348.559042
5619,348.572331
5620,348.581117
5621,348.585226
5622,348.584579
5623,348.579143
5624,348.568904
5625,348.553856
5626,348.533985
5627,348.509271
5628,348.479682
5629,348.44518
5630,348.405728
5631,348.361316
5632,348.040051
5633,348.093175
5634,348.15062
5635,348.211901
5636,348.275915
5637,348.340749
5638,348.403817
5639,348.462874
5640,348.516471
5641,348.563805
5642,348.604486
5643,348.638344
5644,348.665308
5645,348.685337
5646,348.698387
5647,348.704396
5648,348.703309
5649,348.695118
5650,348.679949
5651,348.658207
5652,348.630782
5653,348.599295
5654,348.566122
5655,348.533527
5656,348.503031
5657,348.47544
5658,348.451068
5659,348.429938
5660,348.411929
5661,348.396855
5662,348.384518
5663,348.374737
5664,348.367357
5665,348.362258
5666,348.359356
5667,348.3586
5668,348.359972
5669,348.36348
5670,348.369152
5671,348.377029
5672,348.387156
5673,348.399565
5674,348.41426
5675,348.431186
5676,348.450192
5677,348.470983
5678,348.493052
5679,348.515605
5680,348.537515
5681,348.55745
5682,348.57434
5683,348.58744
5684,348.596264
5685,348.60051
5686,348.599998
5687,348.594626
5688,348.584338
5689,348.569099
5690,348.548887
5691,348.523682
5692,348.493468
5693,348.45824
5694,348.418017
5695,348.372859
5696,348.00371
5697,348.053351
5698,348.105792
5699,348.160564
5700,348.216779
5701,348.273114
5702,348.327961
5703,348.37983
5704,348.427595
5705,348.470504
5706,348.5081
5707,348.540112
5708,348.566386
5709,348.58683
5710,348.601382
5711,348.610012
5712,348.612729
5713,348.609621
5714,348.600916
5715,348.587069
5716,348.568864
5717,348.547481
5718,348.524416
5719,348.501137
5720,348.478776
5721,348.458073
5722,348.439436
5723,348.423048
5724,348.408949
5725,348.397107
5726,348.387456
5727,348.379926
5728,348.374455
5729,348.371003
5730,348.369554
5731,348.370116
5732,348.372717
5733,348.377409
5734,348.384255
5735,348.393326
5736,348.404685
5737,348.418377
5738,348.434397
5739,348.452669
5740,348.472995
5741,348.495013
5742,348.518144
5743,348.541562
5744,348.564211
5745,348.584939
5746,348.602717
5747,348.616747
5748,348.626459
5749,348.631476
5750,348.631564
5751,348.626584
5752,348.616458
5753,348.601142
5754,348.580607
5755,348.554836
5756,348.523822
5757,348.487575
5758,348.446141
5759,348.399617
5760,347.970229
5761,348.016951
5762,348.065407
5763,348.115203
5764,348.165665
5765,348.215869
5766,348.264748
5767,348.311273
5768,348.354593
5769,348.394071
5770,348.429265
5771,348.45988
5772,348.485726
5773,348.506681
5774,348.522679
5775,348.533699
5776,348.539779
5777,348.541043
5778,348.537736
5779,348.530277
5780,348.519299
5781,348.505656
5782,348.490359
5783,348.474408
5784,348.458646
5785,348.443697
5786,348.429976
5787,348.417737
5788,348.407118
5789,348.39819
5790,348.390985
5791,348.385524
5792,348.381826
5793,348.379924
5794,348.379866
5795,348.381716
5796,348.385558
5797,348.391492
5798,348.399628
5799,348.41008
5800,348.422953
5801,348.438327
5802,348.45623
5803,348.4766
5804,348.499243
5805,348.523771
5806,348.549552
5807,348.575682
5808,348.601024
5809,348.624351
5810,348.644548
5811,348.660734
5812,348.672283
5813,348.678784
5814,348.679992
5815,348.675768
5816,348.666039
5817,348.650765
5818,348.629923
5819,348.603498
5820,348.571479
5821,348.533879
5822,348.490743
5823,348.442177
5824,347.939837
5825,347.984129
5826,348.029428
5827,348.075423
5828,348.12161
5829,348.167334
5830,348.211853
5831,348.254437
5832,348.294442
5833,348.33135
5834,348.36477
5835,348.394418
5836,348.420096
5837,348.441673
5838,348.459075
5839,348.472282
5840,348.481335
5841,348.486356
5842,348.487567
5843,348.485316
5844,348.480096
5845,348.472531
5846,348.463331
5847,348.453209
5848,348.442801
5849,348.43262
5850,348.423053
5851,348.414377
5852,348.406787
5853,348.400422
5854,348.395387
5855,348.391776
5856,348.389678
5857,348.389192
5858,348.390426
5859,348.393506
5860,348.398573
5861,348.405784
5862,348.415305
5863,348.427313
5864,348.441977
5865,348.459443
5866,348.47981
5867,348.503084
5868,348.529126
5869,348.557568
5870,348.587737
5871,348.618587
5872,348.64873
5873,348.676626
5874,348.700922
5875,348.720612
5876,348.735032
5877,348.743788
5878,348.746672
5879,348.743589
5880,348.7345
5881,348.719394
5882,348.698261
5883,348.671083
5884,348.637841
5885,348.598523
5886,348.55315
5887,348.501807
5888,347.912549
5889,347.954822
5890,347.997623
5891,348.040708
5892,348.083703
5893,348.126134
5894,348.16747
5895,348.207179
5896,348.244773
5897,348.279837
5898,348.312037
5899,348.341114
5900,348.366879
5901,348.389199
5902,348.407992
5903,348.423229
5904,348.434941
5905,348.443225
5906,348.44826
5907,348.450319
5908,348.449775
5909,348.447086
5910,348.442765
5911,348.437336
5912,348.431287
5913,348.42504
5914,348.418945
5915,348.41328
5916,348.40827
5917,348.4041
5918,348.400932
5919,348.398918
5920,348.398211
5921,348.398969
5922,348.401362
5923,348.405577
5924,348.411816
5925,348.420303
5926,348.431274
5927,348.444982
5928,348.461686
5929,348.481635
5930,348.505045
5931,348.532053
5932,348.562648
5933,348.596563
5934,348.633127
5935,348.671097
5936,348.708601
5937,348.74341
5938,348.773735
5939,348.798418
5940,348.816817
5941,348.828629
5942,348.833756
5943,348.832198
5944,348.823993
5945,348.809178
5946,348.787766
5947,348.759738
5948,348.725047
5949,348.683634
5950,348.635457
5951,348.580535
5952,347.888242
5953,347.92884
5954,347.96966
5955,348.010514
5956,348.051123
5957,348.091138
5958,348.130172
5959,348.167829
5960,348.203734
5961,348.237557
5962,348.269017
5963,348.297887
5964,348.323986
5965,348.347184
5966,348.36739
5967,348.384561
5968,348.398702
5969,348.409878
5970,348.418216
5971,348.423918
5972,348.427256
5973,348.428564
5974,348.42822
5975,348.426616
5976,348.424135
5977,348.421126
5978,348.417902
5979,348.414734
5980,348.411866
5981,348.409515
5982,348.407888
5983,348.407188
5984,348.407625
5985,348.409415
5986,348.412791
5987,348.418001
5988,348.425318
5989,348.435034
5990,348.44747
5991,348.462974
5992,348.481916
5993,348.504686
5994,348.531671
5995,348.563217
5996,348.599555
5997,348.640659
5998,348.686005
5999,348.734186
6000,348.78251
6001,348.827218
6002,348.865839
6003,348.89714
6004,348.920653
6005,348.936309
6006,348.944217
6007,348.944545
6008,348.937448
6009,348.923038
6010,348.901361
6011,348.872393
6012,348.836045
6013,348.792172
6014,348.740611
6015,348.681243
6016,347.866718
6017,347.905922
6018,347.945169
6019,347.984316
6020,348.02315
6021,348.061413
6022,348.098817
6023,348.135063
6024,348.169863
6025,348.202951
6026,348.234093
6027,348.263088
6028,348.289768
6029,348.314001
6030,348.335685
6031,348.354755
6032,348.371188
6033,348.385004
6034,348.396279
6035,348.405145
6036,348.411791
6037,348.416456
6038,348.419416
6039,348.420971
6040,348.421424
6041,348.421069
6042,348.420187
6043,348.419043
6044,348.41789
6045,348.416973
6046,348.416537
6047,348.416835
6048,348.418129
6049,348.420694
6050,348.424827
6051,348.430844
6052,348.439087
6053,348.44993
6054,348.463785
6055,348.481107
6056,348.502404
6057,348.528238
6058,348.559222
6059,348.596001
6060,348.639196
6061,348.689268
6062,348.746197
6063,348.808763
6064,348.873162
6065,348.931727
6066,348.981239
6067,349.020812
6068,349.050504
6069,349.0707
6070,349.08185
6071,349.084365
6072,349.078564
6073,349.064656
6074,349.042731
6075,349.012758
6076,348.974584
6077,348.927942
6078,348.872465
6079,348.807756
6080,347.847732
6081,347.885778
6082,347.923779
6083,347.961625
6084,347.999157
6085,348.03618
6086,348.07248
6087,348.107828
6088,348.142002
6089,348.174787
6090,348.205986
6091,348.235423
6092,348.262937
6093,348.288392
6094,348.311669
6095,348.332677
6096,348.351354
6097,348.367674
6098,348.381656
6099,348.393366
6100,348.402921
6101,348.410481
6102,348.416248
6103,348.420448
6104,348.423325
6105,348.425131
6106,348.426123
6107,348.426558
6108,348.4267
6109,348.426819
6110,348.427198
6111,348.428136
6112,348.42995
6113,348.43298
6114,348.437587
6115,348.44416
6116,348.453116
6117,348.464915
6118,348.480065
6119,348.49914
6120,348.522798
6121,348.551797
6122,348.587019
6123,348.629488
6124,348.680371
6125,348.74094
6126,348.812354
6127,348.894848
6128,348.984657
6129,349.062173
6130,349.125168
6131,349.174402
6132,349.211076
6133,349.236305
6134,349.251015
6135,349.255923
6136,349.251548
6137,349.238214
6138,349.216065
6139,349.185059
6140,349.144972
6141,349.095376
6142,349.035619
6143,348.964791
6144,347.831027
6145,347.868109
6146,347.905127
6147,347.941996
6148,347.978597
6149,348.014786
6150,348.050401
6151,348.085272
6152,348.119223
6153,348.152085
6154,348.18369
6155,348.21388
6156,348.242499
6157,348.269402
6158,348.294449
6159,348.317512
6160,348.338484
6161,348.357285
6162,348.373871
6163,348.388244
6164,348.400453
6165,348.410594
6166,348.418803
6167,348.425252
6168,348.43014
6169,348.433685
6170,348.436125
6171,348.437716
6172,348.43873
6173,348.439465
6174,348.440242
6175,348.441411
6176,348.443351
6177,348.44647
6178,348.4512
6179,348.458007
6180,348.46739
6181,348.479893
6182,348.496127
6183,348.516784
6184,348.542675
6185,348.574761
6186,348.614207
6187,348.662445
6188,348.721262
6189,348.79295
6190,348.880559
6191,348.988484
6192,349.124195
6193,349.225452
6194,349.303324
6195,349.362766
6196,349.406702
6197,349.437135
6198,349.455517
6199,349.462898
6200,349.460005
6201,349.447288
6202,349.424944
6203,349.392929
6204,349.350947
6205,349.298424
6206,349.234415
6207,349.157295
6208,347.816343
6209,347.852626
6210,347.888874
6211,347.925026
6212,347.960995
6213,347.996676
6214,348.031953
6215,348.066698
6216,348.10078
6217,348.134064
6218,348.166409
6219,348.197671
6220,348.227698
6221,348.256329
6222,348.283395
6223,348.308723
6224,348.332148
6225,348.353524
6226,348.372736
6227,348.389719
6228,348.404455
6229,348.41698
6230,348.427378
6231,348.435775
6232,348.442334
6233,348.447249
6234,348.450743
6235,348.453071
6236,348.45452
6237,348.455415
6238,348.456121
6239,348.457047
6240,348.458642
6241,348.461391
6242,348.46581
6243,348.472448
6244,348.481887
6245,348.494759
6246,348.511769
6247,348.533725
6248,348.561579
6249,348.596482
6250,348.639856
6251,348.693492
6252,348.759697
6253,348.841511
6254,348.94304
6255,349.069888
6256,349.229278
6257,349.348498
6258,349.43925
6259,349.507965
6260,349.558627
6261,349.593925
6262,349.615761
6263,349.62548
6264,349.624
6265,349.611884
6266,349.589381
6267,349.556438
6268,349.512689
6269,349.457413
6270,349.389389
6271,349.306499
6272,347.80343
6273,347.839051
6274,347.874705
6275,347.910352
6276,347.945932
6277,347.981377
6278,348.016605
6279,348.051531
6280,348.086061
6281,348.120092
6282,348.153511
6283,348.186187
6284,348.217969
6285,348.248677
6286,348.278104
6287,348.306017
6288,348.332177
6289,348.356352
6290,348.378344
6291,348.398008
6292,348.41526
6293,348.43008
6294,348.442506
6295,348.452626
6296,348.460576
6297,348.466528
6298,348.470697
6299,348.473339
6300,348.474755
6301,348.475303
6302,348.475397
6303,348.475517
6304,348.476196
6305,348.478015
6306,348.481588
6307,348.487556
6308,348.496588
6309,348.5094
6310,348.526784
6311,348.549647
6312,348.579061
6313,348.616335
6314,348.663096
6315,348.721409
6316,348.793929
6317,348.884118
6318,348.996481
6319,349.136677
6320,349.310787
6321,349.442791
6322,349.543695
6323,349.620186
6324,349.676694
6325,349.716316
6326,349.741265
6327,349.753112
6328,349.752933
6329,349.741385
6330,349.718759
6331,349.684996
6332,349.639674
6333,349.581955
6334,349.51043
6335,349.422712
6336,347.792046
6337,347.82712
6338,347.862326
6339,347.897643
6340,347.933038
6341,347.968472
6342,348.003903
6343,348.039282
6344,348.074552
6345,348.109649
6346,348.144486
6347,348.178952
6348,348.212896
6349,348.246119
6350,348.278365
6351,348.309324
6352,348.338652
6353,348.366004
6354,348.391072
6355,348.413621
6356,348.433493
6357,348.450616
6358,348.464989
6359,348.476671
6360,348.485775
6361,348.49246
6362,348.496931
6363,348.499443
6364,348.500314
6365,348.499934
6366,348.498777
6367,348.497407
6368,348.496467
6369,348.496663
6370,348.498729
6371,348.503413
6372,348.511474
6373,348.523705
6374,348.540968
6375,348.564248
6376,348.594708
6377,348.633771
6378,348.683211
6379,348.745271
6380,348.822811
6381,348.919482
6382,349.039877
6383,349.189438
6384,349.373454
6385,349.514492
6386,349.623032
6387,349.70567
6388,349.766969
6389,349.810221
6390,349.837828
6391,349.85152
6392,349.852482
6393,349.841446
6394,349.818737
6395,349.784292
6396,349.73765
6397,349.677894
6398,349.603501
6399,349.511942
6400,347.781965
6401,347.816588
6402,347.851467
6403,347.886599
6404,347.921977
6405,347.957595
6406,347.993446
6407,348.029523
6408,348.065811
6409,348.102288
6410,348.138905
6411,348.17558
6412,348.212171
6413,348.24846
6414,348.284134
6415,348.31878
6416,348.351907
6417,348.383003
6418,348.411616
6419,348.437394
6420,348.460107
6421,348.479634
6422,348.495945
6423,348.509081
6424,348.519141
6425,348.526269
6426,348.530662
6427,348.532571
6428,348.532324
6429,348.53034
6430,348.52716
6431,348.523453
6432,348.520012
6433,348.517714
6434,348.517454
6435,348.520107
6436,348.526524
6437,348.537559
6438,348.554124
6439,348.57725
6440,348.608157
6441,348.648337
6442,348.69965
6443,348.764441
6444,348.845669
6445,348.947052
6446,349.073147
6447,349.229177
6448,349.419951
6449,349.567284
6450,349.681348
6451,349.768595
6452,349.833592
6453,349.879712
6454,349.909458
6455,349.924653
6456,349.92656
6457,349.915964
6458,349.893212
6459,349.858243
6460,349.81057
6461,349.749226
6462,349.672624
6463,349.578161
6464,347.772972
6465,347.807224
6466,347.841874
6467,347.876941
6468,347.912443
6469,347.948409
6470,347.984871
6471,348.021868
6472,348.059437
6473,348.097607
6474,348.136387
6475,348.175738
6476,348.215548
6477,348.255596
6478,348.295506
6479,348.334725
6480,348.372547
6481,348.408205
6482,348.441035
6483,348.470547
6484,348.496439
6485,348.518558
6486,348.536863
6487,348.551391
6488,348.562234
6489,348.569529
6490,348.573455
6491,348.574251
6492,348.572235
6493,348.56785
6494,348.561697
6495,348.554579
6496,348.547501
6497,348.541598
6498,348.537992
6499,348.537712
6500,348.541693
6501,348.550832
6502,348.566053
6503,348.588397
6504,348.619096
6505,348.659667
6506,348.712005
6507,348.778497
6508,348.862137
6509,348.966643
6510,349.096507
6511,349.256784
6512,349.451998
6513,349.603524
6514,349.721356
6515,349.811829
6516,349.879475
6517,349.927688
6518,349.959021
6519,349.975349
6520,349.977985
6521,349.967742
6522,349.944989
6523,349.909663
6524,349.861261
6525,349.798791
6526,349.720628
6527,349.62413
6528,347.764864
6529,347.798809
6530,347.833311
6531,347.868408
6532,347.90415
6533,347.9406
6534,347.977837
6535,348.015951
6536,348.055044
6537,348.095217
6538,348.136552
6539,348.179092
6540,348.222791
6541,348.267456
6542,348.312664
6543,348.35769
6544,348.401489
6545,348.442864
6546,348.480836
6547,348.514763
6548,348.544289
6549,348.569264
6550,348.58967
6551,348.605562
6552,348.617042
6553,348.624235
6554,348.627297
6555,348.626429
6556,348.621916
6557,348.614184
6558,348.603879
6559,348.591959
6560,348.579735
6561,348.568776
6562,348.560543
6563,348.55625
6564,348.556894
6565,348.563363
6566,348.576547
6567,348.597442
6568,348.62725
6569,348.667466
6570,348.719975
6571,348.787161
6572,348.872011
6573,348.978217
6574,349.110208
6575,349.272925
6576,349.470726
6577,349.624732
6578,349.744836
6579,349.837294
6580,349.9066
6581,349.956149
6582,349.988511
6583,350.005591
6584,350.008723
6585,349.998742
6586,349.976026
6587,349.940512
6588,349.89169
6589,349.828552
6590,349.749454
6591,349.651734
6592,347.757449
6593,347.791137
6594,347.825551
6595,347.860754
6596,347.896825
6597,347.933869
6598,347.972013
6599,348.011414
6600,348.052247
6601,348.094707
6602,348.138988
6603,348.185255
6604,348.233592
6605,348.28391
6606,348.335806
6607,348.388369
6608,348.440024
6609,348.48874
6610,348.533088
6611,348.572286
6612,348.605997
6613,348.634148
6614,348.656795
6615,348.674049
6616,348.686034
6617,348.69287
6618,348.69467
6619,348.691567
6620,348.683758
6621,348.671583
6622,348.655662
6623,348.637088
6624,348.617625
6625,348.599669
6626,348.585208
6627,348.575639
6628,348.571949
6629,348.574932
6630,348.585365
6631,348.604141
6632,348.632373
6633,348.67149
6634,348.723329
6635,348.790235
6636,348.875161
6637,348.981764
6638,349.114425
6639,349.278015
6640,349.476809
6641,349.631811
6642,349.752857
6643,349.846161
6644,349.916193
6645,349.96634
6646,349.999178
6647,350.016621
6648,350.020013
6649,350.010199
6650,349.987557
6651,349.952026
6652,349.903091
6653,349.839736
6654,349.760311
6655,349.662142
6656,347.750546
6657,347.784011
6658,347.818381
6659,347.853742
6660,347.890206
6661,347.927922
6662,347.967074
6663,348.007889
6664,348.050637
6665,348.095627
6666,348.143203
6667,348.193714
6668,348.247469
6669,348.304623
6670,348.364964
6671,348.427515
6672,348.489926
6673,348.548269
6674,348.600546
6675,348.646003
6676,348.684498
6677,348.716157
6678,348.74119
6679,348.75981
6680,348.772187
6681,348.778431
6682,348.778597
6683,348.772702
6684,348.760774
6685,348.742944
6686,348.719634
6687,348.691909
6688,348.662106
6689,348.634504
6690,348.611847
6691,348.595595
6692,348.586539
6693,348.585231
6694,348.592226
6695,348.608236
6696,348.634232
6697,348.67153
6698,348.721881
6699,348.787563
6700,348.871478
6701,348.977242
6702,349.109205
6703,349.272216
6704,349.470532
6705,349.62515
6706,349.74589
6707,349.838953
6708,349.908805
6709,349.958827
6710,349.991592
6711,350.00901
6712,350.012426
6713,350.002679
6714,349.980149
6715,349.944772
6716,349.896031
6717,349.832908
6718,349.753753
6719,349.655891
6720,347.74398
6721,347.777245
6722,347.811597
6723,347.847146
6724,347.884041
6725,347.922474
6726,347.962692
6727,348.005002
6728,348.049777
6729,348.097466
6730,348.148598
6731,348.203773
6732,348.26364
6733,348.328809
6734,348.399629
6735,348.475575
6736,348.553658
6737,348.62473
6738,348.6867
6739,348.739398
6740,348.783214
6741,348.818655
6742,348.846185
6743,348.866166
6744,348.878832
6745,348.884289
6746,348.882508
6747,348.873342
6748,348.856552
6749,348.831876
6750,348.799199
6751,348.759011
6752,348.713779
6753,348.672942
6754,348.639858
6755,348.61552
6756,348.600152
6757,348.593841
6758,348.596794
6759,348.609459
6760,348.632609
6761,348.667406
6762,348.715481
6763,348.779017
6764,348.860849
6765,348.96455
6766,349.094459
6767,349.255445
6768,349.451813
6769,349.604672
6770,349.723858
6771,349.815595
6772,349.884361
6773,349.933534
6774,349.965676
6775,349.982683
6776,349.985884
6777,349.976109
6778,349.953729
6779,349.918677
6780,349.870438
6781,349.807999
6782,349.729713
6783,349.632916
6784,347.737589
6785,347.770663
6786,347.805005
6787,347.840751
6788,347.878083
6789,347.917243
6790,347.958541
6791,348.002365
6792,348.049204
6793,348.099656
6794,348.154462
6795,348.214518
6796,348.280912
6797,348.354929
6798,348.438004
6799,348.531403
6800,348.634762
6801,348.722162
6802,348.795309
6803,348.855914
6804,348.905358
6805,348.94471
6806,348.974764
6807,348.996065
6808,349.008931
6809,349.013458
6810,349.009522
6811,348.996774
6812,348.974628
6813,348.942243
6814,348.898496
6815,348.842021
6816,348.771634
6817,348.71335
6818,348.667875
6819,348.634401
6820,348.612056
6821,348.600236
6822,348.598688
6823,348.607535
6824,348.627305
6825,348.658973
6826,348.704016
6827,348.764497
6828,348.84316
6829,348.943531
6830,349.069953
6831,349.227366
6832,349.420206
6833,349.569829
6834,349.686135
6835,349.77541
6836,349.842154
6837,349.889741
6838,349.920706
6839,349.936914
6840,349.939665
6841,349.929766
6842,349.907576
6843,349.873024
6844,349.8256
6845,349.764303
6846,349.687502
6847,349.592553
6848,347.73122
6849,347.764099
6850,347.798422
6851,347.83435
6852,347.872099
6853,347.911959
6854,347.954299
6855,347.999595
6856,348.048443
6857,348.101598
6858,348.160007
6859,348.22487
6860,348.297722
6861,348.380553
6862,348.476016
6863,348.587804
6864,348.721538
6865,348.826065
6866,348.910388
6867,348.978756
6868,349.033671
6869,349.07679
6870,349.109243
6871,349.131762
6872,349.144746
6873,349.148283
6874,349.142152
6875,349.125803
6876,349.098294
6877,349.058173
6878,349.003181
6879,348.929425
6880,348.828677
6881,348.751837
6882,348.693643
6883,348.650853
6884,348.62136
6885,348.603826
6886,348.597515
6887,348.602205
6888,348.618161
6889,348.646139
6890,348.687435
6891,348.743956
6892,348.818326
6893,348.913999
6894,349.035332
6895,349.187393
6896,349.374875
6897,349.519561
6898,349.631497
6899,349.71707
6900,349.780803
6901,349.826043
6902,349.855271
6903,349.870296
6904,349.872367
6905,349.862255
6906,349.840298
6907,349.806424
6908,349.760132
6909,349.700447
6910,349.625771
6911,349.5335
6912,347.724729
6913,347.757398
6914,347.791678
6915,347.827752
6916,347.86587
6917,347.906363
6918,347.949663
6919,347.996319
6920,348.047035
6921,348.102702
6922,348.164455
6923,348.233751
6924,348.312479
6925,348.40312
6926,348.508972
6927,348.634385
6928,348.78463
6929,348.901997
6930,348.995734
6931,349.070934
6932,349.130745
6933,349.177249
6934,349.211845
6935,349.235423
6936,349.248452
6937,349.251012
6938,349.242799
6939,349.223089
6940,349.19066
6941,349.143617
6942,349.079049
6943,348.992228
6944,348.87472
6945,348.783883
6946,348.714774
6947,348.663468
6948,348.627178
6949,348.604041
6950,348.592916
6951,348.593262
6952,348.605077
6953,348.628888
6954,348.665774
6955,348.717442
6956,348.78634
6957,348.875799
6958,348.990165
6959,349.134692
6960,349.314525
6961,349.452187
6962,349.558002
6963,349.638487
6964,349.698155
6965,349.740269
6966,349.767206
6967,349.780676
6968,349.781848
6969,349.771441
6970,349.749764
6971,349.716743
6972,349.671901
6973,349.614307
6974,349.542425
6975,349.453725
6976,347.717987
6977,347.75042
6978,347.784616
6979,347.82078
6980,347.859191
6981,347.900221
6982,347.94435
6983,347.9922
6984,348.044561
6985,348.102441
6986,348.167125
6987,348.240262
6988,348.323977
6989,348.42102
6990,348.53492
6991,348.670013
6992,348.830781
6993,348.95731
6994,349.058371
6995,349.139172
6996,349.203113
6997,349.25251
6998,349.288938
6999,349.313397
7000,349.326407
7001,349.328042
7002,349.317933
7003,349.295234
7004,349.258531
7005,349.205686
7006,349.133524
7007,349.037203
7008,348.908744
7009,348.807681
7010,348.729821
7011,348.671218
7012,348.628814
7013,348.600428
7014,348.584619
7015,348.580576
7016,348.588047
7017,348.607312
7018,348.639202
7019,348.685163
7020,348.747375
7021,348.828932
7022,348.934056
7023,349.068195
7024,349.237268
7025,349.365179
7026,349.462761
7027,349.536612
7028,349.591115
7029,349.629332
7030,349.653449
7031,349.665018
7032,349.665095
7033,349.654323
7034,349.632976
7035,349.600979
7036,349.557894
7037,349.502864
7038,349.434464
7039,349.350303
7040,347.710878
7041,347.743038
7042,347.777097
7043,347.813278
7044,347.851884
7045,347.893321
7046,347.938114
7047,347.98694
7048,348.040662
7049,348.100376
7050,348.167479
7051,348.24375
7052,348.331452
7053,348.433457
7054,348.553337
7055,348.695261
7056,348.863175
7057,348.996179
7058,349.102692
7059,349.187834
7060,349.255062
7061,349.306792
7062,349.344695
7063,349.369839
7064,349.382774
7065,349.383568
7066,349.37181
7067,349.346571
7068,349.306332
7069,349.24884
7070,349.170852
7071,349.067599
7072,348.93143
7073,348.822841
7074,348.738144
7075,348.673518
7076,348.62582
7077,348.592688
7078,348.572468
7079,348.564124
7080,348.567171
7081,348.581635
7082,348.608063
7083,348.647566
7084,348.701923
7085,348.77377
7086,348.866907
7087,348.986713
7088,349.14025
7089,349.254663
7090,349.34148
7091,349.407052
7092,349.455314
7093,349.488924
7094,349.509754
7095,349.519129
7096,349.51795
7097,349.50676
7098,349.485792
7099,349.454973
7100,349.413921
7101,349.361893
7102,349.297647
7103,349.219059
7104,347.703299
7105,347.735143
7106,347.769
7107,347.805108
7108,347.843793
7109,347.885485
7110,347.930745
7111,347.980293
7112,348.035046
7113,348.096167
7114,348.165126
7115,348.243783
7116,348.334477
7117,348.440124
7118,348.564267
7119,348.710924
7120,348.883715
7121,349.021206
7122,349.13161
7123,349.219934
7124,349.289615
7125,349.343101
7126,349.382105
7127,349.407729
7128,349.42054
7129,349.420599
7130,349.407467
7131,349.380168
7132,349.337129
7133,349.276054
7134,349.193704
7135,349.085402
7136,348.943674
7137,348.829535
7138,348.739587
7139,348.670124
7140,348.61798
7141,348.580683
7142,348.556426
7143,348.543986
7144,348.542661
7145,348.552223
7146,348.572905
7147,348.60541
7148,348.650965
7149,348.711431
7150,348.789536
7151,348.889447
7152,349.018506
7153,349.114207
7154,349.187492
7155,349.243249
7156,349.284359
7157,349.312792
7158,349.329975
7159,349.336934
7160,349.334379
7161,349.322741
7162,349.302199
7163,349.272689
7164,349.233895
7165,349.185223
7166,349.125701
7167,349.053692
7168,347.695165
7169,347.72664
7170,347.760221
7171,347.796158
7172,347.834788
7173,347.876565
7174,347.922074
7175,347.972065
7176,348.027493
7177,348.089564
7178,348.159797
7179,348.240097
7180,348.33284
7181,348.440951
7182,348.567935
7183,348.717696
7184,348.893665
7185,349.034102
7186,349.147096
7187,349.237571
7188,349.308925
7189,349.363607
7190,349.40334
7191,349.429241
7192,349.441883
7193,349.441322
7194,349.4271
7195,349.398217
7196,349.353072
7197,349.289358
7198,349.203858
7199,349.091958
7200,348.946273
7201,348.82811
7202,348.734232
7203,348.661003
7204,348.605243
7205,348.564406
7206,348.536565
7207,348.520339
7208,348.514829
7209,348.519565
7210,348.53446
7211,348.559778
7212,348.596104
7213,348.644261
7214,348.705073
7215,348.778537
7216,348.860713
7217,348.931804
7218,348.989474
7219,349.034414
7220,349.06778
7221,349.090655
7222,349.103939
7223,349.108327
7224,349.104319
7225,349.092221
7226,349.072157
7227,349.044067
7228,349.007705
7229,348.962624
7230,348.908148
7231,348.843348
7232,347.686406
7233,347.717456
7234,347.75068
7235,347.786334
7236,347.824769
7237,347.866447
7238,347.911971
7239,347.96211
7240,348.017842
7241,348.080397
7242,348.15132
7243,348.23254
7244,348.326448
7245,348.435966
7246,348.564569
7247,348.716094
7248,348.893866
7249,349.035978
7250,349.150453
7251,349.242159
7252,349.314465
7253,349.369807
7254,349.409909
7255,349.435891
7256,349.448326
7257,349.447264
7258,349.432235
7259,349.402225
7260,349.35562
7261,349.290111
7262,349.202495
7263,349.088192
7264,348.939845
7265,348.818921
7266,348.722255
7267,348.646238
7268,348.58767
7269,348.543943
7270,348.513032
7271,348.493424
7272,348.484051
7273,348.484222
7274,348.493562
7275,348.511943
7276,348.539388
7277,348.575904
7278,348.621135
7279,348.67362
7280,348.72938
7281,348.780609
7282,348.823999
7283,348.858606
7284,348.88445
7285,348.901886
7286,348.911344
7287,348.913214
7288,348.907794
7289,348.895275
7290,348.875728
7291,348.849104
7292,348.815228
7293,348.773811
7294,348.724462
7295,348.666757
7296,347.676967
7297,347.707532
7298,347.740313
7299,347.775571
7300,347.81366
7301,347.85505
7302,347.900348
7303,347.950333
7304,348.005989
7305,348.068558
7306,348.139593
7307,348.221031
7308,348.315265
7309,348.425215
7310,348.55434
7311,348.706448
7312,348.884824
7313,349.027495
7314,349.142457
7315,349.234551
7316,349.30713
7317,349.362623
7318,349.402748
7319,349.428623
7320,349.440816
7321,349.439373
7322,349.423816
7323,349.393122
7324,349.345671
7325,349.279145
7326,349.190344
7327,349.07469
7328,348.924818
7329,348.802252
7330,348.70384
7331,348.625961
7332,348.565382
7333,348.51944
7334,348.486027
7335,348.463523
7336,348.450721
7337,348.446753
7338,348.45101
7339,348.463059
7340,348.482534
7341,348.508958
7342,348.541481
7343,348.578472
7344,348.617086
7345,348.653463
7346,348.685073
7347,348.710647
7348,348.729691
7349,348.742117
7350,348.748016
7351,348.747537
7352,348.740814
7353,348.727941
7354,348.708945
7355,348.683782
7356,348.652343
7357,348.61446
7358,348.569944
7359,348.518645
7360,347.666814
7361,347.696831
7362,347.729081
7363,347.763826
7364,347.801418
7365,347.842325
7366,347.887154
7367,347.936679
7368,347.99188
7369,348.053994
7370,348.124568
7371,348.205533
7372,348.299278
7373,348.408721
7374,348.537322
7375,348.688899
7376,348.866749
7377,349.008926
7378,349.12343
7379,349.215104
7380,349.287303
7381,349.34245
7382,349.382261
7383,349.407847
7384,349.419769
7385,349.418069
7386,349.402263
7387,349.371324
7388,349.323623
7389,349.256836
7390,349.167742
7391,349.051739
7392,348.901424
7393,348.77829
7394,348.679141
7395,348.600316
7396,348.538534
7397,348.491078
7398,348.455775
7399,348.430926
7400,348.41522
7401,348.407656
7402,348.40746
7403,348.413996
7404,348.426662
7405,348.444755
7406,348.467299
7407,348.49286
7408,348.519452
7409,348.544795
7410,348.567083
7411,348.585152
7412,348.598354
7413,348.60638
7414,348.609114
7415,348.606541
7416,348.598676
7417,348.585537
7418,348.567115
7419,348.543375
7420,348.514249
7421,348.479656
7422,348.439527
7423,348.39385
7424,347.655926
7425,347.685331
7426,347.716963
7427,347.751077
7428,347.788021
7429,347.828255
7430,347.872374
7431,347.921137
7432,347.975508
7433,348.036702
7434,348.106245
7435,348.186048
7436,348.278484
7437,348.386471
7438,348.513488
7439,348.663398
7440,348.839571
7441,348.980183
7442,349.09327
7443,349.18371
7444,349.254872
7445,349.309181
7446,349.348345
7447,349.373463
7448,349.385089
7449,349.383259
7450,349.367489
7451,349.33675
7452,349.28941
7453,349.22313
7454,349.13466
7455,349.019343
7456,348.869703
7457,348.747109
7458,348.648269
7459,348.569444
7460,348.507295
7461,348.459057
7462,348.422515
7463,348.395917
7464,348.377888
7465,348.367342
7466,348.363403
7467,348.365318
7468,348.372368
7469,348.383774
7470,348.398589
7471,348.415623
7472,348.433441
7473,348.450522
7474,348.465555
7475,348.477571
7476,348.485925
7477,348.490225
7478,348.490252
7479,348.485888
7480,348.477071
7481,348.463766
7482,348.445941
7483,348.423562
7484,348.396591
7485,348.364999
7486,348.328783
7487,348.287995
7488,347.644299
7489,347.67303
7490,347.703956
7491,347.737327
7492,347.773478
7493,347.812854
7494,347.856029
7495,347.903738
7496,347.956911
7497,348.016728
7498,348.084672
7499,348.162614
7500,348.252896
7501,348.358426
7502,348.482714
7503,348.629711
7504,348.802935
7505,348.940805
7506,349.05144
7507,349.139782
7508,349.209226
7509,349.262194
7510,349.300375
7511,349.32485
7512,349.33616
7513,349.334334
7514,349.318893
7515,349.288817
7516,349.242482
7517,349.177539
7518,349.090697
7519,348.977215
7520,348.829499
7521,348.708678
7522,348.611291
7523,348.533483
7524,348.47185
7525,348.423598
7526,348.386494
7527,348.358768
7528,348.339022
7529,348.326132
7530,348.319175
7531,348.317346
7532,348.319888
7533,348.326023
7534,348.334889
7535,348.345504
7536,348.356784
7537,348.36763
7538,348.377057
7539,348.384277
7540,348.388708
7541,348.389948
7542,348.387734
7543,348.381898
7544,348.372332
7545,348.358968
7546,348.341759
7547,348.320672
7548,348.295687
7549,348.266804
7550,348.234055
7551,348.197519
7552,347.631943
7553,347.65994
7554,347.69008
7555,347.7226
7556,347.757822
7557,347.796166
7558,347.838178
7559,347.884555
7560,347.936181
7561,347.994176
7562,348.059959
7563,348.135329
7564,348.222567
7565,348.324543
7566,348.444798
7567,348.587414
7568,348.756171
7569,348.889911
7570,348.996912
7571,349.082208
7572,349.149213
7573,349.200321
7574,349.237183
7575,349.260842
7576,349.271817
7577,349.270134
7578,349.255325
7579,349.2264
7580,349.181762
7581,349.119078
7582,349.035024
7583,348.924747
7584,348.78046
7585,348.662878
7586,348.568259
7587,348.492594
7588,348.432423
7589,348.384952
7590,348.347973
7591,348.319744
7592,348.298884
7593,348.284277
7594,348.274995
7595,348.270233
7596,348.269243
7597,348.271288
7598,348.275599
7599,348.281362
7600,348.287723
7601,348.293845
7602,348.298962
7603,348.302433
7604,348.303752
7605,348.302541
7606,348.298531
7607,348.291533
7608,348.281418
7609,348.268102
7610,348.251528
7611,348.231664
7612,348.208502
7613,348.182057
7614,348.152379
7615,348.119552
7616,347.618883
7617,347.64609
7618,347.675368
7619,347.70694
7620,347.741107
7621,347.778263
7622,347.818914
7623,347.863708
7624,347.913464
7625,347.969221
7626,348.0323
7627,348.104387
7628,348.187643
7629,348.284845
7630,348.399518
7631,348.535904
7632,348.698229
7633,348.826091
7634,348.928054
7635,349.009246
7636,349.073048
7637,349.121772
7638,349.156983
7639,349.17966
7640,349.190286
7641,349.188883
7642,349.175013
7643,349.147739
7644,349.105542
7645,349.046158
7646,348.966283
7647,348.860948
7648,348.722048
7649,348.609558
7650,348.519277
7651,348.447015
7652,348.389305
7653,348.343423
7654,348.307246
7655,348.279116
7656,348.257715
7657,348.241975
7658,348.231005
7659,348.22403
7660,348.220343
7661,348.219266
7662,348.220119
7663,348.222218
7664,348.224874
7665,348.227419
7666,348.229245
7667,348.229822
7668,348.228719
7669,348.225594
7670,348.220189
7671,348.212317
7672,348.201841
7673,348.188672
7674,348.17275
7675,348.154047
7676,348.132559
7677,348.108312
7678,348.081359
7679,348.051788
7680,347.605156
7681,347.631521
7682,347.659869
7683,347.690408
7684,347.723413
7685,347.759245
7686,347.798365
7687,347.841359
7688,347.888965
7689,347.942117
7690,348.001997
7691,348.070121
7692,348.148445
7693,348.239534
7694,348.346754
7695,348.474438
7696,348.627511
7697,348.747167
7698,348.842408
7699,348.918338
7700,348.978158
7701,349.02399
7702,349.057242
7703,349.078787
7704,349.089053
7705,349.088059
7706,349.075414
7707,349.050281
7708,349.011289
7709,348.956356
7710,348.88234
7711,348.784274
7712,348.653577
7713,348.54866
7714,348.464612
7715,348.397139
7716,348.342911
7717,348.299396
7718,348.264653
7719,348.237171
7720,348.215747
7721,348.199399
7722,348.187302
7723,348.178737
7724,348.173054
7725,348.169642
7726,348.167904
7727,348.167259
7728,348.167137
7729,348.166993
7730,348.166329
7731,348.164708
7732,348.161757
7733,348.157177
7734,348.150732
7735,348.142241
7736,348.131575
7737,348.118644
7738,348.103391
7739,348.08579
7740,348.065845
7741,348.043584
7742,348.019064
7743,347.992369
7744,347.590807
7745,347.616285
7746,347.643646
7747,347.673079
7748,347.704834
7749,347.739234
7750,347.776689
7751,347.817714
7752,347.862951
7753,347.913205
7754,347.969484
7755,348.033064
7756,348.105586
7757,348.189198
7758,348.286788
7759,348.402336
7760,348.5414
7761,348.649642
7762,348.736223
7763,348.805724
7764,348.860848
7765,348.903347
7766,348.934381
7767,348.954669
7768,348.964564
7769,348.964084
7770,348.952906
7771,348.930342
7772,348.895263
7773,348.845948
7774,348.779738
7775,348.692158
7776,348.574411
7777,348.480511
7778,348.404905
7779,348.343634
7780,348.293833
7781,348.253365
7782,348.220593
7783,348.194225
7784,348.173218
7785,348.156708
7786,348.14396
7787,348.134329
7788,348.127231
7789,348.122122
7790,348.118483
7791,348.115814
7792,348.113636
7793,348.111498
7794,348.108983
7795,348.105724
7796,348.101403
7797,348.095756
7798,348.088573
7799,348.079688
7800,348.068981
7801,348.056367
7802,348.041795
7803,348.025245
7804,348.006725
7805,347.986267
7806,347.963931
7807,347.939796
7808,347.575891
7809,347.600442
7810,347.626769
7811,347.655041
7812,347.68548
7813,347.718371
7814,347.754068
7815,347.793012
7816,347.835741
7817,347.882913
7818,347.935334
7819,347.993987
7820,348.060085
7821,348.135125
7822,348.22097
7823,348.319914
7824,348.434602
7825,348.527371
7826,348.603454
7827,348.665576
7828,348.715464
7829,348.75431
7830,348.782939
7831,348.801878
7832,348.811391
7833,348.811493
7834,348.801948
7835,348.782257
7836,348.751621
7837,348.708877
7838,348.652333
7839,348.579342
7840,348.484896
7841,348.406495
7842,348.34148
7843,348.28756
7844,348.242881
7845,348.205944
7846,348.175526
7847,348.150617
7848,348.130369
7849,348.114056
7850,348.101048
7851,348.09078
7852,348.08274
7853,348.076451
7854,348.07146
7855,348.067338
7856,348.063677
7857,348.060094
7858,348.056239
7859,348.051798
7860,348.046498
7861,348.04011
7862,348.032446
7863,348.023358
7864,348.012736
7865,348.000506
7866,347.986624
7867,347.971076
7868,347.953874
7869,347.93506
7870,347.914693
7871,347.892854
7872,347.560468
7873,347.584059
7874,347.609315
7875,347.636385
7876,347.665467
7877,347.696804
7878,347.730698
7879,347.767513
7880,347.807684
7881,347.851723
7882,347.900222
7883,347.953862
7884,348.013389
7885,348.079557
7886,348.152927
7887,348.233242
7888,348.317401
7889,348.392934
7890,348.457849
7891,348.512261
7892,348.556719
7893,348.591791
7894,348.61794
7895,348.635488
7896,348.644605
7897,348.645304
7898,348.63744
7899,348.620718
7900,348.5947
7901,348.558849
7902,348.512651
7903,348.456045
7904,348.391096
7905,348.330254
7906,348.276602
7907,348.230392
7908,348.191057
7909,348.157833
7910,348.129953
7911,348.106704
7912,348.087445
7913,348.071594
7914,348.058628
7915,348.048067
7916,348.039467
7917,348.032414
7918,348.026513
7919,348.021394
7920,348.016705
7921,348.012119
7922,348.007335
7923,348.002085
7924,347.99613
7925,347.989271
7926,347.981342
7927,347.972212
7928,347.961784
7929,347.949992
7930,347.936801
7931,347.922205
7932,347.906225
7933,347.888909
7934,347.870326
7935,347.850557
7936,347.544598
7937,347.567205
7938,347.591363
7939,347.617208
7940,347.644911
7941,347.674681
7942,347.706771
7943,347.741476
7944,347.779134
7945,347.820123
7946,347.864848
7947,347.913722
7948,347.967104
7949,348.025196
7950,348.087797
7951,348.153826
7952,348.220468
7953,348.282571
7954,348.337738
7955,348.385113
7956,348.424517
7957,348.456036
7958,348.47983
7959,348.496041
7960,348.504756
7961,348.505986
7962,348.499668
7963,348.485684
7964,348.463899
7965,348.434253
7966,348.396954
7967,348.352893
7968,348.3045
7969,348.256929
7970,348.212989
7971,348.173753
7972,348.139411
7973,348.109744
7974,348.084366
7975,348.06283
7976,348.044678
7977,348.029464
7978,348.016763
7979,348.006175
7980,347.99732
7981,347.989836
7982,347.983381
7983,347.977633
7984,347.972286
7985,347.967055
7986,347.96168
7987,347.955925
7988,347.949585
7989,347.942481
7990,347.934469
7991,347.925431
7992,347.915283
7993,347.90397
7994,347.891464
7995,347.877769
7996,347.862917
7997,347.846964
7998,347.829993
7999,347.812099
8000,347.528348
8001,347.549948
8002,347.572991
8003,347.597599
8004,347.623922
8005,347.652142
8006,347.682467
8007,347.715137
8008,347.750408
8009,347.788552
8010,347.829827
8011,347.874444
8012,347.922502
8013,347.973882
8014,348.028072
8015,348.08392
8016,348.139403
8017,348.191831
8018,348.239333
8019,348.280869
8020,348.315937
8021,348.344339
8022,348.366027
8023,348.381014
8024,348.389323
8025,348.390963
8026,348.385933
8027,348.374245
8028,348.355966
8029,348.331318
8030,348.300825
8031,348.265552
8032,348.227388
8033,348.189028
8034,348.152494
8035,348.118928
8036,348.088829
8037,348.062296
8038,348.039202
8039,348.019297
8040,348.002271
8041,347.987788
8042,347.975508
8043,347.965095
8044,347.956223
8045,347.948578
8046,347.941861
8047,347.935785
8048,347.930083
8049,347.924503
8050,347.918815
8051,347.912811
8052,347.906309
8053,347.899151
8054,347.891208
8055,347.882375
8056,347.872579
8057,347.861773
8058,347.849939
8059,347.837088
8060,347.823263
8061,347.808537
8062,347.793012
8063,347.776812
8064,347.51178
8065,347.532355
8066,347.55427
8067,347.577639
8068,347.602598
8069,347.629304
8070,347.657936
8071,347.688689
8072,347.721764
8073,347.757356
8074,347.795622
8075,347.836649
8076,347.880386
8077,347.926563
8078,347.974582
8079,348.023409
8080,348.071552
8081,348.117284
8082,348.159169
8083,348.19622
8084,348.227835
8085,348.25368
8086,348.273594
8087,348.287509
8088,348.295407
8089,348.297298
8090,348.29322
8091,348.283259
8092,348.267598
8093,348.246589
8094,348.220855
8095,348.191399
8096,348.159668
8097,348.127396
8098,348.096073
8099,348.066724
8100,348.039933
8101,348.01595
8102,347.994794
8103,347.976341
8104,347.960383
8105,347.946663
8106,347.934902
8107,347.924815
8108,347.916118
8109,347.908533
8110,347.901793
8111,347.895642
8112,347.889838
8113,347.884158
8114,347.878393
8115,347.872357
8116,347.865885
8117,347.858835
8118,347.85109
8119,347.842558
8120,347.833171
8121,347.82289
8122,347.811705
8123,347.799634
8124,347.78673
8125,347.77308
8126,347.758819
8127,347.744122
8128,347.494958
8129,347.514487
8130,347.535262
8131,347.557395
8132,347.581012
8133,347.606257
8134,347.633286
8135,347.66227
8136,347.693376
8137,347.726755
8138,347.762516
8139,347.800684
8140,347.841146
8141,347.883585
8142,347.927404
8143,347.971678
8144,348.015189
8145,348.056594
8146,348.0947
8147,348.128602
8148,348.15769
8149,348.181591
8150,348.200099
8151,348.213114
8152,348.220598
8153,348.222562
8154,348.219059
8155,348.210209
8156,348.196236
8157,348.177531
8158,348.15472
8159,348.128721
8160,348.100738
8161,348.072119
8162,348.044078
8163,348.017534
8164,347.993068
8165,347.970977
8166,347.951345
8167,347.934109
8168,347.919113
8169,347.906145
8170,347.894965
8171,347.88532
8172,347.876954
8173,347.869614
8174,347.863056
8175,347.857045
8176,347.85136
8177,347.845795
8178,347.840158
8179,347.834279
8180,347.828005
8181,347.821205
8182,347.813772
8183,347.80562
8184,347.79669
8185,347.786946
8186,347.776381
8187,347.765018
8188,347.752914
8189,347.74017
8190,347.726945
8191,347.713495
8192,347.654716
8193,347.682015
8194,347.708559
8195,347.734273
8196,347.759025
8197,347.782641
8198,347.804923
8199,347.825666
8200,347.844677
8201,347.861786
8202,347.87685
8203,347.889764
8204,347.900454
8205,347.908883
8206,347.91505
8207,347.918989
8208,347.920772
8209,347.920508
8210,347.918343
8211,347.91446
8212,347.909079
8213,347.902443
8214,347.894813
8215,347.886449
8216,347.877601
8217,347.868491
8218,347.859313
8219,347.850232
8220,347.841379
8221,347.83286
8222,347.824755
8223,347.817123
8224,347.810006
8225,347.803429
8226,347.797404
8227,347.791933
8228,347.787007
8229,347.78261
8230,347.778715
8231,347.775292
8232,347.7723
8233,347.769689
8234,347.767404
8235,347.765378
8236,347.763536
8237,347.761792
8238,347.76005
8239,347.758207
8240,347.756155
8241,347.753785
8242,347.750992
8243,347.747685
8244,347.74378
8245,347.739213
8246,347.733929
8247,347.727894
8248,347.721085
8249,347.713495
8250,347.705137
8251,347.696039
8252,347.686254
8253,347.675866
8254,347.665
8255,347.65386
8256,347.678955
8257,347.707687
8258,347.735685
8259,347.762848
8260,347.789025
8261,347.814019
8262,347.837612
8263,347.859578
8264,347.879707
8265,347.897816
8266,347.913755
8267,347.92741
8268,347.938707
8269,347.947604
8270,347.954102
8271,347.958236
8272,347.960079
8273,347.959747
8274,347.957393
8275,347.953213
8276,347.947438
8277,347.940333
8278,347.93218
8279,347.923263
8280,347.913848
8281,347.904172
8282,347.894442
8283,347.884827
8284,347.875467
8285,347.86647
8286,347.857918
8287,347.849873
8288,347.842375
8289,347.835452
8290,347.829114
8291,347.823363
8292,347.81819
8293,347.813576
8294,347.809494
8295,347.805911
8296,347.802784
8297,347.800063
8298,347.797688
8299,347.79559
8300,347.79369
8301,347.791897
8302,347.790109
8303,347.788217
8304,347.786102
8305,347.783649
8306,347.780744
8307,347.777287
8308,347.773193
8309,347.76839
8310,347.762823
8311,347.756454
8312,347.749258
8313,347.741228
8314,347.732374
8315,347.722723
8316,347.712323
8317,347.701247
8318,347.689598
8319,347.677512
8320,347.702831
8321,347.732962
8322,347.762406
8323,347.791039
8324,347.818686
8325,347.845123
8326,347.870096
8327,347.893351
8328,347.914655
8329,347.933809
8330,347.950656
8331,347.965075
8332,347.976987
8333,347.986353
8334,347.993169
8335,347.997473
8336,347.99934
8337,347.99889
8338,347.996282
8339,347.991724
8340,347.985464
8341,347.977791
8342,347.969019
8343,347.959461
8344,347.949408
8345,347.939114
8346,347.928793
8347,347.918623
8348,347.908745
8349,347.899269
8350,347.890278
8351,347.881833
8352,347.873975
8353,347.866727
8354,347.860102
8355,347.854099
8356,347.848706
8357,347.843905
8358,347.839667
8359,347.835956
8360,347.832728
8361,347.829932
8362,347.827505
8363,347.825376
8364,347.823461
8365,347.821667
8366,347.819886
8367,347.817998
8368,347.815875
8369,347.813388
8370,347.810413
8371,347.806843
8372,347.802585
8373,347.797566
8374,347.791726
8375,347.785025
8376,347.777436
8377,347.768951
8378,347.759573
8379,347.749326
8380,347.73825
8381,347.726404
8382,347.713864
8383,347.70072
8384,347.726177
8385,347.757683
8386,347.788567
8387,347.818691
8388,347.847851
8389,347.87579
8390,347.902208
8391,347.92681
8392,347.949336
8393,347.969573
8394,347.987352
8395,348.002551
8396,348.015087
8397,348.024918
8398,348.032042
8399,348.036497
8400,348.038359
8401,348.037748
8402,348.034832
8403,348.029826
8404,348.022997
8405,348.014665
8406,348.005186
8407,347.994913
8408,347.984163
8409,347.973208
8410,347.962271
8411,347.951533
8412,347.941136
8413,347.931188
8414,347.921773
8415,347.912948
8416,347.904752
8417,347.897207
8418,347.890323
8419,347.884096
8420,347.878515
8421,347.873558
8422,347.869195
8423,347.865388
8424,347.862094
8425,347.859257
8426,347.856814
8427,347.854693
8428,347.852807
8429,347.851057
8430,347.849331
8431,347.8475
8432,347.845422
8433,347.842948
8434,347.839945
8435,347.836293
8436,347.831897
8437,347.826678
8438,347.820575
8439,347.813544
8440,347.805557
8441,347.796601
8442,347.786678
8443,347.775803
8444,347.764007
8445,347.751337
8446,347.737847
8447,347.723602
8448,347.748803
8449,347.781654
8450,347.813964
8451,347.845583
8452,347.876285
8453,347.905773
8454,347.933683
8455,347.959671
8456,347.983449
8457,348.004789
8458,348.023515
8459,348.039501
8460,348.052662
8461,348.062957
8462,348.070383
8463,348.074975
8464,348.076813
8465,348.076016
8466,348.072755
8467,348.067253
8468,348.059795
8469,348.050731
8470,348.040476
8471,348.029434
8472,348.017953
8473,348.006317
8474,347.994757
8475,347.983454
8476,347.97255
8477,347.96215
8478,347.952333
8479,347.943155
8480,347.934651
8481,347.92684
8482,347.919728
8483,347.913312
8484,347.907574
8485,347.902493
8486,347.898038
8487,347.894169
8488,347.890839
8489,347.887995
8490,347.885571
8491,347.883492
8492,347.881671
8493,347.880006
8494,347.878378
8495,347.876651
8496,347.874664
8497,347.872247
8498,347.869248
8499,347.865543
8500,347.861028
8501,347.855623
8502,347.849264
8503,347.841906
8504,347.833517
8505,347.824081
8506,347.813594
8507,347.802068
8508,347.789525
8509,347.775999
8510,347.761532
8511,347.746174
8512,347.770495
8513,347.804646
8514,347.838347
8515,347.871437
8516,347.903675
8517,347.934725
8518,347.964143
8519,347.991523
8520,348.016552
8521,348.038992
8522,348.058661
8523,348.07543
8524,348.089214
8525,348.099969
8526,348.107693
8527,348.112421
8528,348.114231
8529,348.113243
8530,348.109629
8531,348.103617
8532,348.095506
8533,348.085675
8534,348.074618
8535,348.062796
8536,348.050584
8537,348.038279
8538,348.026114
8539,348.01427
8540,348.002887
8541,347.992066
8542,347.981883
8543,347.972388
8544,347.963612
8545,347.955572
8546,347.94827
8547,347.941699
8548,347.935841
8549,347.930671
8550,347.926156
8551,347.922255
8552,347.918922
8553,347.9161
8554,347.913724
8555,347.911717
8556,347.909991
8557,347.908441
8558,347.906943
8559,347.905353
8560,347.903496
8561,347.901164
8562,347.898194
8563,347.894452
8564,347.889832
8565,347.88425
8566,347.87764
8567,347.869955
8568,347.861161
8569,347.851238
8570,347.840179
8571,347.827988
8572,347.814683
8573,347.800287
8574,347.784835
8575,347.768368
8576,347.791026
8577,347.826412
8578,347.861439
8579,347.895937
8580,347.929648
8581,347.962195
8582,347.993062
8583,348.021787
8584,348.04803
8585,348.07154
8586,348.092129
8587,348.109664
8588,348.12406
8589,348.135272
8590,348.143296
8591,348.148167
8592,348.149962
8593,348.148802
8594,348.144861
8595,348.138373
8596,348.129649
8597,348.119101
8598,348.107291
8599,348.094738
8600,348.081843
8601,348.068915
8602,348.056192
8603,348.043856
8604,348.032042
8605,348.020848
8606,348.010345
8607,348.000579
8608,347.991577
8609,347.983351
8610,347.975901
8611,347.969214
8612,347.963273
8613,347.958049
8614,347.953508
8615,347.949608
8616,347.9463
8617,347.943527
8618,347.941224
8619,347.939312
8620,347.937701
8621,347.936283
8622,347.934931
8623,347.933489
8624,347.931769
8625,347.929531
8626,347.926596
8627,347.922825
8628,347.918105
8629,347.91235
8630,347.905492
8631,347.89748
8632,347.888278
8633,347.877865
8634,347.866228
8635,347.853368
8636,347.839296
8637,347.82403
8638,347.807599
8639,347.79004
8640,347.81017
8641,347.846707
8642,347.882967
8643,347.918773
8644,347.953844
8645,347.987768
8646,348.019973
8647,348.049951
8648,348.077337
8649,348.10186
8650,348.123327
8651,348.1416
8652,348.156591
8653,348.168254
8654,348.176586
8655,348.181619
8656,348.18343
8657,348.182142
8658,348.17793
8659,348.171039
8660,348.161795
8661,348.150642
8662,348.138191
8663,348.125007
8664,348.111518
8665,348.09805
8666,348.084846
8667,348.072088
8668,348.05991
8669,348.048407
8670,348.037644
8671,348.027663
8672,348.018488
8673,348.010126
8674,348.002573
8675,347.995816
8676,347.989831
8677,347.98459
8678,347.980056
8679,347.976187
8680,347.972931
8681,347.970232
8682,347.968021
8683,347.96622
8684,347.964736
8685,347.963458
8686,347.962252
8687,347.960953
8688,347.959357
8689,347.957204
8690,347.9543
8691,347.950495
8692,347.945674
8693,347.939744
8694,347.932636
8695,347.924296
8696,347.914686
8697,347.903781
8698,347.891566
8699,347.878039
8700,347.863204
8701,347.847077
8702,347.829683
8703,347.811056
8704,347.827716
8705,347.865303
8706,347.902685
8707,347.939673
8708,347.975966
8709,348.011122
8710,348.04453
8711,348.075645
8712,348.104076
8713,348.129538
8714,348.151826
8715,348.170798
8716,348.186362
8717,348.198472
8718,348.207121
8719,348.212344
8720,348.214217
8721,348.212863
8722,348.208464
8723,348.201272
8724,348.191632
8725,348.180012
8726,348.167062
8727,348.15338
8728,348.13942
8729,348.125522
8730,348.111938
8731,348.09885
8732,348.086393
8733,348.074658
8734,348.063707
8735,348.053579
8736,348.044291
8737,348.03585
8738,348.028246
8739,348.021464
8740,348.015479
8741,348.010259
8742,348.005767
8743,348.001958
8744,347.99878
8745,347.996174
8746,347.994072
8747,347.992393
8748,347.99104
8749,347.989901
8750,347.988833
8751,347.987663
8752,347.986173
8753,347.984087
8754,347.981199
8755,347.977351
8756,347.97242
8757,347.966311
8758,347.958949
8759,347.95028
8760,347.940261
8761,347.928866
8762,347.916077
8763,347.901887
8764,347.886301
8765,347.869329
8766,347.850995
8767,347.831333
8768,347.843479
8769,347.882004
8770,347.920379
8771,347.958409
8772,347.995774
8773,348.03201
8774,348.066474
8775,348.098595
8776,348.12796
8777,348.154271
8778,348.177313
8779,348.196937
8780,348.213049
8781,348.2256
8782,348.234583
8783,348.240031
8784,348.242021
8785,348.240679
8786,348.236192
8787,348.228821
8788,348.218924
8789,348.206993
8790,348.193701
8791,348.179675
8792,348.165387
8793,348.151192
8794,348.137347
8795,348.12404
8796,348.111404
8797,348.099528
8798,348.088472
8799,348.078271
8800,348.06894
8801,348.060481
8802,348.052883
8803,348.046127
8804,348.040186
8805,348.035027
8806,348.030611
8807,348.026891
8808,348.023814
8809,348.021321
8810,348.01934
8811,348.017789
8812,348.01657
8813,348.015562
8814,348.014619
8815,348.01356
8816,348.012154
8817,348.010115
8818,348.007226
8819,348.00332
8820,347.998269
8821,347.991971
8822,347.984351
8823,347.975349
8824,347.964923
8825,347.953041
8826,347.939684
8827,347.924843
8828,347.90852
8829,347.890724
8830,347.871478
8831,347.850816
8832,347.857307
8833,347.896647
8834,347.935881
8835,347.974805
8836,348.013086
8837,348.050242
8838,348.08561
8839,348.1186
8840,348.148781
8841,348.175843
8842,348.199563
8843,348.219788
8844,348.236419
8845,348.249407
8846,348.258741
8847,348.264456
8848,348.266628
8849,348.265387
8850,348.260923
8851,348.253504
8852,348.243502
8853,348.231422
8854,348.217957
8855,348.203751
8856,348.189293
8857,348.174947
8858,348.160977
8859,348.147574
8860,348.13487
8861,348.122955
8862,348.111887
8863,348.101696
8864,348.092396
8865,348.083986
8866,348.076453
8867,348.069776
8868,348.063927
8869,348.05887
8870,348.054564
8871,348.050963
8872,348.048011
8873,348.045647
8874,348.043798
8875,348.04238
8876,348.041291
8877,348.040406
8878,348.039575
8879,348.038607
8880,348.037264
8881,348.035251
8882,348.03234
8883,348.02836
8884,348.023175
8885,348.01668
8886,348.008796
8887,347.99946
8888,347.988626
8889,347.976262
8890,347.962346
8891,347.946867
8892,347.929826
8893,347.911231
8894,347.891104
8895,347.86948
8896,347.869082
8897,347.90911
8898,347.949061
8899,347.988726
8900,348.027766
8901,348.065683
8902,348.101802
8903,348.135518
8904,348.166392
8905,348.194104
8906,348.218424
8907,348.239195
8908,348.256316
8909,348.269734
8910,348.27944
8911,348.285467
8912,348.287893
8913,348.286847
8914,348.282524
8915,348.275197
8916,348.265245
8917,348.253184
8918,348.239719
8919,348.225506
8920,348.211043
8921,348.196703
8922,348.182753
8923,348.169387
8924,348.156737
8925,348.144893
8926,348.13391
8927,348.123819
8928,348.11463
8929,348.10634
8930,348.098936
8931,348.092394
8932,348.086685
8933,348.081772
8934,348.077612
8935,348.074158
8936,348.071353
8937,348.069135
8938,348.067428
8939,348.066146
8940,348.065184
8941,348.064414
8942,348.063679
8943,348.062783
8944,348.061483
8945,348.059473
8946,348.056523
8947,348.052451
8948,348.047119
8949,348.040418
8950,348.032264
8951,348.022591
8952,348.011353
8953,347.998513
8954,347.984049
8955,347.967948
8956,347.950209
8957,347.930841
8958,347.909865
8959,347.887319
8960,347.878723
8961,347.919306
8962,347.959831
8963,348.000085
8964,348.039722
8965,348.07824
8966,348.114956
8967,348.149258
8968,348.1807
8969,348.208956
8970,348.233795
8971,348.255055
8972,348.272635
8973,348.286481
8974,348.296581
8975,348.302969
8976,348.305722
8977,348.304971
8978,348.300911
8979,348.293819
8980,348.284076
8981,348.272206
8982,348.258918
8983,348.244873
8984,348.230578
8985,348.216405
8986,348.202628
8987,348.189438
8988,348.17697
8989,348.165312
8990,348.154519
8991,348.14462
8992,348.135624
8993,348.127529
8994,348.120319
8995,348.11397
8996,348.10845
8997,348.103723
8998,348.099746
8999,348.096469
9000,348.093834
9001,348.091777
9002,348.090222
9003,348.089079
9004,348.088241
9005,348.087576
9006,348.086924
9007,348.086084
9008,348.084806
9009,348.082782
9010,348.079772
9011,348.075594
9012,348.070103
9013,348.063187
9014,348.054758
9015,348.044749
9016,348.033109
9017,348.019801
9018,348.004801
9019,347.988094
9020,347.969679
9021,347.949566
9022,347.927775
9023,347.904346
9024,347.886184
9025,347.927189
9026,347.968142
9027,348.00883
9028,348.048905
9029,348.087865
9030,348.125024
9031,348.159769
9032,348.191653
9033,348.220349
9034,348.245624
9035,348.267318
9036,348.285326
9037,348.299594
9038,348.310113
9039,348.316912
9040,348.320069
9041,348.319715
9042,348.316043
9043,348.309331
9044,348.29996
9045,348.288452
9046,348.275519
9047,348.261823
9048,348.247868
9049,348.23403
9050,348.220579
9051,348.20771
9052,348.195554
9053,348.184201
9054,348.173704
9055,348.164092
9056,348.155375
9057,348.14755
9058,348.1406
9059,348.134501
9060,348.129222
9061,348.124725
9062,348.120966
9063,348.117895
9064,348.115454
9065,348.113576
9066,348.112182
9067,348.111183
9068,348.110466
9069,348.1099
9070,348.109319
9071,348.108519
9072,348.107247
9073,348.105189
9074,348.102106
9075,348.097807
9076,348.092146
9077,348.085008
9078,348.076301
9079,348.065956
9080,348.053919
9081,348.040152
9082,348.024629
9083,348.007335
9084,347.988267
9085,347.967435
9086,347.944863
9087,347.920589
9088,347.891458
9089,347.932751
9090,347.973986
9091,348.014952
9092,348.055306
9093,348.094548
9094,348.131996
9095,348.167042
9096,348.199242
9097,348.228273
9098,348.253902
9099,348.275972
9100,348.294378
9101,348.309067
9102,348.320027
9103,348.327289
9104,348.330928
9105,348.331074
9106,348.327917
9107,348.321731
9108,348.312894
9109,348.301923
9110,348.289525
9111,348.276356
9112,348.262918
9113,348.24958
9114,348.236613
9115,348.224207
9116,348.212496
9117,348.201566
9118,348.191471
9119,348.182243
9120,348.17389
9121,348.166409
9122,348.159786
9123,348.153996
9124,348.149008
9125,348.144785
9126,348.141281
9127,348.138447
9128,348.136223
9129,348.134541
9130,348.133321
9131,348.13247
9132,348.131875
9133,348.131401
9134,348.130881
9135,348.130109
9136,348.128828
9137,348.126724
9138,348.123552
9139,348.119122
9140,348.113283
9141,348.105917
9142,348.096931
9143,348.086253
9144,348.073826
9145,348.05961
9146,348.043578
9147,348.025715
9148,348.006017
9149,347.984494
9150,347.961171
9151,347.936089
9152,347.894571
9153,347.936019
9154,347.977392
9155,348.018482
9156,348.058955
9157,348.098319
9158,348.135902
9159,348.171107
9160,348.203498
9161,348.232758
9162,348.258661
9163,348.28105
9164,348.299824
9165,348.31493
9166,348.326357
9167,348.334133
9168,348.338333
9169,348.339082
9170,348.336566
9171,348.331053
9172,348.322913
9173,348.312653
9174,348.30097
9175,348.288508
9176,348.27576
9177,348.263089
9178,348.25076
9179,348.238961
9180,348.227822
9181,348.217433
9182,348.207846
9183,348.199095
9184,348.191189
9185,348.184127
9186,348.177895
9187,348.172471
9188,348.167825
9189,348.163918
9190,348.160708
9191,348.158141
9192,348.156159
9193,348.154692
9194,348.153659
9195,348.152964
9196,348.152494
9197,348.15211
9198,348.151644
9199,348.150889
9200,348.149588
9201,348.147425
9202,348.144155
9203,348.139585
9204,348.133564
9205,348.125969
9206,348.116706
9207,348.105699
9208,348.09289
9209,348.078237
9210,348.061711
9211,348.043297
9212,348.02299
9213,348.000803
9214,347.97676
9215,347.950904
9216,347.895589
9217,347.937061
9218,347.978428
9219,348.019491
9220,348.059923
9221,348.099249
9222,348.136813
9223,348.172036
9224,348.204493
9225,348.233879
9226,348.259975
9227,348.282629
9228,348.301743
9229,348.317265
9230,348.329182
9231,348.337524
9232,348.342361
9233,348.343814
9234,348.342064
9235,348.33737
9236,348.33009
9237,348.320715
9238,348.309925
9239,348.298349
9240,348.286463
9241,348.274621
9242,348.26308
9243,348.252024
9244,348.241584
9245,348.231847
9246,348.222869
9247,348.214684
9248,348.207305
9249,348.200732
9250,348.194955
9251,348.189953
9252,348.185697
9253,348.18215
9254,348.179269
9255,348.177001
9256,348.175288
9257,348.174057
9258,348.173226
9259,348.172699
9260,348.172358
9261,348.172065
9262,348.17165
9263,348.170907
9264,348.169577
9265,348.167348
9266,348.163973
9267,348.15926
9268,348.153054
9269,348.145232
9270,348.135696
9271,348.124368
9272,348.111188
9273,348.096112
9274,348.079108
9275,348.060161
9276,348.039267
9277,348.016439
9278,347.991703
9279,347.965105
9280,347.894613
9281,347.935984
9282,347.977207
9283,348.018091
9284,348.058325
9285,348.097453
9286,348.134846
9287,348.169945
9288,348.202347
9289,348.231759
9290,348.257972
9291,348.280839
9292,348.300266
9293,348.316201
9294,348.328633
9295,348.337589
9296,348.343137
9297,348.345394
9298,348.344532
9299,348.3408
9300,348.334539
9301,348.326222
9302,348.316501
9303,348.305984
9304,348.295126
9305,348.284268
9306,348.273658
9307,348.263476
9308,348.25385
9309,348.24487
9310,348.236595
9311,348.22906
9312,348.222282
9313,348.216266
9314,348.211003
9315,348.206474
9316,348.202655
9317,348.199509
9318,348.196994
9319,348.195059
9320,348.193641
9321,348.19267
9322,348.192061
9323,348.191715
9324,348.191514
9325,348.191317
9326,348.190954
9327,348.19022
9328,348.188859
9329,348.186559
9330,348.183078
9331,348.178223
9332,348.171837
9333,348.163795
9334,348.153995
9335,348.142358
9336,348.128819
9337,348.113333
9338,348.095868
9339,348.076406
9340,348.054946
9341,348.031499
9342,348.006094
9343,347.978779
9344,347.891783
9345,347.932936
9346,347.973882
9347,348.014442
9348,348.054322
9349,348.093096
9350,348.130167
9351,348.165007
9352,348.197237
9353,348.226581
9354,348.252839
9355,348.275872
9356,348.295587
9357,348.311936
9358,348.324905
9359,348.33452
9360,348.340849
9361,348.344001
9362,348.344143
9363,348.341509
9364,348.336423
9365,348.32933
9366,348.32085
9367,348.311558
9368,348.301885
9369,348.292155
9370,348.282607
9371,348.273416
9372,348.264712
9373,348.256584
9374,348.249095
9375,348.242285
9376,348.236177
9377,348.230776
9378,348.226081
9379,348.222076
9380,348.218738
9381,348.216033
9382,348.21392
9383,348.212349
9384,348.211257
9385,348.210572
9386,348.210208
9387,348.210063
9388,348.210016
9389,348.209926
9390,348.209623
9391,348.2089
9392,348.207509
9393,348.205142
9394,348.20156
9395,348.196569
9396,348.190013
9397,348.181764
9398,348.171715
9399,348.159783
9400,348.145902
9401,348.130023
9402,348.112113
9403,348.092154
9404,348.070145
9405,348.046098
9406,348.020045
9407,347.992035
9408,347.887275
9409,347.928102
9410,347.968652
9411,348.008752
9412,348.048133
9413,348.086401
9414,348.123005
9415,348.157459
9416,348.189411
9417,348.218602
9418,348.244843
9419,348.268
9420,348.287984
9421,348.304745
9422,348.318271
9423,348.328588
9424,348.335758
9425,348.339888
9426,348.341138
9427,348.339728
9428,348.335962
9429,348.330251
9430,348.323173
9431,348.315259
9432,348.306913
9433,348.298438
9434,348.290066
9435,348.281969
9436,348.274277
9437,348.267082
9438,348.260453
9439,348.254434
9440,348.249052
9441,348.244321
9442,348.240242
9443,348.236804
9444,348.233986
9445,348.23176
9446,348.230086
9447,348.228912
9448,348.228177
9449,348.227808
9450,348.227716
9451,348.227797
9452,348.227928
9453,348.227964
9454,348.227733
9455,348.227034
9456,348.225622
9457,348.223198
9458,348.219527
9459,348.214418
9460,348.20771
9461,348.199272
9462,348.188994
9463,348.176788
9464,348.162584
9465,348.146331
9466,348.127994
9467,348.107555
9468,348.085011
9469,348.060379
9470,348.033692
9471,348.005003
9472,347.8813
9473,347.921709
9474,347.961756
9475,348.00128
9476,348.040031
9477,348.077656
9478,348.113664
9479,348.147621
9480,348.179206
9481,348.208176
9482,348.234351
9483,348.2576
9484,348.277836
9485,348.295011
9486,348.309113
9487,348.320164
9488,348.328227
9489,348.333404
9490,348.335847
9491,348.335767
9492,348.333446
9493,348.32926
9494,348.323726
9495,348.317321
9496,348.310417
9497,348.303301
9498,348.296197
9499,348.289276
9500,348.282669
9501,348.276474
9502,348.270763
9503,348.265587
9504,348.260981
9505,348.256963
9506,348.25354
9507,348.250706
9508,348.248447
9509,348.246734
9510,348.245531
9511,348.244788
9512,348.244444
9513,348.244424
9514,348.244638
9515,348.244977
9516,348.245317
9517,348.245508
9518,348.245377
9519,348.244722
9520,348.243306
9521,348.240847
9522,348.237113
9523,348.231912
9524,348.225082
9525,348.216484
9526,348.206004
9527,348.193549
9528,348.179046
9529,348.162439
9530,348.143693
9531,348.122788
9532,348.099724
9533,348.074518
9534,348.047205
9535,348.017844
9536,347.874093
9537,347.91401
9538,347.953476
9539,347.992337
9540,348.030361
9541,348.067233
9542,348.102548
9543,348.135931
9544,348.167087
9545,348.195789
9546,348.221864
9547,348.245184
9548,348.265664
9549,348.283256
9550,348.297948
9551,348.30976
9552,348.318752
9553,348.325024
9554,348.328722
9555,348.330046
9556,348.329261
9557,348.326708
9558,348.322822
9559,348.318019
9560,348.312638
9561,348.306953
9562,348.301182
9563,348.295494
9564,348.290025
9565,348.284876
9566,348.280126
9567,348.275834
9568,348.272039
9569,348.268768
9570,348.266033
9571,348.263836
9572,348.262164
9573,348.260996
9574,348.260296
9575,348.260017
9576,348.260099
9577,348.260466
9578,348.261024
9579,348.261664
9580,348.262254
9581,348.262643
9582,348.262653
9583,348.262081
9584,348.260696
9585,348.258239
9586,348.254484
9587,348.249234
9588,348.242321
9589,348.233601
9590,348.222955
9591,348.210282
9592,348.195507
9593,348.17857
9594,348.159433
9595,348.138077
9596,348.114502
9597,348.088727
9598,348.060791
9599,348.030756
9600,347.865906
9601,347.905279
9602,347.944115
9603,347.982268
9604,348.019527
9605,348.055616
9606,348.090209
9607,348.122989
9608,348.153694
9609,348.182109
9610,348.208069
9611,348.231453
9612,348.252176
9613,348.27019
9614,348.285482
9615,348.298071
9616,348.308014
9617,348.315407
9618,348.320389
9619,348.323148
9620,348.323929
9621,348.323037
9622,348.32083
9623,348.31766
9624,348.313837
9625,348.309618
9626,348.305211
9627,348.300789
9628,348.296486
9629,348.292412
9630,348.288649
9631,348.285265
9632,348.282305
9633,348.279804
9634,348.27778
9635,348.276242
9636,348.275183
9637,348.274586
9638,348.274419
9639,348.274637
9640,348.275181
9641,348.275974
9642,348.276922
9643,348.277911
9644,348.278807
9645,348.279451
9646,348.279665
9647,348.279242
9648,348.277956
9649,348.275567
9650,348.271851
9651,348.266611
9652,348.259669
9653,348.250877
9654,348.240107
9655,348.227255
9656,348.212238
9657,348.194997
9658,348.175489
9659,348.153695
9660,348.129615
9661,348.103272
9662,348.074707
9663,348.043987
9664,347.856988
9665,347.895788
9666,347.933975
9667,347.971416
9668,348.007922
9669,348.043258
9670,348.077156
9671,348.109353
9672,348.139617
9673,348.167752
9674,348.193605
9675,348.217058
9676,348.23803
9677,348.256473
9678,348.272371
9679,348.285744
9680,348.296644
9681,348.305161
9682,348.311425
9683,348.315609
9684,348.317935
9685,348.318668
9686,348.318107
9687,348.316552
9688,348.314276
9689,348.311519
9690,348.30848
9691,348.305328
9692,348.302199
9693,348.299206
9694,348.29644
9695,348.293973
9696,348.291858
9697,348.290138
9698,348.288839
9699,348.287974
9700,348.287546
9701,348.28754
9702,348.287931
9703,348.288676
9704,348.289718
9705,348.29098
9706,348.292368
9707,348.293764
9708,348.29503
9709,348.296005
9710,348.296503
9711,348.296317
9712,348.295223
9713,348.292991
9714,348.289398
9715,348.28424
9716,348.277337
9717,348.268532
9718,348.257689
9719,348.244701
9720,348.229479
9721,348.21196
9722,348.192101
9723,348.169881
9724,348.145302
9725,348.118386
9726,348.08918
9727,348.057754
9728,347.847576
9729,347.88579
9730,347.923334
9731,347.960085
9732,347.99588
9733,348.030518
9734,348.063778
9735,348.09544
9736,348.1253
9737,348.153185
9738,348.178952
9739,348.202491
9740,348.223725
9741,348.242605
9742,348.259115
9743,348.273271
9744,348.285121
9745,348.294747
9746,348.302267
9747,348.307838
9748,348.311655
9749,348.313947
9750,348.314967
9751,348.31497
9752,348.314199
9753,348.312871
9754,348.311174
9755,348.309273
9756,348.307304
9757,348.305382
9758,348.303604
9759,348.302047
9760,348.300775
9761,348.299834
9762,348.299261
9763,348.299076
9764,348.299287
9765,348.299888
9766,348.300857
9767,348.302156
9768,348.30373
9769,348.305505
9770,348.307385
9771,348.309251
9772,348.310962
9773,348.31235
9774,348.313227
9775,348.313381
9776,348.312588
9777,348.310615
9778,348.30724
9779,348.302253
9780,348.295466
9781,348.286715
9782,348.275859
9783,348.262782
9784,348.247395
9785,348.229628
9786,348.209438
9787,348.186804
9788,348.161726
9789,348.134231
9790,348.104367
9791,348.072206
9792,347.837881
9793,347.875511
9794,347.912432
9795,347.948533
9796,347.983672
9797,348.017681
9798,348.050373
9799,348.081561
9800,348.111072
9801,348.138749
9802,348.164465
9803,348.188116
9804,348.209629
9805,348.228956
9806,348.246081
9807,348.261014
9808,348.273798
9809,348.284504
9810,348.293239
9811,348.300141
9812,348.305379
9813,348.30915
9814,348.311669
9815,348.313156
9816,348.313824
9817,348.313868
9818,348.313468
9819,348.312778
9820,348.311934
9821,348.311055
9822,348.31024
9823,348.309574
9824,348.309126
9825,348.308952
9826,348.309095
9827,348.309585
9828,348.310436
9829,348.311649
9830,348.31321
9831,348.315085
9832,348.317223
9833,348.319553
9834,348.321978
9835,348.324379
9836,348.326612
9837,348.328506
9838,348.329864
9839,348.330469
9840,348.330091
9841,348.328492
9842,348.32544
9843,348.32072
9844,348.314134
9845,348.30551
9846,348.294703
9847,348.28159
9848,348.266078
9849,348.248095
9850,348.227596
9851,348.204558
9852,348.178984
9853,348.1509
9854,348.120357
9855,348.087431
9856,347.828083
9857,347.865141
9858,347.901468
9859,347.936967
9860,347.971513
9861,348.004964
9862,348.037161
9863,348.067946
9864,348.097168
9865,348.124691
9866,348.150397
9867,348.174192
9868,348.196006
9869,348.215793
9870,348.233534
9871,348.249235
9872,348.262931
9873,348.274683
9874,348.284584
9875,348.292752
9876,348.299334
9877,348.304497
9878,348.308426
9879,348.31131
9880,348.313337
9881,348.314683
9882,348.315514
9883,348.31598
9884,348.316212
9885,348.316332
9886,348.316441
9887,348.316629
9888,348.316975
9889,348.317542
9890,348.318381
9891,348.319529
9892,348.321011
9893,348.322835
9894,348.324993
9895,348.327459
9896,348.330186
9897,348.333107
9898,348.336127
9899,348.339129
9900,348.341963
9901,348.344454
9902,348.346399
9903,348.347572
9904,348.347728
9905,348.346619
9906,348.344003
9907,348.339649
9908,348.333353
9909,348.324935
9910,348.314241
9911,348.301146
9912,348.285552
9913,348.267386
9914,348.246599
9915,348.223171
9916,348.197101
9917,348.168418
9918,348.137175
9919,348.103451
9920,347.818328
9921,347.854833
9922,347.890602
9923,347.925549
9924,347.959566
9925,347.99253
9926,348.024307
9927,348.05476
9928,348.083759
9929,348.111182
9930,348.136924
9931,348.160899
9932,348.183039
9933,348.2033
9934,348.221659
9935,348.238118
9936,348.252702
9937,348.265463
9938,348.276477
9939,348.285845
9940,348.293692
9941,348.300161
9942,348.305408
9943,348.309597
9944,348.312895
9945,348.315462
9946,348.31745
9947,348.319002
9948,348.320248
9949,348.321307
9950,348.322287
9951,348.323284
9952,348.32438
9953,348.325649
9954,348.32715
9955,348.32893
9956,348.331022
9957,348.333443
9958,348.336194
9959,348.339256
9960,348.34259
9961,348.346131
9962,348.349791
9963,348.353451
9964,348.356961
9965,348.360142
9966,348.36278
9967,348.364634
9968,348.365446
9969,348.364947
9970,348.362877
9971,348.358992
9972,348.353075
9973,348.344939
9974,348.334423
9975,348.3214
9976,348.305767
9977,348.287449
9978,348.266399
9979,348.242591
9980,348.216029
9981,348.18674
9982,348.154779
9983,348.120226
9984,347.808731
9985,347.844706
9986,347.879956
9987,347.914402
9988,347.947952
9989,347.980499
9990,348.011926
9991,348.042117
9992,348.070956
9993,348.098337
9994,348.124164
9995,348.148357
9996,348.17085
9997,348.191601
9998,348.210581
9999,348.227788
10000,348.243238
10001,348.25697
10002,348.269046
10003,348.27955
10004,348.288585
10005,348.296273
10006,348.302748
10007,348.308151
10008,348.312629
10009,348.316329
10010,348.31939
10011,348.32195
10012,348.324135
10013,348.326065
10014,348.327852
10015,348.329595
10016,348.331386
10017,348.333306
10018,348.335424
10019,348.337796
10020,348.340466
10021,348.34346
10022,348.346788
10023,348.35044
10024,348.354385
10025,348.358566
10026,348.362898
10027,348.367266
10028,348.371519
10029,348.375473
10030,348.378903
10031,348.381552
10032,348.383137
10033,348.383365
10034,348.381949
10035,348.37863
10036,348.373177
10037,348.365395
10038,348.355119
10039,348.342218
10040,348.326587
10041,348.308151
10042,348.28686
10043,348.26269
10044,348.235642
10045,348.205743
10046,348.173049
10047,348.137643
10048,347.799377
10049,347.834849
10050,347.869618
10051,347.903614
10052,347.936755
10053,347.968949
10054,348.000094
10055,348.030089
10056,348.058832
10057,348.086227
10058,348.112187
10059,348.136636
10060,348.159512
10061,348.180769
10062,348.200377
10063,348.218325
10064,348.23462
10065,348.249289
10066,348.26238
10067,348.273959
10068,348.284111
10069,348.292937
10070,348.300551
10071,348.307077
10072,348.312645
10073,348.317385
10074,348.321432
10075,348.324913
10076,348.327954
10077,348.330676
10078,348.333193
10079,348.335611
10080,348.338029
10081,348.340537
10082,348.343214
10083,348.346126
10084,348.349328
10085,348.352856
10086,348.356732
10087,348.360956
10088,348.365504
10089,348.370329
10090,348.375352
10091,348.380462
10092,348.38551
10093,348.390307
10094,348.394618
10095,348.398165
10096,348.400635
10097,348.401697
10098,348.401035
10099,348.398369
10100,348.393455
10101,348.386091
10102,348.376109
10103,348.363375
10104,348.347784
10105,348.329261
10106,348.307754
10107,348.283239
10108,348.255716
10109,348.225212
10110,348.191781
10111,348.155507
10112,347.790325
10113,347.825322
10114,347.859647
10115,347.89324
10116,347.926028
10117,347.957929
10118,347.988856
10119,348.018718
10120,348.047424
10121,348.074887
10122,348.101027
10123,348.125772
10124,348.149061
10125,348.170845
10126,348.191089
10127,348.209774
10128,348.226898
10129,348.242475
10130,348.256538
10131,348.269137
10132,348.28034
10133,348.290228
10134,348.298899
10135,348.30646
10136,348.313024
10137,348.318714
10138,348.323653
10139,348.327964
10140,348.331771
10141,348.335197
10142,348.338358
10143,348.341369
10144,348.344335
10145,348.347355
10146,348.35052
10147,348.353907
10148,348.357582
10149,348.361594
10150,348.365973
10151,348.370733
10152,348.37586
10153,348.381315
10154,348.387028
10155,348.392895
10156,348.398768
10157,348.404458
10158,348.409718
10159,348.414251
10160,348.417703
10161,348.419691
10162,348.419864
10163,348.41792
10164,348.413604
10165,348.406708
10166,348.397063
10167,348.384533
10168,348.369016
10169,348.350435
10170,348.328739
10171,348.303902
10172,348.275922
10173,348.244825
10174,348.210664
10175,348.173522
10176,347.781611
10177,347.816159
10178,347.850077
10179,347.883311
10180,347.915797
10181,347.947461
10182,347.978227
10183,348.008014
10184,348.036739
10185,348.064323
10186,348.09069
10187,348.11577
10188,348.139503
10189,348.161836
10190,348.182728
10191,348.202152
10192,348.220094
10193,348.236555
10194,348.251554
10195,348.265125
10196,348.277318
10197,348.2882
10198,348.297849
10199,348.30636
10200,348.313833
10201,348.32038
10202,348.326116
10203,348.331161
10204,348.335639
10205,348.339672
10206,348.343383
10207,348.346892
10208,348.350315
10209,348.353762
10210,348.357331
10211,348.361115
10212,348.365191
10213,348.369619
10214,348.374443
10215,348.379687
10216,348.385349
10217,348.391401
10218,348.397781
10219,348.404392
10220,348.411093
10221,348.417692
10222,348.423939
10223,348.429513
10224,348.434019
10225,348.436998
10226,348.438058
10227,348.436877
10228,348.433194
10229,348.426797
10230,348.417517
10231,348.405221
10232,348.389804
10233,348.371192
10234,348.349333
10235,348.3242
10236,348.295791
10237,348.264128
10238,348.229261
10239,348.191272
10240,347.773248
10241,347.807375
10242,347.840921
10243,347.873838
10244,347.906067
10245,347.937545
10246,347.968203
10247,347.997968
10248,348.026764
10249,348.054518
10250,348.081157
10251,348.106613
10252,348.130822
10253,348.153728
10254,348.175284
10255,348.195452
10256,348.214207
10257,348.231536
10258,348.247442
10259,348.261943
10260,348.275075
10261,348.286886
10262,348.297442
10263,348.306822
10264,348.315117
10265,348.322428
10266,348.328865
10267,348.334546
10268,348.339592
10269,348.344131
10270,348.348289
10271,348.352195
10272,348.355974
10273,348.359747
10274,348.363626
10275,348.367716
10276,348.372105
10277,348.376868
10278,348.382062
10279,348.387721
10280,348.393855
10281,348.400447
10282,348.407445
10283,348.414759
10284,348.422254
10285,348.429739
10286,348.436959
10287,348.443579
10288,348.449164
10289,348.453146
10290,348.455098
10291,348.454686
10292,348.451641
10293,348.445752
10294,348.436849
10295,348.4248
10296,348.409503
10297,348.390883
10298,348.36889
10299,348.343496
10300,348.314694
10301,348.282506
10302,348.246978
10303,348.208188
10304,347.765235
10305,347.798967
10306,347.832172
10307,347.864808
10308,347.896824
10309,347.928161
10310,347.958759
10311,347.98855
10312,348.017465
10313,348.045436
10314,348.07239
10315,348.09826
10316,348.12298
10317,348.146488
10318,348.168727
10319,348.18965
10320,348.209218
10321,348.227404
10322,348.244195
10323,348.259594
10324,348.273618
10325,348.286303
10326,348.297699
10327,348.307873
10328,348.316905
10329,348.32489
10330,348.331932
10331,348.338146
10332,348.343655
10333,348.34859
10334,348.353085
10335,348.357276
10336,348.3613
10337,348.36529
10338,348.369372
10339,348.373662
10340,348.378265
10341,348.383268
10342,348.38874
10343,348.394728
10344,348.401252
10345,348.408306
10346,348.415846
10347,348.42379
10348,348.432007
10349,348.440307
10350,348.448427
10351,348.45601
10352,348.46258
10353,348.467494
10354,348.470287
10355,348.470606
10356,348.468174
10357,348.462776
10358,348.454243
10359,348.442445
10360,348.427279
10361,348.408673
10362,348.386575
10363,348.360957
10364,348.331811
10365,348.299154
10366,348.263031
10367,348.223517
10368,347.757556
10369,347.790915
10370,347.823809
10371,347.856197
10372,347.888036
10373,347.919273
10374,347.949853
10375,347.979714
10376,348.008793
10377,348.037023
10378,348.064334
10379,348.090657
10380,348.115922
10381,348.140061
10382,348.163008
10383,348.184702
10384,348.205091
10385,348.224131
10386,348.241793
10387,348.258062
10388,348.272941
10389,348.286449
10390,348.298623
10391,348.309519
10392,348.319208
10393,348.327777
10394,348.335327
10395,348.341971
10396,348.347834
10397,348.353052
10398,348.357765
10399,348.362122
10400,348.36627
10401,348.370357
10402,348.374523
10403,348.3789
10404,348.383605
10405,348.388739
10406,348.394383
10407,348.400596
10408,348.40741
10409,348.414825
10410,348.422808
10411,348.431281
10412,348.440115
10413,348.449119
10414,348.458017
10415,348.466433
10416,348.473852
10417,348.479582
10418,348.483122
10419,348.484098
10420,348.482223
10421,348.477278
10422,348.469093
10423,348.457535
10424,348.442505
10425,348.42393
10426,348.401758
10427,348.37596
10428,348.346527
10429,348.313474
10430,348.276842
10431,348.236705
10432,347.750181
10433,347.783189
10434,347.815795
10435,347.847965
10436,347.879659
10437,347.910831
10438,347.94143
10439,347.9714
10440,348.000682
10441,348.029211
10442,348.056917
10443,348.083731
10444,348.109577
10445,348.134379
10446,348.15806
10447,348.180547
10448,348.20177
10449,348.221668
10450,348.240194
10451,348.257314
10452,348.273015
10453,348.287302
10454,348.300199
10455,348.31175
10456,348.322018
10457,348.331083
10458,348.339044
10459,348.346014
10460,348.352119
10461,348.357501
10462,348.36231
10463,348.366705
10464,348.370849
10465,348.374903
10466,348.379025
10467,348.383362
10468,348.388045
10469,348.39319
10470,348.398889
10471,348.405211
10472,348.412197
10473,348.419857
10474,348.428162
10475,348.437039
10476,348.446359
10477,348.455925
10478,348.465453
10479,348.474544
10480,348.482655
10481,348.489058
10482,348.493223
10483,348.494758
10484,348.493364
10485,348.488815
10486,348.480939
10487,348.469602
10488,348.454707
10489,348.436178
10490,348.413964
10491,348.388036
10492,348.358382
10493,348.325016
10494,348.287977
10495,348.247341
10496,347.74307
10497,347.775746
10498,347.808086
10499,347.840061
10500,347.871637
10501,347.902772
10502,347.933422
10503,347.963534
10504,347.993053
10505,348.021915
10506,348.050053
10507,348.077393
10508,348.103854
10509,348.129353
10510,348.1538
10511,348.177106
10512,348.199182
10513,348.219948
10514,348.239337
10515,348.257295
10516,348.273793
10517,348.288819
10518,348.302387
10519,348.314529
10520,348.325301
10521,348.334778
10522,348.343055
10523,348.350245
10524,348.356479
10525,348.361903
10526,348.36668
10527,348.37098
10528,348.374983
10529,348.378868
10530,348.38281
10531,348.386972
10532,348.391503
10533,348.396529
10534,348.402154
10535,348.408458
10536,348.415488
10537,348.423261
10538,348.431751
10539,348.440889
10540,348.450544
10541,348.460515
10542,348.470505
10543,348.480101
10544,348.488734
10545,348.495653
10546,348.500307
10547,348.502284
10548,348.501277
10549,348.497054
10550,348.489438
10551,348.478295
10552,348.463526
10553,348.445057
10554,348.422835
10555,348.396829
10556,348.367028
10557,348.333443
10558,348.296115
10559,348.255116
10560,347.736177
10561,347.768533
10562,347.800624
10563,347.832424
10564,347.863903
10565,347.895025
10566,347.92575
10567,347.956031
10568,347.985814
10569,348.01504
10570,348.04364
10571,348.071538
10572,348.098648
10573,348.124878
10574,348.150123
10575,348.174278
10576,348.197232
10577,348.218882
10578,348.239137
10579,348.257926
10580,348.275198
10581,348.29093
10582,348.30512
10583,348.317794
10584,348.328998
10585,348.338804
10586,348.347303
10587,348.35461
10588,348.360858
10589,348.366202
10590,348.370814
10591,348.374882
10592,348.378602
10593,348.382174
10594,348.385794
10595,348.389643
10596,348.393883
10597,348.398655
10598,348.404074
10599,348.410224
10600,348.417162
10601,348.424906
10602,348.433435
10603,348.44268
10604,348.452508
10605,348.462712
10606,348.472989
10607,348.482909
10608,348.49189
10609,348.499161
10610,348.504155
10611,348.506449
10612,348.505726
10613,348.501748
10614,348.494335
10615,348.483352
10616,348.468699
10617,348.4503
10618,348.428104
10619,348.402077
10620,348.372208
10621,348.338508
10622,348.301015
10623,348.259803
10624,347.729446
10625,347.761494
10626,347.793348
10627,347.824985
10628,347.856382
10629,347.887508
10630,347.918326
10631,347.948795
10632,347.978863
10633,348.008475
10634,348.037561
10635,348.066044
10636,348.093833
10637,348.120825
10638,348.146903
10639,348.171938
10640,348.195798
10641,348.218351
10642,348.239482
10643,348.259095
10644,348.277123
10645,348.293527
10646,348.308296
10647,348.321443
10648,348.333012
10649,348.343066
10650,348.351698
10651,348.35902
10652,348.365171
10653,348.370312
10654,348.374628
10655,348.378322
10656,348.381614
10657,348.384727
10658,348.38788
10659,348.391273
10660,348.395085
10661,348.399468
10662,348.404543
10663,348.410403
10664,348.417106
10665,348.424676
10666,348.433092
10667,348.442283
10668,348.452115
10669,348.462377
10670,348.472759
10671,348.482822
10672,348.491972
10673,348.499427
10674,348.504609
10675,348.507087
10676,348.506537
10677,348.502717
10678,348.495446
10679,348.484585
10680,348.470034
10681,348.451717
10682,348.429581
10683,348.403592
10684,348.37374
10685,348.340032
10686,348.302507
10687,348.261239
10688,347.722818
10689,347.754564
10690,347.786187
10691,347.817671
10692,347.848995
10693,347.880133
10694,347.911054
10695,347.941721
10696,347.972087
10697,348.002097
10698,348.031686
10699,348.060774
10700,348.089265
10701,348.117046
10702,348.143986
10703,348.169934
10704,348.194729
10705,348.218206
10706,348.240219
10707,348.260652
10708,348.279417
10709,348.296462
10710,348.311764
10711,348.325331
10712,348.337198
10713,348.347426
10714,348.356104
10715,348.363345
10716,348.369292
10717,348.374112
10718,348.378001
10719,348.381183
10720,348.383901
10721,348.38641
10722,348.388952
10723,348.391751
10724,348.394999
10725,348.398858
10726,348.403457
10727,348.408891
10728,348.415221
10729,348.42247
10730,348.430618
10731,348.439593
10732,348.449259
10733,348.459402
10734,348.469705
10735,348.479728
10736,348.488868
10737,348.496338
10738,348.501555
10739,348.504081
10740,348.503592
10741,348.499841
10742,348.492645
10743,348.481866
10744,348.467402
10745,348.449177
10746,348.427137
10747,348.401248
10748,348.371498
10749,348.337896
10750,348.300477
10751,348.259315
10752,347.716229
10753,347.747676
10754,347.77907
10755,347.810402
10756,347.841653
10757,347.872805
10758,347.903831
10759,347.934697
10760,347.965362
10761,347.995775
10762,348.025872
10763,348.055571
10764,348.084775
10765,348.113363
10766,348.141188
10767,348.168077
10768,348.193832
10769,348.218251
10770,348.241152
10771,348.262395
10772,348.281874
10773,348.299525
10774,348.315317
10775,348.329249
10776,348.341351
10777,348.351682
10778,348.360327
10779,348.3674
10780,348.373044
10781,348.377432
10782,348.380774
10783,348.38331
10784,348.385314
10785,348.387078
10786,348.388875
10787,348.390949
10788,348.393508
10789,348.396718
10790,348.400715
10791,348.405594
10792,348.411416
10793,348.418203
10794,348.425934
10795,348.434533
10796,348.443864
10797,348.45371
10798,348.463755
10799,348.473555
10800,348.482508
10801,348.489825
10802,348.494921
10803,348.497361
10804,348.496817
10805,348.493044
10806,348.485857
10807,348.475119
10808,348.460727
10809,348.442604
10810,348.420697
10811,348.394971
10812,348.365413
10813,348.33203
10814,348.294857
10815,348.253969
10816,347.709614
10817,347.740758
10818,347.771921
10819,347.803095
10820,347.834269
10821,347.865428
10822,347.896549
10823,347.927606
10824,347.958561
10825,347.989367
10826,348.019961
10827,348.050265
10828,348.080178
10829,348.109574
10830,348.138292
10831,348.166136
10832,348.192871
10833,348.218237
10834,348.24202
10835,348.264051
10836,348.284214
10837,348.302431
10838,348.318665
10839,348.332908
10840,348.345188
10841,348.355557
10842,348.364099
10843,348.370926
10844,348.376181
10845,348.380044
10846,348.382731
10847,348.384503
10848,348.385665
10849,348.386557
10850,348.387491
10851,348.388728
10852,348.390486
10853,348.392939
10854,348.396221
10855,348.400428
10856,348.405618
10857,348.41181
10858,348.418979
10859,348.427049
10860,348.435881
10861,348.445259
10862,348.454868
10863,348.464266
10864,348.472856
10865,348.479854
10866,348.484678
10867,348.486896
10868,348.486184
10869,348.482298
10870,348.475056
10871,348.464318
10872,348.449983
10873,348.431974
10874,348.410237
10875,348.384737
10876,348.355459
10877,348.322411
10878,348.285628
10879,348.245179
10880,347.702906
10881,347.733741
10882,347.764663
10883,347.795669
10884,347.826751
10885,347.857901
10886,347.889101
10887,347.920327
10888,347.95155
10889,347.982723
10890,348.01379
10891,348.044673
10892,348.07527
10893,348.105451
10894,348.135045
10895,348.163834
10896,348.191544
10897,348.217843
10898,348.242478
10899,348.265261
10900,348.286063
10901,348.304797
10902,348.32142
10903,348.335922
10904,348.348321
10905,348.358671
10906,348.36705
10907,348.373569
10908,348.37837
10909,348.381636
10910,348.383589
10911,348.384504
10912,348.384719
10913,348.384644
10914,348.384623
10915,348.384936
10916,348.385808
10917,348.387414
10918,348.389888
10919,348.393321
10920,348.397767
10921,348.403243
10922,348.409718
10923,348.417115
10924,348.425294
10925,348.434039
10926,348.44304
10927,348.451862
10928,348.459917
10929,348.466431
10930,348.470833
10931,348.472699
10932,348.471709
10933,348.467623
10934,348.460261
10935,348.449485
10936,348.435195
10937,348.417312
10938,348.395783
10939,348.370572
10940,348.341664
10941,348.309066
10942,348.272811
10943,348.232968
10944,347.696039
10945,347.726554
10946,347.75722
10947,347.788039
10948,347.81901
10949,347.850126
10950,347.881375
10951,347.912741
10952,347.944194
10953,347.975696
10954,348.007191
10955,348.038606
10956,348.069837
10957,348.100749
10958,348.131163
10959,348.160843
10960,348.189477
10961,348.21665
10962,348.242076
10963,348.265549
10964,348.286929
10965,348.306121
10966,348.323076
10967,348.337779
10968,348.350246
10969,348.360526
10970,348.368694
10971,348.37486
10972,348.379165
10973,348.38179
10974,348.382967
10975,348.382981
10976,348.382199
10977,348.381108
10978,348.380084
10979,348.379421
10980,348.379349
10981,348.380045
10982,348.381637
10983,348.384214
10984,348.387825
10985,348.392479
10986,348.398144
10987,348.404736
10988,348.412117
10989,348.420074
10990,348.428302
10991,348.436379
10992,348.443733
10993,348.449605
10994,348.453441
10995,348.454827
10996,348.453453
10997,348.449084
10998,348.441544
10999,348.430696
11000,348.416439
11001,348.398696
11002,348.377413
11003,348.352554
11004,348.324104
11005,348.292069
11006,348.25648
11007,348.217406
11008,347.688949
11009,347.719127
11010,347.749518
11011,347.780127
11012,347.810957
11013,347.842007
11014,347.873268
11015,347.904728
11016,347.936363
11017,347.968138
11018,348.000001
11019,348.031878
11020,348.063666
11021,348.095226
11022,348.126365
11023,348.156828
11024,348.186266
11025,348.214206
11026,348.240327
11027,348.264404
11028,348.286283
11029,348.305861
11030,348.323084
11031,348.337932
11032,348.350417
11033,348.360584
11034,348.368507
11035,348.374292
11036,348.37808
11037,348.380055
11038,348.380453
11039,348.379576
11040,348.377821
11041,348.375723
11042,348.373692
11043,348.372038
11044,348.370997
11045,348.370745
11046,348.371408
11047,348.37307
11048,348.375773
11049,348.37952
11050,348.384274
11051,348.389948
11052,348.396402
11053,348.403427
11054,348.410729
11055,348.417901
11056,348.424392
11057,348.42947
11058,348.432602
11059,348.43339
11060,348.431535
11061,348.426809
11062,348.419038
11063,348.408088
11064,348.393858
11065,348.376271
11066,348.355272
11067,348.330827
11068,348.302919
11069,348.271554
11070,348.236765
11071,348.198615
11072,347.681576
11073,347.711396
11074,347.741487
11075,347.771856
11076,347.802511
11077,347.833452
11078,347.864678
11079,347.896178
11080,347.927933
11081,347.959912
11082,347.992064
11083,348.024315
11084,348.056563
11085,348.088659
11086,348.1204
11087,348.15151
11088,348.181608
11089,348.210182
11090,348.23688
11091,348.261455
11092,348.28374
11093,348.303624
11094,348.321046
11095,348.335981
11096,348.348437
11097,348.358457
11098,348.36611
11099,348.371502
11100,348.374774
11101,348.376113
11102,348.375761
11103,348.374036
11104,348.371358
11105,348.368299
11106,348.365292
11107,348.362664
11108,348.360656
11109,348.359447
11110,348.359158
11111,348.359869
11112,348.361614
11113,348.364391
11114,348.368155
11115,348.372817
11116,348.378235
11117,348.384204
11118,348.39044
11119,348.396558
11120,348.402036
11121,348.406178
11122,348.408479
11123,348.408563
11124,348.406141
11125,348.400993
11126,348.392948
11127,348.381874
11128,348.367668
11129,348.350255
11130,348.32958
11131,348.305607
11132,348.278321
11133,348.24773
11134,348.213863
11135,348.176785
11136,347.673861
11137,347.7033
11138,347.733061
11139,347.763155
11140,347.793592
11141,347.824377
11142,347.855512
11143,347.886988
11144,347.918791
11145,347.950891
11146,347.98324
11147,348.015763
11148,348.048353
11149,348.080857
11150,348.113061
11151,348.144668
11152,348.175273
11153,348.204334
11154,348.231475
11155,348.25643
11156,348.279019
11157,348.299122
11158,348.31667
11159,348.331633
11160,348.344018
11161,348.353861
11162,348.361232
11163,348.366233
11164,348.369006
11165,348.36974
11166,348.368687
11167,348.366176
11168,348.362645
11169,348.35869
11170,348.354763
11171,348.351203
11172,348.348258
11173,348.346106
11174,348.344867
11175,348.344614
11176,348.345376
11177,348.347143
11178,348.349864
11179,348.353445
11180,348.357742
11181,348.362553
11182,348.367607
11183,348.372539
11184,348.376868
11185,348.379947
11186,348.381309
11187,348.380599
11188,348.377542
11189,348.371923
11190,348.363573
11191,348.352359
11192,348.338182
11193,348.320963
11194,348.300649
11195,348.277205
11196,348.250617
11197,348.220891
11198,348.18806
11199,348.152187
11200,347.665754
11201,347.694785
11202,347.724182
11203,347.753961
11204,347.784133
11205,347.814707
11206,347.845686
11207,347.877068
11208,347.908837
11209,347.940966
11210,347.973407
11211,348.006086
11212,348.038892
11213,348.071666
11214,348.104182
11215,348.136128
11216,348.167081
11217,348.196478
11218,348.223922
11219,348.249132
11220,348.271916
11221,348.292146
11222,348.309746
11223,348.324681
11224,348.336954
11225,348.346598
11226,348.353681
11227,348.358302
11228,348.360606
11229,348.360783
11230,348.359091
11231,348.355867
11232,348.351565
11233,348.346794
11234,348.34202
11235,348.337591
11236,348.333759
11237,348.330702
11238,348.328537
11239,348.327332
11240,348.32711
11241,348.327854
11242,348.329505
11243,348.331965
11244,348.335087
11245,348.338672
11246,348.342457
11247,348.3461
11248,348.349166
11249,348.351083
11250,348.351425
11251,348.34986
11252,348.346121
11253,348.339999
11254,348.331326
11255,348.319971
11256,348.305832
11257,348.288832
11258,348.268917
11259,348.246054
11260,348.220228
11261,348.19145
11262,348.159752
11263,348.125198
11264,347.657209
11265,347.685801
11266,347.714797
11267,347.744216
11268,347.774072
11269,347.804375
11270,347.835131
11271,347.866338
11272,347.897984
11273,347.930042
11274,347.962464
11275,347.995176
11276,348.028063
11277,348.060959
11278,348.093633
11279,348.125759
11280,348.156901
11281,348.186479
11282,348.214083
11283,348.239421
11284,348.262289
11285,348.282552
11286,348.300129
11287,348.31498
11288,348.327104
11289,348.336532
11290,348.343327
11291,348.34759
11292,348.349463
11293,348.349139
11294,348.346879
11295,348.343027
11296,348.338044
11297,348.332548
11298,348.327014
11299,348.321794
11300,348.317143
11301,348.313238
11302,348.310193
11303,348.30807
11304,348.306887
11305,348.306619
11306,348.307203
11307,348.308535
11308,348.310466
11309,348.312798
11310,348.315276
11311,348.317578
11312,348.319309
11313,348.320011
11314,348.319296
11315,348.316848
11316,348.31241
11317,348.305775
11318,348.296779
11319,348.285291
11320,348.271208
11321,348.254454
11322,348.234975
11323,348.212739
11324,348.187734
11325,348.159971
11326,348.129485
11327,348.096341
11328,347.648188
11329,347.676307
11330,347.704863
11331,347.733875
11332,347.763359
11333,347.793327
11334,347.823785
11335,347.854735
11336,347.886164
11337,347.918046
11338,347.950333
11339,347.982948
11340,348.015775
11341,348.048646
11342,348.081319
11343,348.113465
11344,348.144635
11345,348.174241
11346,348.201863
11347,348.227199
11348,348.250039
11349,348.270242
11350,348.287722
11351,348.302436
11352,348.314377
11353,348.323575
11354,348.33009
11355,348.334021
11356,348.335509
11357,348.334748
11358,348.331999
11359,348.327609
11360,348.322042
11361,348.315921
11362,348.309724
11363,348.303805
11364,348.298419
11365,348.29374
11366,348.289879
11367,348.286893
11368,348.284794
11369,348.283553
11370,348.283102
11371,348.283332
11372,348.284095
11373,348.285196
11374,348.286392
11375,348.287385
11376,348.287828
11377,348.287344
11378,348.285592
11379,348.282276
11380,348.277152
11381,348.27002
11382,348.260719
11383,348.249117
11384,348.235116
11385,348.218638
11386,348.199631
11387,348.178063
11388,348.153925
11389,348.12723
11390,348.098014
11391,348.066342
11392,347.638659
11393,347.66627
11394,347.694344
11395,347.722899
11396,347.751953
11397,347.781519
11398,347.811605
11399,347.84221
11400,347.873325
11401,347.904922
11402,347.936954
11403,347.969341
11404,348.001968
11405,348.034661
11406,348.067177
11407,348.099182
11408,348.130222
11409,348.159703
11410,348.1872
11411,348.212407
11412,348.235109
11413,348.25516
11414,348.272471
11415,348.286995
11416,348.298723
11417,348.307681
11418,348.313927
11419,348.317559
11420,348.318714
11421,348.317584
11422,348.31443
11423,348.309598
11424,348.303552
11425,348.296914
11426,348.290161
11427,348.283646
11428,348.27762
11429,348.272256
11430,348.267659
11431,348.263883
11432,348.260935
11433,348.258782
11434,348.257352
11435,348.256537
11436,348.25619
11437,348.256124
11438,348.256111
11439,348.25588
11440,348.255129
11441,348.253541
11442,348.250813
11443,348.246681
11444,348.240914
11445,348.233322
11446,348.223749
11447,348.212067
11448,348.198179
11449,348.182009
11450,348.163508
11451,348.142644
11452,348.11941
11453,348.093821
11454,348.065912
11455,348.035749
11456,347.628597
11457,347.655665
11458,347.683213
11459,347.71126
11460,347.739825
11461,347.768921
11462,347.798556
11463,347.82873
11464,347.859432
11465,347.890635
11466,347.92229
11467,347.954319
11468,347.986602
11469,348.018967
11470,348.05117
11471,348.082875
11472,348.113628
11473,348.142834
11474,348.170067
11475,348.195018
11476,348.217473
11477,348.237282
11478,348.254353
11479,348.268638
11480,348.280126
11481,348.288838
11482,348.294831
11483,348.298199
11484,348.299076
11485,348.297652
11486,348.294183
11487,348.289011
11488,348.282595
11489,348.275554
11490,348.268359
11491,348.261358
11492,348.2548
11493,348.24885
11494,348.243612
11495,348.239134
11496,348.23542
11497,348.232436
11498,348.230108
11499,348.228329
11500,348.226958
11501,348.225818
11502,348.224699
11503,348.223358
11504,348.221531
11505,348.218944
11506,348.215334
11507,348.210462
11508,348.204117
11509,348.19612
11510,348.186322
11511,348.174601
11512,348.160864
11513,348.145038
11514,348.127074
11515,348.106944
11516,348.084642
11517,348.060183
11518,348.033604
11519,348.004965
11520,347.617987
11521,347.644474
11522,347.671452
11523,347.69894
11524,347.726956
11525,347.755514
11526,347.784621
11527,347.814277
11528,347.844469
11529,347.875169
11530,347.906328
11531,347.937867
11532,347.969666
11533,348.001555
11534,348.03329
11535,348.064538
11536,348.094848
11537,348.123631
11538,348.150462
11539,348.175036
11540,348.197136
11541,348.216616
11542,348.233381
11543,348.247382
11544,348.258603
11545,348.267067
11546,348.272825
11547,348.275967
11548,348.276626
11549,348.274984
11550,348.271293
11551,348.265887
11552,348.259216
11553,348.251892
11554,348.244375
11555,348.237008
11556,348.230031
11557,348.223606
11558,348.21783
11559,348.212749
11560,348.208367
11561,348.204646
11562,348.201515
11563,348.198873
11564,348.196583
11565,348.194482
11566,348.192378
11567,348.190054
11568,348.18728
11569,348.183815
11570,348.179431
11571,348.173912
11572,348.167068
11573,348.158733
11574,348.148768
11575,348.137058
11576,348.123513
11577,348.108065
11578,348.090668
11579,348.071297
11580,348.049947
11581,348.026633
11582,348.001392
11583,347.974279
11584,347.60682
11585,347.632689
11586,347.659053
11587,347.68593
11588,347.713339
11589,347.741292
11590,347.769795
11591,347.798847
11592,347.828433
11593,347.858525
11594,347.889072
11595,347.919994
11596,347.951173
11597,347.982439
11598,348.013555
11599,348.044192
11600,348.073908
11601,348.102122
11602,348.128417
11603,348.152493
11604,348.174137
11605,348.193204
11606,348.2096
11607,348.223272
11608,348.234206
11609,348.242419
11610,348.247962
11611,348.250921
11612,348.251421
11613,348.249642
11614,348.245824
11615,348.240294
11616,348.233488
11617,348.226003
11618,348.218291
11619,348.21068
11620,348.203404
11621,348.196617
11622,348.190415
11623,348.184839
11624,348.179894
11625,348.175542
11626,348.171717
11627,348.168321
11628,348.165229
11629,348.16229
11630,348.159331
11631,348.156159
11632,348.152569
11633,348.148354
11634,348.14331
11635,348.137247
11636,348.129992
11637,348.121394
11638,348.111325
11639,348.099678
11640,348.086368
11641,348.071334
11642,348.054532
11643,348.035941
11644,348.015556
11645,347.993393
11646,347.969488
11647,347.943893
11648,347.595094
11649,347.620308
11650,347.646014
11651,347.672231
11652,347.698976
11653,347.726259
11654,347.754086
11655,347.782452
11656,347.811342
11657,347.840726
11658,347.87055
11659,347.900734
11660,347.931161
11661,347.961664
11662,347.992012
11663,348.021888
11664,348.050861
11665,348.078364
11666,348.103993
11667,348.127456
11668,348.148547
11669,348.167123
11670,348.183089
11671,348.196394
11672,348.207021
11673,348.214985
11674,348.220334
11675,348.223149
11676,348.223554
11677,348.221717
11678,348.21787
11679,348.212327
11680,348.205507
11681,348.19799
11682,348.190209
11683,348.182479
11684,348.175025
11685,348.167994
11686,348.161479
11687,348.15552
11688,348.150121
11689,348.14525
11690,348.140843
11691,348.136812
11692,348.13304
11693,348.129391
11694,348.125709
11695,348.121822
11696,348.11755
11697,348.11271
11698,348.107124
11699,348.10062
11700,348.093046
11701,348.084264
11702,348.074157
11703,348.062627
11704,348.049598
11705,348.035011
11706,348.018829
11707,348.001032
11708,347.981619
11709,347.960607
11710,347.93803
11711,347.913936
11712,347.582814
11713,347.607337
11714,347.632344
11715,347.657853
11716,347.683879
11717,347.710431
11718,347.737513
11719,347.765117
11720,347.793227
11721,347.821808
11722,347.850806
11723,347.880139
11724,347.909692
11725,347.9393
11726,347.968741
11727,347.99771
11728,348.025796
11729,348.052452
11730,348.077291
11731,348.100034
11732,348.120481
11733,348.138492
11734,348.153975
11735,348.166877
11736,348.177179
11737,348.184896
11738,348.190071
11739,348.192784
11740,348.193151
11741,348.191335
11742,348.187556
11743,348.182111
11744,348.175401
11745,348.167977
11746,348.160254
11747,348.152529
11748,348.145016
11749,348.137857
11750,348.131141
11751,348.12491
11752,348.119169
11753,348.11389
11754,348.109017
11755,348.104469
11756,348.10014
11757,348.095908
11758,348.091632
11759,348.087162
11760,348.082337
11761,348.076996
11762,348.070981
11763,348.064142
11764,348.05634
11765,348.047452
11766,348.037374
11767,348.026015
11768,348.013308
11769,347.9992
11770,347.983659
11771,347.966669
11772,347.948231
11773,347.928364
11774,347.907101
11775,347.884487
11776,347.569991
11777,347.593788
11778,347.618055
11779,347.642811
11780,347.668067
11781,347.693832
11782,347.720106
11783,347.746879
11784,347.774132
11785,347.801827
11786,347.829907
11787,347.858288
11788,347.886856
11789,347.915449
11790,347.943852
11791,347.971778
11792,347.99884
11793,348.02452
11794,348.048455
11795,348.070379
11796,348.090102
11797,348.107485
11798,348.122437
11799,348.134904
11800,348.144868
11801,348.152338
11802,348.157358
11803,348.160004
11804,348.160388
11805,348.158666
11806,348.155047
11807,348.149809
11808,348.143327
11809,348.136121
11810,348.128576
11811,348.120973
11812,348.113514
11813,348.106336
11814,348.099526
11815,348.093129
11816,348.087154
11817,348.081578
11818,348.076351
11819,348.071402
11820,348.066636
11821,348.061944
11822,348.057202
11823,348.052274
11824,348.047019
11825,348.041295
11826,348.034962
11827,348.027887
11828,348.019946
11829,348.01103
11830,348.001044
11831,347.989909
11832,347.977563
11833,347.963963
11834,347.94908
11835,347.932903
11836,347.915439
11837,347.896706
11838,347.876738
11839,347.85558
11840,347.556643
11841,347.57968
11842,347.60317
11843,347.627129
11844,347.651569
11845,347.676495
11846,347.701904
11847,347.727786
11848,347.754114
11849,347.78085
11850,347.807933
11851,347.835277
11852,347.862765
11853,347.89024
11854,347.917494
11855,347.944254
11856,347.970166
11857,347.994757
11858,348.017689
11859,348.038713
11860,348.057642
11861,348.074344
11862,348.088726
11863,348.100733
11864,348.110344
11865,348.117569
11866,348.122448
11867,348.125056
11868,348.125502
11869,348.123935
11870,348.120555
11871,348.115624
11872,348.109483
11873,348.102608
11874,348.09535
11875,348.087972
11876,348.080666
11877,348.073567
11878,348.066762
11879,348.060299
11880,348.05419
11881,348.048421
11882,348.042948
11883,348.037709
11884,348.032622
11885,348.027588
11886,348.022498
11887,348.017231
11888,348.011664
11889,348.005668
11890,347.999122
11891,347.991905
11892,347.98391
11893,347.975038
11894,347.965205
11895,347.954342
11896,347.942394
11897,347.929325
11898,347.915112
11899,347.899752
11900,347.883253
11901,347.865639
11902,347.846946
11903,347.827217
11904,347.542791
11905,347.565036
11906,347.587713
11907,347.610837
11908,347.634417
11909,347.658458
11910,347.682954
11911,347.70789
11912,347.733239
11913,347.758957
11914,347.78498
11915,347.811219
11916,347.837556
11917,347.863833
11918,347.889851
11919,347.915351
11920,347.940009
11921,347.96342
11922,347.985275
11923,348.005337
11924,348.023425
11925,348.039405
11926,348.053186
11927,348.064712
11928,348.073959
11929,348.080937
11930,348.085684
11931,348.088273
11932,348.088811
11933,348.087444
11934,348.084363
11935,348.079815
11936,348.074111
11937,348.067657
11938,348.060772
11939,348.053702
11940,348.046632
11941,348.039694
11942,348.032979
11943,348.026537
11944,348.020387
11945,348.01452
11946,348.008901
11947,348.003478
11948,347.998177
11949,347.992913
11950,347.987587
11951,347.982093
11952,347.976321
11953,347.970159
11954,347.963496
11955,347.956228
11956,347.948257
11957,347.939497
11958,347.929873
11959,347.919325
11960,347.907806
11961,347.895287
11962,347.881753
11963,347.867204
11964,347.851657
11965,347.835142
11966,347.817697
11967,347.799369
11968,347.528459
11969,347.549883
11970,347.571714
11971,347.593966
11972,347.616649
11973,347.639764
11974,347.663304
11975,347.687252
11976,347.711577
11977,347.736232
11978,347.761149
11979,347.786237
11980,347.811376
11981,347.83641
11982,347.861143
11983,347.885332
11984,347.908685
11985,347.930871
11986,347.95161
11987,347.970676
11988,347.987893
11989,348.003128
11990,348.016289
11991,348.027319
11992,348.036193
11993,348.042918
11994,348.047534
11995,348.05011
11996,348.050753
11997,348.049605
11998,348.046851
11999,348.042722
12000,348.037501
12001,348.031517
12002,348.025055
12003,348.018346
12004,348.011569
12005,348.004857
12006,347.998301
12007,347.991956
12008,347.985845
12009,347.979968
12010,347.974296
12011,347.968784
12012,347.963371
12013,347.957978
12014,347.952521
12015,347.946904
12016,347.941029
12017,347.934797
12018,347.928108
12019,347.920871
12020,347.912998
12021,347.904412
12022,347.895048
12023,347.884854
12024,347.87379
12025,347.861834
12026,347.848977
12027,347.83523
12028,347.820614
12029,347.805169
12030,347.788941
12031,347.771985
12032,347.513678
12033,347.534251
12034,347.555205
12035,347.576553
12036,347.598304
12037,347.620458
12038,347.643008
12039,347.665933
12040,347.6892
12041,347.712759
12042,347.736542
12043,347.760454
12044,347.784375
12045,347.808152
12046,347.831597
12047,347.854482
12048,347.876549
12049,347.89752
12050,347.917144
12051,347.935211
12052,347.95155
12053,347.966031
12054,347.978563
12055,347.989088
12056,347.99758
12057,348.004046
12058,348.008522
12059,348.01108
12060,348.011821
12061,348.010883
12062,348.008444
12063,348.004719
12064,347.999959
12065,347.994438
12066,347.988407
12067,347.982082
12068,347.975633
12069,347.969191
12070,347.962847
12071,347.95666
12072,347.950659
12073,347.944847
12074,347.939205
12075,347.933694
12076,347.92826
12077,347.922835
12078,347.917342
12079,347.911698
12080,347.905814
12081,347.899601
12082,347.892971
12083,347.88584
12084,347.878132
12085,347.869777
12086,347.860719
12087,347.850911
12088,347.840322
12089,347.828936
12090,347.816751
12091,347.803784
12092,347.790069
12093,347.775656
12094,347.760605
12095,347.744985
12096,347.498479
12097,347.518175
12098,347.538222
12099,347.558634
12100,347.579422
12101,347.600585
12102,347.622115
12103,347.64399
12104,347.666176
12105,347.688621
12106,347.711256
12107,347.733986
12108,347.756692
12109,347.779226
12110,347.801409
12111,347.823031
12112,347.843861
12113,347.863658
12114,347.882198
12115,347.899285
12116,347.914759
12117,347.928492
12118,347.940396
12119,347.950412
12120,347.958515
12121,347.96471
12122,347.969033
12123,347.971552
12124,347.972368
12125,347.971611
12126,347.96945
12127,347.966082
12128,347.961732
12129,347.956635
12130,347.951016
12131,347.945071
12132,347.938961
12133,347.932814
12134,347.926721
12135,347.920742
12136,347.91491
12137,347.909232
12138,347.903693
12139,347.898263
12140,347.892892
12141,347.887522
12142,347.882084
12143,347.876501
12144,347.870694
12145,347.864584
12146,347.858089
12147,347.851135
12148,347.843653
12149,347.835581
12150,347.826868
12151,347.817474
12152,347.807375
12153,347.796558
12154,347.78503
12155,347.772815
12156,347.759957
12157,347.74652
12158,347.73259
12159,347.71826
12160,347.4829
12161,347.50169
12162,347.520798
12163,347.540245
12164,347.560041
12165,347.580186
12166,347.600672
12167,347.621477
12168,347.642567
12169,347.663889
12170,347.685374
12171,347.70693
12172,347.728441
12173,347.749764
12174,347.770731
12175,347.791147
12176,347.810804
12177,347.829486
12178,347.84699
12179,347.863134
12180,347.877768
12181,347.89077
12182,347.902052
12183,347.91156
12184,347.919267
12185,347.925178
12186,347.929328
12187,347.931783
12188,347.932637
12189,347.932017
12190,347.930079
12191,347.927007
12192,347.923002
12193,347.918275
12194,347.913028
12195,347.907442
12196,347.901669
12197,347.895829
12198,347.890012
12199,347.88428
12200,347.878666
12201,347.87318
12202,347.867813
12203,347.862535
12204,347.857306
12205,347.852072
12206,347.846769
12207,347.84133
12208,347.835681
12209,347.829749
12210,347.823461
12211,347.816749
12212,347.809549
12213,347.801806
12214,347.793474
12215,347.784518
12216,347.774916
12217,347.764663
12218,347.753769
12219,347.742265
12220,347.730204
12221,347.717667
12222,347.704769
12223,347.691658
12224,347.466982
12225,347.484832
12226,347.50297
12227,347.52142
12228,347.540197
12229,347.5593
12230,347.578722
12231,347.598442
12232,347.618425
12233,347.638622
12234,347.658964
12235,347.679363
12236,347.699708
12237,347.719862
12238,347.739668
12239,347.758944
12240,347.777498
12241,347.795131
12242,347.811655
12243,347.826902
12244,347.840729
12245,347.853022
12246,347.863696
12247,347.872698
12248,347.880003
12249,347.885616
12250,347.88957
12251,347.891927
12252,347.892778
12253,347.892242
12254,347.890467
12255,347.887621
12256,347.883893
12257,347.879475
12258,347.874553
12259,347.869294
12260,347.863842
12261,347.858312
12262,347.852791
12263,347.847336
12264,347.841983
12265,347.836741
12266,347.831604
12267,347.826547
12268,347.821531
12269,347.816507
12270,347.811416
12271,347.806197
12272,347.80078
12273,347.795098
12274,347.789083
12275,347.782672
12276,347.775806
12277,347.768435
12278,347.760514
12279,347.752015
12280,347.742917
12281,347.733217
12282,347.722929
12283,347.712084
12284,347.700743
12285,347.688998
12286,347.676989
12287,347.664945
12288,347.164647
12289,347.475826
12290,347.230262
12291,347.189556
12292,347.150817
12293,347.45531
12294,347.215864
12295,347.17615
12296,346.430968
12297,346.727903
12298,346.4944
12299,346.455672
