29.46486199999521
29.46486199999521
29.46486199999521
29.46486199999521
29.46486199999521
29.46486199999521
29.46486199999521
29.46486199999521
29.46486199999521
29.46486199999521
29.46486199999521
29.46486199999521
29.46486199999521
29.46486199999521
29.46486199999521
29.46486199999521
29.46486199999521
29.46486199999521
29.46486199999521
29.46486199999521
29.46486199999521
29.46486199999521
29.46486199999521
29.46486199999521
29.46486199999521
29.46486199999521
29.46486199999521
29.46486199999521
29.46486199999521
29.46486199999521
29.46486199999521
29.46486199999521
29.46486199999521
29.46486199999521
29.46486199999521
29.46486199999521
29.46486199999521
29.46486199999521
29.46486199999521
29.46486199999521
29.46486199999521
29.46486199999521
29.46486199999521
29.46486199999521
29.46486199999521
29.46486199999521
29.46486199999521
29.46486199999521
29.46486199999521
29.46486199999521
29.46486199999521
29.46486199999521
29.46486199999521
29.46486199999521
29.46486199999521
29.46486199999521
29.46486199999521
29.46486199999521
29.46486199999521
29.46486199999521
29.46486199999521
29.46486199999521
29.46486199999521
29.46486199999521
29.46486199999521
29.46486199999521
29.46486199999521
29.46486199999521
29.46486199999521
29.46486199999521
29.46486199999521
29.46486199999521
29.46486199999521
29.46486199999521
29.46486199999521
29.46486199999521
29.46486199999521
29.46486199999521
29.46486199999521
29.46486199999521
29.46486199999521
29.46486199999521
29.46486199999521
29.46486199999521
29.46486199999521
29.46486199999521
29.46486199999521
29.46486199999521
29.46486199999521
29.46486199999521
29.46486199999521
29.46486199999521
29.46486199999521
29.46486199999521
29.46486199999521
29.46486199999521
29.46486199999521
29.46486199999521
29.46486199999521
29.46486199999521
29.46486199999521
29.46486199999521
29.46486199999521
29.46486199999521
29.46486199999521
29.46486199999521
29.46486199999521
29.46486199999521
29.46486199999521
29.46486199999521
29.46486199999521
29.46486199999521
29.46486199999521
29.46486199999521
29.46486199999521
29.46486199999521
29.46486199999521
29.46486199999521
29.46486199999521
29.46486199999521
29.46486199999521
29.46486199999521
29.46486199999521
29.46486199999521
29.46486199999521
29.46486199999521
29.46486199999521
29.46486199999521
29.46486199999521
29.46486199999521
29.46486199999521
29.46486199999521
29.46486199999521
29.46486199999521
29.46486199999521
29.46486199999521
29.46486199999521
29.46486199999521
29.46486199999521
29.46486199999521
29.46486199999521
29.46486199999521
29.46486199999521
29.46486199999521
29.46486199999521
29.46486199999521
29.46486199999521
29.46486199999521
29.46486199999521
29.46486199999521
29.46486199999521
29.46486199999521
29.46486199999521
29.46486199999521
29.46486199999521
29.46486199999521
29.46486199999521
29.46486199999521
29.46486199999521
29.46486199999521
29.46486199999521
29.46486199999521
29.46486199999521
29.46486199999521
29.46486199999521
29.46486199999521
29.46486199999521
29.46486199999521
29.46486199999521
29.46486199999521
29.46486199999521
29.46486199999521
29.46486199999521
29.46486199999521
29.46486199999521
29.46486199999521
29.46486199999521
29.46486199999521
29.46486199999521
29.46486199999521
29.46486199999521
29.46486199999521
29.46486199999521
29.46486199999521
29.46486199999521
29.46486199999521
29.46486199999521
29.46486199999521
29.46486199999521
29.46486199999521
29.46486199999521
29.46486199999521
29.46486199999521
29.46486199999521
29.46486199999521
29.46486199999521
29.46486199999521
29.46486199999521
29.46486199999521
29.46486199999521
29.46486199999521
29.46486199999521
29.46486199999521
29.46486199999521
29.46486199999521
29.46486199999521
29.46486199999521
29.46486199999521
29.46486199999521
29.46486199999521
29.46486199999521
29.46486199999521
29.46486199999521
29.46486199999521
29.46486199999521
29.46486199999521
29.46486199999521
29.46486199999521
29.46486199999521
29.46486199999521
29.46486199999521
29.46486199999521
29.46486199999521
29.46486199999521
29.46486199999521
29.46486199999521
29.46486199999521
29.46486199999521
29.46486199999521
29.46486199999521
29.46486199999521
29.46486199999521
29.46486199999521
29.46486199999521
29.46486199999521
29.46486199999521
29.46486199999521
29.46486199999521
29.46486199999521
29.46486199999521
29.46486199999521
29.46486199999521
29.46486199999521
29.46486199999521
29.46486199999521
29.46486199999521
29.46486199999521
29.46486199999521
29.46486199999521
29.46486199999521
29.46486199999521
29.46486199999521
29.46486199999521
29.46486199999521
29.46486199999521
29.46486199999521
29.46486199999521
29.46486199999521
29.46486199999521
29.46486199999521
29.46486199999521
29.46486199999521
29.46486199999521
29.46486199999521
29.46486199999521
29.46486199999521
29.46486199999521
29.46486199999521
29.46486199999521
29.46486199999521
29.46486199999521
29.46486199999521
29.46486199999521
29.46486199999521
29.46486199999521
29.46486199999521
29.46486199999521
29.46486199999521
29.46486199999521
29.46486199999521
29.46486199999521
29.46486199999521
29.46486199999521
29.46486199999521
29.46486199999521
29.46486199999521
29.46486199999521
29.46486199999521
29.46486199999521
29.46486199999521
29.46486199999521
29.46486199999521
29.46486199999521
29.46486199999521
29.46486199999521
29.46486199999521
29.46486199999521
29.46486199999521
29.46486199999521
29.46486199999521
29.46486199999521
29.46486199999521
29.46486199999521
29.46486199999521
29.46486199999521
29.46486199999521
29.46486199999521
29.46486199999521
29.46486199999521
29.46486199999521
29.46486199999521
29.46486199999521
29.46486199999521
29.46486199999521
29.46486199999521
29.46486199999521
29.46486199999521
29.46486199999521
29.46486199999521
29.46486199999521
29.46486199999521
29.46486199999521
29.46486199999521
29.46486199999521
29.46486199999521
29.46486199999521
29.46486199999521
29.46486199999521
29.46486199999521
29.46486199999521
29.46486199999521
29.46486199999521
29.46486199999521
29.46486199999521
29.46486199999521
29.46486199999521
29.46486199999521
29.46486199999521
29.46486199999521
29.46486199999521
29.46486199999521
29.46486199999521
29.46486199999521
29.46486199999521
29.46486199999521
29.46486199999521
29.46486199999521
29.46486199999521
29.46486199999521
29.46486199999521
29.46486199999521
29.46486199999521
29.46486199999521
29.46486199999521
29.46486199999521
29.46486199999521
29.46486199999521
29.46486199999521
29.46486199999521
29.46486199999521
29.46486199999521
29.46486199999521
29.46486199999521
29.46486199999521
29.46486199999521
29.46486199999521
29.46486199999521
29.46486199999521
29.46486199999521
29.46486199999521
29.46486199999521
29.46486199999521
29.46486199999521
29.46486199999521
29.46486199999521
29.46486199999521
29.46486199999521
29.46486199999521
29.46486199999521
29.46486199999521
29.46486199999521
29.46486199999521
29.46486199999521
29.46486199999521
29.46486199999521
29.46486199999521
29.46486199999521
29.46486199999521
29.46486199999521
29.46486199999521
29.46486199999521
29.46486199999521
29.46486199999521
29.46486199999521
29.46486199999521
29.46486199999521
29.46486199999521
29.46486199999521
29.46486199999521
29.46486199999521
29.46486199999521
29.46486199999521
29.46486199999521
29.46486199999521
29.46486199999521
29.46486199999521
29.46486199999521
29.46486199999521
29.46486199999521
29.46486199999521
29.46486199999521
29.46486199999521
29.46486199999521
29.46486199999521
29.46486199999521
29.46486199999521
29.46486199999521
29.46486199999521
29.46486199999521
29.46486199999521
29.46486199999521
29.46486199999521
29.46486199999521
29.46486199999521
29.46486199999521
29.46486199999521
29.46486199999521
29.46486199999521
29.46486199999521
29.46486199999521
29.46486199999521
29.46486199999521
29.46486199999521
29.46486199999521
29.46486199999521
29.46486199999521
29.46486199999521
29.46486199999521
29.46486199999521
29.46486199999521
29.46486199999521
29.46486199999521
29.46486199999521
29.46486199999521
29.46486199999521
29.46486199999521
29.46486199999521
29.46486199999521
29.46486199999521
29.46486199999521
29.46486199999521
29.46486199999521
29.46486199999521
29.46486199999521
29.46486199999521
29.46486199999521
29.46486199999521
29.46486199999521
29.46486199999521
29.46486199999521
29.46486199999521
29.46486199999521
29.46486199999521
29.46486199999521
29.46486199999521
29.46486199999521
29.46486199999521
29.46486199999521
29.46486199999521
29.46486199999521
29.46486199999521
29.46486199999521
29.46486199999521
29.46486199999521
29.46486199999521
29.46486199999521
29.46486199999521
29.46486199999521
29.46486199999521
29.46486199999521
29.46486199999521
29.46486199999521
29.46486199999521
29.46486199999521
29.46486199999521
29.46486199999521
29.46486199999521
29.46486199999521
29.46486199999521
29.46486199999521
29.46486199999521
29.46486199999521
29.46486199999521
29.46486199999521
29.46486199999521
29.46486199999521
29.46486199999521
29.46486199999521
29.46486199999521
29.46486199999521
29.46486199999521
29.46486199999521
29.46486199999521
29.46486199999521
29.46486199999521
29.46486199999521
29.46486199999521
29.46486199999521
29.46486199999521
29.46486199999521
29.46486199999521
29.46486199999521
29.46486199999521
29.46486199999521
29.46486199999521
29.46486199999521
29.46486199999521
29.46486199999521
29.46486199999521
29.46486199999521
29.46486199999521
29.46486199999521
29.46486199999521
29.46486199999521
29.46486199999521
29.46486199999521
29.46486199999521
29.46486199999521
29.46486199999521
29.46486199999521
29.46486199999521
29.46486199999521
29.46486199999521
29.46486199999521
29.46486199999521
29.46486199999521
29.46486199999521
29.46486199999521
29.46486199999521
29.46486199999521
29.46486199999521
29.46486199999521
29.46486199999521
29.46486199999521
29.46486199999521
29.46486199999521
29.46486199999521
29.46486199999521
29.46486199999521
29.46486199999521
29.46486199999521
29.46486199999521
29.46486199999521
29.46486199999521
29.46486199999521
29.46486199999521
29.46486199999521
29.46486199999521
29.46486199999521
29.46486199999521
29.46486199999521
29.46486199999521
29.46486199999521
29.46486199999521
29.46486199999521
29.46486199999521
29.46486199999521
29.46486199999521
29.46486199999521
29.46486199999521
29.46486199999521
29.46486199999521
29.46486199999521
29.46486199999521
29.46486199999521
29.46486199999521
29.46486199999521
29.46486199999521
29.46486199999521
29.46486199999521
29.46486199999521
29.46486199999521
29.46486199999521
29.46486199999521
29.46486199999521
29.46486199999521
29.46486199999521
29.46486199999521
29.46486199999521
29.46486199999521
29.46486199999521
29.46486199999521
29.46486199999521
29.46486199999521
29.46486199999521
29.46486199999521
29.46486199999521
29.46486199999521
29.46486199999521
29.46486199999521
29.46486199999521
29.46486199999521
29.46486199999521
29.46486199999521
29.46486199999521
29.46486199999521
29.46486199999521
29.46486199999521
29.46486199999521
29.46486199999521
29.46486199999521
29.46486199999521
29.46486199999521
29.46486199999521
29.46486199999521
29.46486199999521
29.46486199999521
29.46486199999521
29.46486199999521
29.46486199999521
29.46486199999521
29.46486199999521
29.46486199999521
29.46486199999521
29.46486199999521
29.46486199999521
29.46486199999521
29.46486199999521
29.46486199999521
29.46486199999521
29.46486199999521
29.46486199999521
29.46486199999521
29.46486199999521
29.46486199999521
29.46486199999521
29.46486199999521
29.46486199999521
29.46486199999521
29.46486199999521
29.46486199999521
29.46486199999521
29.46486199999521
29.46486199999521
29.46486199999521
29.46486199999521
29.46486199999521
29.46486199999521
29.46486199999521
29.46486199999521
29.46486199999521
29.46486199999521
29.46486199999521
29.46486199999521
29.46486199999521
29.46486199999521
29.46486199999521
29.46486199999521
29.46486199999521
29.46486199999521
29.46486199999521
29.46486199999521
29.46486199999521
29.46486199999521
29.46486199999521
29.46486199999521
29.46486199999521
29.46486199999521
29.46486199999521
29.46486199999521
29.46486199999521
29.46486199999521
29.46486199999521
29.46486199999521
29.46486199999521
29.46486199999521
29.46486199999521
29.46486199999521
29.46486199999521
29.46486199999521
29.46486199999521
29.46486199999521
29.46486199999521
29.46486199999521
29.46486199999521
29.46486199999521
29.46486199999521
29.46486199999521
29.46486199999521
29.46486199999521
29.46486199999521
29.46486199999521
29.46486199999521
29.46486199999521
29.46486199999521
29.46486199999521
29.46486199999521
29.46486199999521
29.46486199999521
29.46486199999521
29.46486199999521
29.46486199999521
29.46486199999521
29.46486199999521
29.46486199999521
29.46486199999521
29.46486199999521
29.46486199999521
29.46486199999521
29.46486199999521
29.46486199999521
29.46486199999521
29.46486199999521
29.46486199999521
29.46486199999521
29.46486199999521
29.46486199999521
29.46486199999521
29.46486199999521
29.46486199999521
29.46486199999521
29.46486199999521
29.46486199999521
29.46486199999521
29.46486199999521
29.46486199999521
29.46486199999521
29.46486199999521
29.46486199999521
29.46486199999521
29.46486199999521
29.46486199999521
29.46486199999521
29.46486199999521
29.46486199999521
29.46486199999521
29.46486199999521
29.46486199999521
29.46486199999521
29.46486199999521
29.46486199999521
29.46486199999521
29.46486199999521
29.46486199999521
29.46486199999521
29.46486199999521
29.46486199999521
29.46486199999521
29.46486199999521
29.46486199999521
29.46486199999521
29.46486199999521
29.46486199999521
29.46486199999521
29.46486199999521
29.46486199999521
29.46486199999521
29.46486199999521
29.46486199999521
29.46486199999521
29.46486199999521
29.46486199999521
29.46486199999521
29.46486199999521
29.46486199999521
29.46486199999521
29.46486199999521
29.46486199999521
29.46486199999521
29.46486199999521
29.46486199999521
29.46486199999521
29.46486199999521
29.46486199999521
29.46486199999521
29.46486199999521
29.46486199999521
29.46486199999521
29.46486199999521
29.46486199999521
29.46486199999521
29.46486199999521
29.46486199999521
29.46486199999521
29.46486199999521
29.46486199999521
29.46486199999521
29.46486199999521
29.46486199999521
29.46486199999521
29.46486199999521
29.46486199999521
29.46486199999521
29.46486199999521
29.46486199999521
29.46486199999521
29.46486199999521
29.46486199999521
29.46486199999521
29.46486199999521
29.46486199999521
29.46486199999521
29.46486199999521
29.46486199999521
29.46486199999521
29.46486199999521
29.46486199999521
29.46486199999521
29.46486199999521
29.46486199999521
29.46486199999521
29.46486199999521
29.46486199999521
29.46486199999521
29.46486199999521
29.46486199999521
29.46486199999521
29.46486199999521
29.46486199999521
29.46486199999521
29.46486199999521
29.46486199999521
29.46486199999521
29.46486199999521
29.46486199999521
29.46486199999521
29.46486199999521
29.46486199999521
29.46486199999521
29.46486199999521
29.46486199999521
29.46486199999521
29.46486199999521
29.46486199999521
29.46486199999521
29.46486199999521
29.46486199999521
29.46486199999521
29.46486199999521
29.46486199999521
29.46486199999521
29.46486199999521
29.46486199999521
29.46486199999521
29.46486199999521
29.46486199999521
29.46486199999521
29.46486199999521
29.46486199999521
29.46486199999521
29.46486199999521
29.46486199999521
29.46486199999521
29.46486199999521
29.46486199999521
29.46486199999521
29.46486199999521
29.46486199999521
29.46486199999521
29.46486199999521
29.46486199999521
29.46486199999521
29.46486199999521
29.46486199999521
29.46486199999521
29.46486199999521
29.46486199999521
29.46486199999521
29.46486199999521
29.46486199999521
29.46486199999521
29.46486199999521
29.46486199999521
29.46486199999521
29.46486199999521
29.46486199999521
29.46486199999521
29.46486199999521
29.46486199999521
29.46486199999521
29.46486199999521
29.46486199999521
29.46486199999521
29.46486199999521
29.46486199999521
29.46486199999521
29.46486199999521
29.46486199999521
29.46486199999521
29.46486199999521
29.46486199999521
29.46486199999521
29.46486199999521
29.46486199999521
29.46486199999521
29.46486199999521
29.46486199999521
29.46486199999521
29.46486199999521
29.46486199999521
29.46486199999521
29.46486199999521
29.46486199999521
29.46486199999521
29.46486199999521
29.46486199999521
29.46486199999521
29.46486199999521
29.46486199999521
29.46486199999521
29.46486199999521
29.46486199999521
29.46486199999521
29.46486199999521
29.46486199999521
29.46486199999521
29.46486199999521
29.46486199999521
29.46486199999521
29.46486199999521
29.46486199999521
29.46486199999521
29.46486199999521
29.46486199999521
29.46486199999521
29.46486199999521
29.46486199999521
29.46486199999521
29.46486199999521
29.46486199999521
29.46486199999521
29.46486199999521
29.46486199999521
29.46486199999521
29.46486199999521
29.46486199999521
29.46486199999521
29.46486199999521
29.46486199999521
29.46486199999521
29.46486199999521
29.46486199999521
29.46486199999521
29.46486199999521
29.46486199999521
29.46486199999521
29.46486199999521
29.46486199999521
29.46486199999521
29.46486199999521
29.46486199999521
29.46486199999521
29.46486199999521
29.46486199999521
29.46486199999521
29.46486199999521
29.46486199999521
29.46486199999521
29.46486199999521
29.46486199999521
29.46486199999521
29.46486199999521
29.46486199999521
29.46486199999521
29.46486199999521
29.46486199999521
29.46486199999521
29.46486199999521
29.46486199999521
29.46486199999521
29.46486199999521
29.46486199999521
29.46486199999521
29.46486199999521
29.46486199999521
29.46486199999521
29.46486199999521
29.46486199999521
29.46486199999521
29.46486199999521
29.46486199999521
29.46486199999521
29.46486199999521
29.46486199999521
29.46486199999521
29.46486199999521
29.46486199999521
29.46486199999521
29.46486199999521
29.46486199999521
29.46486199999521
29.46486199999521
29.46486199999521
29.46486199999521
29.46486199999521
29.46486199999521
29.46486199999521
29.46486199999521
29.46486199999521
29.46486199999521
29.46486199999521
29.46486199999521
29.46486199999521
29.46486199999521
29.46486199999521
29.46486199999521
29.46486199999521
29.46486199999521
29.46486199999521
29.46486199999521
29.46486199999521
29.46486199999521
29.46486199999521
29.46486199999521
29.46486199999521
29.46486199999521
29.46486199999521
29.46486199999521
29.46486199999521
29.46486199999521
29.46486199999521
29.46486199999521
29.46486199999521
29.46486199999521
29.46486199999521
29.46486199999521
29.46486199999521
29.46486199999521
29.46486199999521
29.46486199999521
29.46486199999521
29.46486199999521
29.46486199999521
29.46486199999521
29.46486199999521
29.46486199999521
29.46486199999521
29.46486199999521
29.46486199999521
29.46486199999521
29.46486199999521
29.46486199999521
29.46486199999521
29.46486199999521
29.46486199999521
29.46486199999521
29.46486199999521
29.46486199999521
29.46486199999521
29.46486199999521
29.46486199999521
29.46486199999521
29.46486199999521
29.46486199999521
29.46486199999521
29.46486199999521
29.46486199999521
29.46486199999521
29.46486199999521
29.46486199999521
29.46486199999521
29.46486199999521
29.46486199999521
29.46486199999521
29.46486199999521
29.46486199999521
29.46486199999521
29.46486199999521
29.46486199999521
29.46486199999521
29.46486199999521
29.46486199999521
29.46486199999521
29.46486199999521
29.46486199999521
29.46486199999521
29.46486199999521
29.46486199999521
29.46486199999521
29.46486199999521
29.46486199999521
29.46486199999521
29.46486199999521
29.46486199999521
29.46486199999521
29.46486199999521
29.46486199999521
29.46486199999521
29.46486199999521
29.46486199999521
29.46486199999521
29.46486199999521
29.46486199999521
29.46486199999521
29.46486199999521
29.46486199999521
29.46486199999521
29.46486199999521
29.46486199999521
29.46486199999521
29.46486199999521
29.46486199999521
29.46486199999521
29.46486199999521
29.46486199999521
29.46486199999521
29.46486199999521
29.46486199999521
29.46486199999521
29.46486199999521
29.46486199999521
29.46486199999521
29.46486199999521
29.46486199999521
29.46486199999521
29.46486199999521
29.46486199999521
29.46486199999521
29.46486199999521
29.46486199999521
29.46486199999521
29.46486199999521
29.46486199999521
29.46486199999521
29.46486199999521
29.46486199999521
29.46486199999521
29.46486199999521
29.46486199999521
29.46486199999521
29.46486199999521
29.46486199999521
29.46486199999521
29.46486199999521
29.46486199999521
29.46486199999521
29.46486199999521
29.46486199999521
29.46486199999521
29.46486199999521
29.46486199999521
29.46486199999521
29.46486199999521
29.46486199999521
29.46486199999521
29.46486199999521
29.46486199999521
29.46486199999521
29.46486199999521
29.46486199999521
29.46486199999521
29.46486199999521
29.46486199999521
29.46486199999521
29.46486199999521
29.46486199999521
29.46486199999521
29.46486199999521
29.46486199999521
29.46486199999521
29.46486199999521
29.46486199999521
29.46486199999521
29.46486199999521
29.46486199999521
29.46486199999521
29.46486199999521
29.46486199999521
29.46486199999521
29.46486199999521
29.46486199999521
29.46486199999521
29.46486199999521
29.46486199999521
29.46486199999521
29.46486199999521
29.46486199999521
29.46486199999521
29.46486199999521
29.46486199999521
29.46486199999521
29.46486199999521
29.46486199999521
29.46486199999521
29.46486199999521
29.46486199999521
29.46486199999521
29.46486199999521
29.46486199999521
29.46486199999521
29.46486199999521
29.46486199999521
29.46486199999521
29.46486199999521
29.46486199999521
29.46486199999521
29.46486199999521
29.46486199999521
29.46486199999521
29.46486199999521
29.46486199999521
29.46486199999521
29.46486199999521
29.46486199999521
29.46486199999521
29.46486199999521
29.46486199999521
29.46486199999521
29.46486199999521
29.46486199999521
29.46486199999521
29.46486199999521
29.46486199999521
29.46486199999521
29.46486199999521
29.46486199999521
29.46486199999521
29.46486199999521
29.46486199999521
29.46486199999521
29.46486199999521
29.46486199999521
29.46486199999521
29.46486199999521
29.46486199999521
29.46486199999521
29.46486199999521
29.46486199999521
29.46486199999521
29.46486199999521
29.46486199999521
29.46486199999521
29.46486199999521
29.46486199999521
29.46486199999521
29.46486199999521
29.46486199999521
29.46486199999521
29.46486199999521
29.46486199999521
29.46486199999521
29.46486199999521
29.46486199999521
29.46486199999521
29.46486199999521
29.46486199999521
29.46486199999521
29.46486199999521
29.46486199999521
29.46486199999521
29.46486199999521
29.46486199999521
29.46486199999521
29.46486199999521
29.46486199999521
29.46486199999521
29.46486199999521
29.46486199999521
29.46486199999521
29.46486199999521
29.46486199999521
29.46486199999521
29.46486199999521
29.46486199999521
29.46486199999521
29.46486199999521
29.46486199999521
29.46486199999521
29.46486199999521
29.46486199999521
29.46486199999521
29.46486199999521
29.46486199999521
29.46486199999521
29.46486199999521
29.46486199999521
29.46486199999521
29.46486199999521
29.46486199999521
29.46486199999521
29.46486199999521
29.46486199999521
29.46486199999521
29.46486199999521
29.46486199999521
29.46486199999521
29.46486199999521
29.46486199999521
29.46486199999521
29.46486199999521
29.46486199999521
29.46486199999521
29.46486199999521
29.46486199999521
29.46486199999521
29.46486199999521
29.46486199999521
29.46486199999521
29.46486199999521
29.46486199999521
29.46486199999521
29.46486199999521
29.46486199999521
29.46486199999521
29.46486199999521
29.46486199999521
29.46486199999521
29.46486199999521
29.46486199999521
29.46486199999521
29.46486199999521
29.46486199999521
29.46486199999521
29.46486199999521
29.46486199999521
29.46486199999521
29.46486199999521
29.46486199999521
29.46486199999521
29.46486199999521
29.46486199999521
29.46486199999521
29.46486199999521
29.46486199999521
29.46486199999521
29.46486199999521
29.46486199999521
29.46486199999521
29.46486199999521
29.46486199999521
29.46486199999521
29.46486199999521
29.46486199999521
29.46486199999521
29.46486199999521
29.46486199999521
29.46486199999521
29.46486199999521
29.46486199999521
29.46486199999521
29.46486199999521
29.46486199999521
29.46486199999521
29.46486199999521
29.46486199999521
29.46486199999521
29.46486199999521
29.46486199999521
29.46486199999521
29.46486199999521
29.46486199999521
29.46486199999521
29.46486199999521
29.46486199999521
29.46486199999521
29.46486199999521
29.46486199999521
29.46486199999521
29.46486199999521
29.46486199999521
29.46486199999521
29.46486199999521
29.46486199999521
29.46486199999521
29.46486199999521
29.46486199999521
29.46486199999521
29.46486199999521
29.46486199999521
29.46486199999521
29.46486199999521
29.46486199999521
29.46486199999521
29.46486199999521
29.46486199999521
29.46486199999521
29.46486199999521
29.46486199999521
29.46486199999521
29.46486199999521
29.46486199999521
29.46486199999521
29.46486199999521
29.46486199999521
29.46486199999521
29.46486199999521
29.46486199999521
29.46486199999521
29.46486199999521
29.46486199999521
29.46486199999521
29.46486199999521
29.46486199999521
29.46486199999521
29.46486199999521
29.46486199999521
29.46486199999521
29.46486199999521
29.46486199999521
29.46486199999521
29.46486199999521
29.46486199999521
29.46486199999521
29.46486199999521
29.46486199999521
29.46486199999521
29.46486199999521
29.46486199999521
29.46486199999521
29.46486199999521
29.46486199999521
29.46486199999521
29.46486199999521
29.46486199999521
29.46486199999521
29.46486199999521
29.46486199999521
29.46486199999521
29.46486199999521
29.46486199999521
29.46486199999521
29.46486199999521
29.46486199999521
29.46486199999521
29.46486199999521
29.46486199999521
29.46486199999521
29.46486199999521
29.46486199999521
29.46486199999521
29.46486199999521
29.46486199999521
29.46486199999521
29.46486199999521
29.46486199999521
29.46486199999521
29.46486199999521
29.46486199999521
29.46486199999521
29.46486199999521
29.46486199999521
29.46486199999521
29.46486199999521
29.46486199999521
29.46486199999521
29.46486199999521
29.46486199999521
29.46486199999521
29.46486199999521
29.46486199999521
29.46486199999521
29.46486199999521
29.46486199999521
29.46486199999521
29.46486199999521
29.46486199999521
29.46486199999521
29.46486199999521
29.46486199999521
29.46486199999521
29.46486199999521
29.46486199999521
29.46486199999521
29.46486199999521
29.46486199999521
29.46486199999521
29.46486199999521
29.46486199999521
29.46486199999521
29.46486199999521
29.46486199999521
29.46486199999521
29.46486199999521
29.46486199999521
29.46486199999521
29.46486199999521
29.46486199999521
29.46486199999521
29.46486199999521
29.46486199999521
29.46486199999521
29.46486199999521
29.46486199999521
29.46486199999521
29.46486199999521
29.46486199999521
29.46486199999521
29.46486199999521
29.46486199999521
29.46486199999521
29.46486199999521
29.46486199999521
29.46486199999521
29.46486199999521
29.46486199999521
29.46486199999521
29.46486199999521
29.46486199999521
29.46486199999521
29.46486199999521
29.46486199999521
29.46486199999521
29.46486199999521
29.46486199999521
29.46486199999521
29.46486199999521
29.46486199999521
29.46486199999521
29.46486199999521
29.46486199999521
29.46486199999521
29.46486199999521
29.46486199999521
29.46486199999521
29.46486199999521
29.46486199999521
29.46486199999521
29.46486199999521
29.46486199999521
29.46486199999521
29.46486199999521
29.46486199999521
29.46486199999521
29.46486199999521
29.46486199999521
29.46486199999521
29.46486199999521
29.46486199999521
29.46486199999521
29.46486199999521
29.46486199999521
29.46486199999521
29.46486199999521
29.46486199999521
29.46486199999521
29.46486199999521
29.46486199999521
29.46486199999521
29.46486199999521
29.46486199999521
29.46486199999521
29.46486199999521
29.46486199999521
29.46486199999521
29.46486199999521
29.46486199999521
29.46486199999521
29.46486199999521
29.46486199999521
29.46486199999521
29.46486199999521
29.46486199999521
29.46486199999521
29.46486199999521
29.46486199999521
29.46486199999521
29.46486199999521
29.46486199999521
29.46486199999521
29.46486199999521
29.46486199999521
29.46486199999521
29.46486199999521
29.46486199999521
29.46486199999521
29.46486199999521
29.46486199999521
29.46486199999521
29.46486199999521
29.46486199999521
29.46486199999521
29.46486199999521
29.46486199999521
29.46486199999521
29.46486199999521
29.46486199999521
29.46486199999521
29.46486199999521
29.46486199999521
29.46486199999521
29.46486199999521
29.46486199999521
29.46486199999521
29.46486199999521
29.46486199999521
29.46486199999521
29.46486199999521
29.46486199999521
29.46486199999521
29.46486199999521
29.46486199999521
29.46486199999521
29.46486199999521
29.46486199999521
29.46486199999521
29.46486199999521
29.46486199999521
29.46486199999521
29.46486199999521
29.46486199999521
29.46486199999521
29.46486199999521
29.46486199999521
29.46486199999521
29.46486199999521
29.46486199999521
29.46486199999521
29.46486199999521
29.46486199999521
29.46486199999521
29.46486199999521
29.46486199999521
29.46486199999521
29.46486199999521
29.46486199999521
29.46486199999521
29.46486199999521
29.46486199999521
29.46486199999521
29.46486199999521
29.46486199999521
29.46486199999521
29.46486199999521
29.46486199999521
29.46486199999521
29.46486199999521
29.46486199999521
29.46486199999521
29.46486199999521
29.46486199999521
29.46486199999521
29.46486199999521
29.46486199999521
29.46486199999521
29.46486199999521
29.46486199999521
29.46486199999521
29.46486199999521
29.46486199999521
29.46486199999521
29.46486199999521
29.46486199999521
29.46486199999521
29.46486199999521
29.46486199999521
29.46486199999521
29.46486199999521
29.46486199999521
29.46486199999521
29.46486199999521
29.46486199999521
29.46486199999521
29.46486199999521
29.46486199999521
29.46486199999521
29.46486199999521
29.46486199999521
29.46486199999521
29.46486199999521
29.46486199999521
29.46486199999521
29.46486199999521
29.46486199999521
29.46486199999521
29.46486199999521
29.46486199999521
29.46486199999521
29.46486199999521
29.46486199999521
29.46486199999521
29.46486199999521
29.46486199999521
29.46486199999521
29.46486199999521
29.46486199999521
29.46486199999521
29.46486199999521
29.46486199999521
29.46486199999521
29.46486199999521
29.46486199999521
29.46486199999521
29.46486199999521
29.46486199999521
29.46486199999521
29.46486199999521
29.46486199999521
29.46486199999521
29.46486199999521
29.46486199999521
29.46486199999521
29.46486199999521
29.46486199999521
29.46486199999521
29.46486199999521
29.46486199999521
29.46486199999521
29.46486199999521
29.46486199999521
29.46486199999521
29.46486199999521
29.46486199999521
29.46486199999521
29.46486199999521
29.46486199999521
29.46486199999521
29.46486199999521
29.46486199999521
29.46486199999521
29.46486199999521
29.46486199999521
29.46486199999521
29.46486199999521
29.46486199999521
29.46486199999521
29.46486199999521
29.46486199999521
29.46486199999521
29.46486199999521
29.46486199999521
29.46486199999521
29.46486199999521
29.46486199999521
29.46486199999521
29.46486199999521
29.46486199999521
29.46486199999521
29.46486199999521
29.46486199999521
29.46486199999521
29.46486199999521
29.46486199999521
29.46486199999521
29.46486199999521
29.46486199999521
29.46486199999521
29.46486199999521
29.46486199999521
29.46486199999521
29.46486199999521
29.46486199999521
29.46486199999521
29.46486199999521
29.46486199999521
29.46486199999521
29.46486199999521
29.46486199999521
29.46486199999521
29.46486199999521
29.46486199999521
29.46486199999521
29.46486199999521
29.46486199999521
29.46486199999521
29.46486199999521
29.46486199999521
29.46486199999521
29.46486199999521
29.46486199999521
29.46486199999521
29.46486199999521
29.46486199999521
29.46486199999521
29.46486199999521
29.46486199999521
29.46486199999521
29.46486199999521
29.46486199999521
29.46486199999521
29.46486199999521
29.46486199999521
29.46486199999521
29.46486199999521
29.46486199999521
29.46486199999521
29.46486199999521
29.46486199999521
29.46486199999521
29.46486199999521
29.46486199999521
29.46486199999521
29.46486199999521
29.46486199999521
29.46486199999521
29.46486199999521
29.46486199999521
29.46486199999521
29.46486199999521
29.46486199999521
29.46486199999521
29.46486199999521
29.46486199999521
29.46486199999521
29.46486199999521
29.46486199999521
29.46486199999521
29.46486199999521
29.46486199999521
29.46486199999521
29.46486199999521
29.46486199999521
29.46486199999521
29.46486199999521
29.46486199999521
29.46486199999521
29.46486199999521
29.46486199999521
29.46486199999521
29.46486199999521
29.46486199999521
29.46486199999521
29.46486199999521
29.46486199999521
29.46486199999521
29.46486199999521
29.46486199999521
29.46486199999521
29.46486199999521
29.46486199999521
29.46486199999521
29.46486199999521
29.46486199999521
29.46486199999521
29.46486199999521
29.46486199999521
29.46486199999521
29.46486199999521
29.46486199999521
29.46486199999521
29.46486199999521
29.46486199999521
29.46486199999521
29.46486199999521
29.46486199999521
29.46486199999521
29.46486199999521
29.46486199999521
29.46486199999521
29.46486199999521
29.46486199999521
29.46486199999521
29.46486199999521
29.46486199999521
29.46486199999521
29.46486199999521
29.46486199999521
29.46486199999521
29.46486199999521
29.46486199999521
29.46486199999521
29.46486199999521
29.46486199999521
29.46486199999521
29.46486199999521
29.46486199999521
29.46486199999521
29.46486199999521
29.46486199999521
29.46486199999521
29.46486199999521
29.46486199999521
29.46486199999521
29.46486199999521
29.46486199999521
29.46486199999521
29.46486199999521
29.46486199999521
29.46486199999521
29.46486199999521
29.46486199999521
29.46486199999521
29.46486199999521
29.46486199999521
29.46486199999521
29.46486199999521
29.46486199999521
29.46486199999521
29.46486199999521
29.46486199999521
29.46486199999521
29.46486199999521
29.46486199999521
29.46486199999521
29.46486199999521
29.46486199999521
29.46486199999521
29.46486199999521
29.46486199999521
29.46486199999521
29.46486199999521
29.46486199999521
29.46486199999521
29.46486199999521
29.46486199999521
29.46486199999521
29.46486199999521
29.46486199999521
29.46486199999521
29.46486199999521
29.46486199999521
29.46486199999521
29.46486199999521
29.46486199999521
29.46486199999521
29.46486199999521
29.46486199999521
29.46486199999521
29.46486199999521
29.46486199999521
29.46486199999521
29.46486199999521
29.46486199999521
29.46486199999521
29.46486199999521
29.46486199999521
29.46486199999521
29.46486199999521
29.46486199999521
29.46486199999521
29.46486199999521
29.46486199999521
29.46486199999521
29.46486199999521
29.46486199999521
29.46486199999521
29.46486199999521
29.46486199999521
29.46486199999521
29.46486199999521
29.46486199999521
29.46486199999521
29.46486199999521
29.46486199999521
29.46486199999521
29.46486199999521
29.46486199999521
29.46486199999521
29.46486199999521
29.46486199999521
29.46486199999521
29.46486199999521
29.46486199999521
29.46486199999521
29.46486199999521
29.46486199999521
29.46486199999521
29.46486199999521
29.46486199999521
29.46486199999521
29.46486199999521
29.46486199999521
29.46486199999521
29.46486199999521
29.46486199999521
29.46486199999521
29.46486199999521
29.46486199999521
29.46486199999521
29.46486199999521
29.46486199999521
29.46486199999521
29.46486199999521
29.46486199999521
29.46486199999521
29.46486199999521
29.46486199999521
29.46486199999521
29.46486199999521
29.46486199999521
29.46486199999521
29.46486199999521
29.46486199999521
29.46486199999521
29.46486199999521
29.46486199999521
29.46486199999521
29.46486199999521
29.46486199999521
29.46486199999521
29.46486199999521
29.46486199999521
29.46486199999521
29.46486199999521
29.46486199999521
29.46486199999521
29.46486199999521
29.46486199999521
29.46486199999521
29.46486199999521
29.46486199999521
29.46486199999521
29.46486199999521
29.46486199999521
29.46486199999521
29.46486199999521
29.46486199999521
29.46486199999521
29.46486199999521
29.46486199999521
29.46486199999521
29.46486199999521
29.46486199999521
29.46486199999521
29.46486199999521
29.46486199999521
29.46486199999521
29.46486199999521
29.46486199999521
29.46486199999521
29.46486199999521
29.46486199999521
29.46486199999521
29.46486199999521
29.46486199999521
29.46486199999521
29.46486199999521
29.46486199999521
29.46486199999521
29.46486199999521
29.46486199999521
29.46486199999521
29.46486199999521
29.46486199999521
29.46486199999521
29.46486199999521
29.46486199999521
29.46486199999521
29.46486199999521
29.46486199999521
29.46486199999521
29.46486199999521
29.46486199999521
29.46486199999521
29.46486199999521
29.46486199999521
29.46486199999521
29.46486199999521
29.46486199999521
29.46486199999521
29.46486199999521
29.46486199999521
29.46486199999521
29.46486199999521
29.46486199999521
29.46486199999521
29.46486199999521
29.46486199999521
29.46486199999521
29.46486199999521
29.46486199999521
29.46486199999521
29.46486199999521
29.46486199999521
29.46486199999521
29.46486199999521
29.46486199999521
29.46486199999521
29.46486199999521
29.46486199999521
29.46486199999521
29.46486199999521
29.46486199999521
29.46486199999521
29.46486199999521
29.46486199999521
29.46486199999521
29.46486199999521
29.46486199999521
29.46486199999521
29.46486199999521
29.46486199999521
29.46486199999521
29.46486199999521
29.46486199999521
29.46486199999521
29.46486199999521
29.46486199999521
29.46486199999521
29.46486199999521
29.46486199999521
29.46486199999521
29.46486199999521
29.46486199999521
29.46486199999521
29.46486199999521
29.46486199999521
29.46486199999521
29.46486199999521
29.46486199999521
29.46486199999521
29.46486199999521
29.46486199999521
29.46486199999521
29.46486199999521
29.46486199999521
29.46486199999521
29.46486199999521
29.46486199999521
29.46486199999521
29.46486199999521
29.46486199999521
29.46486199999521
29.46486199999521
29.46486199999521
29.46486199999521
29.46486199999521
29.46486199999521
29.46486199999521
29.46486199999521
29.46486199999521
29.46486199999521
29.46486199999521
29.46486199999521
29.46486199999521
29.46486199999521
29.46486199999521
29.46486199999521
29.46486199999521
29.46486199999521
29.46486199999521
29.46486199999521
29.46486199999521
29.46486199999521
29.46486199999521
29.46486199999521
29.46486199999521
29.46486199999521
29.46486199999521
29.46486199999521
29.46486199999521
29.46486199999521
29.46486199999521
29.46486199999521
29.46486199999521
29.46486199999521
29.46486199999521
29.46486199999521
29.46486199999521
29.46486199999521
29.46486199999521
29.46486199999521
29.46486199999521
29.46486199999521
29.46486199999521
29.46486199999521
29.46486199999521
29.46486199999521
29.46486199999521
29.46486199999521
29.46486199999521
29.46486199999521
29.46486199999521
29.46486199999521
29.46486199999521
29.46486199999521
29.46486199999521
29.46486199999521
29.46486199999521
29.46486199999521
29.46486199999521
29.46486199999521
29.46486199999521
29.46486199999521
29.46486199999521
29.46486199999521
29.46486199999521
29.46486199999521
29.46486199999521
29.46486199999521
29.46486199999521
29.46486199999521
29.46486199999521
29.46486199999521
29.46486199999521
29.46486199999521
29.46486199999521
29.46486199999521
29.46486199999521
29.46486199999521
29.46486199999521
29.46486199999521
29.46486199999521
29.46486199999521
29.46486199999521
29.46486199999521
29.46486199999521
29.46486199999521
29.46486199999521
29.46486199999521
29.46486199999521
29.46486199999521
29.46486199999521
29.46486199999521
29.46486199999521
29.46486199999521
29.46486199999521
29.46486199999521
29.46486199999521
29.46486199999521
29.46486199999521
29.46486199999521
29.46486199999521
29.46486199999521
29.46486199999521
29.46486199999521
29.46486199999521
29.46486199999521
29.46486199999521
29.46486199999521
29.46486199999521
29.46486199999521
29.46486199999521
29.46486199999521
29.46486199999521
29.46486199999521
29.46486199999521
29.46486199999521
29.46486199999521
29.46486199999521
29.46486199999521
29.46486199999521
29.46486199999521
29.46486199999521
29.46486199999521
29.46486199999521
29.46486199999521
29.46486199999521
29.46486199999521
29.46486199999521
29.46486199999521
29.46486199999521
29.46486199999521
29.46486199999521
29.46486199999521
29.46486199999521
29.46486199999521
29.46486199999521
29.46486199999521
29.46486199999521
29.46486199999521
29.46486199999521
29.46486199999521
29.46486199999521
29.46486199999521
29.46486199999521
29.46486199999521
29.46486199999521
29.46486199999521
29.46486199999521
29.46486199999521
29.46486199999521
29.46486199999521
29.46486199999521
29.46486199999521
29.46486199999521
29.46486199999521
29.46486199999521
29.46486199999521
29.46486199999521
29.46486199999521
29.46486199999521
29.46486199999521
29.46486199999521
29.46486199999521
29.46486199999521
29.46486199999521
29.46486199999521
29.46486199999521
29.46486199999521
29.46486199999521
29.46486199999521
29.46486199999521
29.46486199999521
29.46486199999521
29.46486199999521
29.46486199999521
29.46486199999521
29.46486199999521
29.46486199999521
29.46486199999521
29.46486199999521
29.46486199999521
29.46486199999521
29.46486199999521
29.46486199999521
29.46486199999521
29.46486199999521
29.46486199999521
29.46486199999521
29.46486199999521
29.46486199999521
29.46486199999521
29.46486199999521
29.46486199999521
29.46486199999521
29.46486199999521
29.46486199999521
29.46486199999521
29.46486199999521
29.46486199999521
29.46486199999521
29.46486199999521
29.46486199999521
29.46486199999521
29.46486199999521
29.46486199999521
29.46486199999521
29.46486199999521
29.46486199999521
29.46486199999521
29.46486199999521
29.46486199999521
29.46486199999521
29.46486199999521
29.46486199999521
29.46486199999521
29.46486199999521
29.46486199999521
29.46486199999521
29.46486199999521
29.46486199999521
29.46486199999521
29.46486199999521
29.46486199999521
29.46486199999521
29.46486199999521
29.46486199999521
29.46486199999521
29.46486199999521
29.46486199999521
29.46486199999521
29.46486199999521
29.46486199999521
29.46486199999521
29.46486199999521
29.46486199999521
29.46486199999521
29.46486199999521
29.46486199999521
29.46486199999521
29.46486199999521
29.46486199999521
29.46486199999521
29.46486199999521
29.46486199999521
29.46486199999521
29.46486199999521
29.46486199999521
29.46486199999521
29.46486199999521
29.46486199999521
29.46486199999521
29.46486199999521
29.46486199999521
29.46486199999521
29.46486199999521
29.46486199999521
29.46486199999521
29.46486199999521
29.46486199999521
29.46486199999521
29.46486199999521
29.46486199999521
29.46486199999521
29.46486199999521
29.46486199999521
29.46486199999521
29.46486199999521
29.46486199999521
29.46486199999521
29.46486199999521
29.46486199999521
29.46486199999521
29.46486199999521
29.46486199999521
29.46486199999521
29.46486199999521
29.46486199999521
29.46486199999521
29.46486199999521
29.46486199999521
29.46486199999521
29.46486199999521
29.46486199999521
29.46486199999521
29.46486199999521
29.46486199999521
29.46486199999521
29.46486199999521
29.46486199999521
29.46486199999521
29.46486199999521
29.46486199999521
29.46486199999521
29.46486199999521
29.46486199999521
29.46486199999521
29.46486199999521
29.46486199999521
29.46486199999521
29.46486199999521
29.46486199999521
29.46486199999521
29.46486199999521
29.46486199999521
29.46486199999521
29.46486199999521
29.46486199999521
29.46486199999521
29.46486199999521
29.46486199999521
29.46486199999521
29.46486199999521
29.46486199999521
29.46486199999521
29.46486199999521
29.46486199999521
29.46486199999521
29.46486199999521
29.46486199999521
29.46486199999521
29.46486199999521
29.46486199999521
29.46486199999521
29.46486199999521
29.46486199999521
29.46486199999521
29.46486199999521
29.46486199999521
29.46486199999521
29.46486199999521
29.46486199999521
29.46486199999521
29.46486199999521
29.46486199999521
29.46486199999521
29.46486199999521
29.46486199999521
29.46486199999521
29.46486199999521
29.46486199999521
29.46486199999521
29.46486199999521
29.46486199999521
29.46486199999521
29.46486199999521
29.46486199999521
29.46486199999521
29.46486199999521
29.46486199999521
29.46486199999521
29.46486199999521
29.46486199999521
29.46486199999521
29.46486199999521
29.46486199999521
29.46486199999521
29.46486199999521
29.46486199999521
29.46486199999521
29.46486199999521
29.46486199999521
29.46486199999521
29.46486199999521
29.46486199999521
29.46486199999521
29.46486199999521
29.46486199999521
29.46486199999521
29.46486199999521
29.46486199999521
29.46486199999521
29.46486199999521
29.46486199999521
29.46486199999521
29.46486199999521
29.46486199999521
29.46486199999521
29.46486199999521
29.46486199999521
29.46486199999521
29.46486199999521
29.46486199999521
29.46486199999521
29.46486199999521
29.46486199999521
29.46486199999521
29.46486199999521
29.46486199999521
29.46486199999521
29.46486199999521
29.46486199999521
29.46486199999521
29.46486199999521
29.46486199999521
29.46486199999521
29.46486199999521
29.46486199999521
29.46486199999521
29.46486199999521
29.46486199999521
29.46486199999521
29.46486199999521
29.46486199999521
29.46486199999521
29.46486199999521
29.46486199999521
29.46486199999521
29.46486199999521
29.46486199999521
29.46486199999521
29.46486199999521
29.46486199999521
29.46486199999521
29.46486199999521
29.46486199999521
29.46486199999521
29.46486199999521
29.46486199999521
29.46486199999521
29.46486199999521
29.46486199999521
29.46486199999521
29.46486199999521
29.46486199999521
29.46486199999521
29.46486199999521
29.46486199999521
29.46486199999521
29.46486199999521
29.46486199999521
29.46486199999521
29.46486199999521
29.46486199999521
29.46486199999521
29.46486199999521
29.46486199999521
29.46486199999521
29.46486199999521
29.46486199999521
29.46486199999521
29.46486199999521
29.46486199999521
29.46486199999521
29.46486199999521
29.46486199999521
29.46486199999521
29.46486199999521
29.46486199999521
29.46486199999521
29.46486199999521
29.46486199999521
29.46486199999521
29.46486199999521
29.46486199999521
29.46486199999521
29.46486199999521
29.46486199999521
29.46486199999521
29.46486199999521
29.46486199999521
29.46486199999521
29.46486199999521
29.46486199999521
29.46486199999521
29.46486199999521
29.46486199999521
29.46486199999521
29.46486199999521
29.46486199999521
29.46486199999521
29.46486199999521
29.46486199999521
29.46486199999521
29.46486199999521
29.46486199999521
29.46486199999521
29.46486199999521
29.46486199999521
29.46486199999521
29.46486199999521
29.46486199999521
29.46486199999521
29.46486199999521
29.46486199999521
29.46486199999521
29.46486199999521
29.46486199999521
29.46486199999521
29.46486199999521
29.46486199999521
29.46486199999521
29.46486199999521
29.46486199999521
29.46486199999521
29.46486199999521
29.46486199999521
29.46486199999521
29.46486199999521
29.46486199999521
29.46486199999521
29.46486199999521
29.46486199999521
29.46486199999521
29.46486199999521
29.46486199999521
29.46486199999521
29.46486199999521
29.46486199999521
29.46486199999521
29.46486199999521
29.46486199999521
29.46486199999521
29.46486199999521
29.46486199999521
29.46486199999521
29.46486199999521
29.46486199999521
29.46486199999521
29.46486199999521
29.46486199999521
29.46486199999521
29.46486199999521
29.46486199999521
29.46486199999521
29.46486199999521
29.46486199999521
29.46486199999521
29.46486199999521
29.46486199999521
29.46486199999521
29.46486199999521
29.46486199999521
29.46486199999521
29.46486199999521
29.46486199999521
29.46486199999521
29.46486199999521
29.46486199999521
29.46486199999521
29.46486199999521
29.46486199999521
29.46486199999521
29.46486199999521
29.46486199999521
29.46486199999521
29.46486199999521
29.46486199999521
29.46486199999521
29.46486199999521
29.46486199999521
29.46486199999521
29.46486199999521
29.46486199999521
29.46486199999521
29.46486199999521
29.46486199999521
29.46486199999521
29.46486199999521
29.46486199999521
29.46486199999521
29.46486199999521
29.46486199999521
29.46486199999521
29.46486199999521
29.46486199999521
29.46486199999521
29.46486199999521
29.46486199999521
29.46486199999521
29.46486199999521
29.46486199999521
29.46486199999521
29.46486199999521
29.46486199999521
29.46486199999521
29.46486199999521
29.46486199999521
29.46486199999521
29.46486199999521
29.46486199999521
29.46486199999521
29.46486199999521
29.46486199999521
29.46486199999521
29.46486199999521
29.46486199999521
29.46486199999521
29.46486199999521
29.46486199999521
29.46486199999521
29.46486199999521
29.46486199999521
29.46486199999521
29.46486199999521
29.46486199999521
29.46486199999521
29.46486199999521
29.46486199999521
29.46486199999521
29.46486199999521
29.46486199999521
29.46486199999521
29.46486199999521
29.46486199999521
29.46486199999521
29.46486199999521
29.46486199999521
29.46486199999521
29.46486199999521
29.46486199999521
29.46486199999521
29.46486199999521
29.46486199999521
29.46486199999521
29.46486199999521
29.46486199999521
29.46486199999521
29.46486199999521
29.46486199999521
29.46486199999521
29.46486199999521
29.46486199999521
29.46486199999521
29.46486199999521
29.46486199999521
29.46486199999521
29.46486199999521
29.46486199999521
29.46486199999521
29.46486199999521
29.46486199999521
29.46486199999521
29.46486199999521
29.46486199999521
29.46486199999521
29.46486199999521
29.46486199999521
29.46486199999521
29.46486199999521
29.46486199999521
29.46486199999521
29.46486199999521
29.46486199999521
29.46486199999521
29.46486199999521
29.46486199999521
29.46486199999521
29.46486199999521
29.46486199999521
29.46486199999521
29.46486199999521
29.46486199999521
29.46486199999521
29.46486199999521
29.46486199999521
29.46486199999521
29.46486199999521
29.46486199999521
29.46486199999521
29.46486199999521
29.46486199999521
29.46486199999521
29.46486199999521
29.46486199999521
29.46486199999521
29.46486199999521
29.46486199999521
29.46486199999521
29.46486199999521
29.46486199999521
29.46486199999521
29.46486199999521
29.46486199999521
29.46486199999521
29.46486199999521
29.46486199999521
29.46486199999521
29.46486199999521
29.46486199999521
29.46486199999521
29.46486199999521
29.46486199999521
29.46486199999521
29.46486199999521
29.46486199999521
29.46486199999521
29.46486199999521
29.46486199999521
29.46486199999521
29.46486199999521
29.46486199999521
29.46486199999521
29.46486199999521
29.46486199999521
29.46486199999521
29.46486199999521
29.46486199999521
29.46486199999521
29.46486199999521
29.46486199999521
29.46486199999521
29.46486199999521
29.46486199999521
29.46486199999521
29.46486199999521
29.46486199999521
29.46486199999521
29.46486199999521
29.46486199999521
29.46486199999521
29.46486199999521
29.46486199999521
29.46486199999521
29.46486199999521
29.46486199999521
29.46486199999521
29.46486199999521
29.46486199999521
29.46486199999521
29.46486199999521
29.46486199999521
29.46486199999521
29.46486199999521
29.46486199999521
29.46486199999521
29.46486199999521
29.46486199999521
29.46486199999521
29.46486199999521
29.46486199999521
29.46486199999521
29.46486199999521
29.46486199999521
29.46486199999521
29.46486199999521
29.46486199999521
29.46486199999521
29.46486199999521
29.46486199999521
29.46486199999521
29.46486199999521
29.46486199999521
29.46486199999521
29.46486199999521
29.46486199999521
29.46486199999521
29.46486199999521
29.46486199999521
29.46486199999521
29.46486199999521
29.46486199999521
29.46486199999521
29.46486199999521
29.46486199999521
29.46486199999521
29.46486199999521
29.46486199999521
29.46486199999521
29.46486199999521
29.46486199999521
29.46486199999521
29.46486199999521
29.46486199999521
29.46486199999521
29.46486199999521
29.46486199999521
29.46486199999521
29.46486199999521
29.46486199999521
29.46486199999521
29.46486199999521
29.46486199999521
29.46486199999521
29.46486199999521
29.46486199999521
29.46486199999521
29.46486199999521
29.46486199999521
29.46486199999521
29.46486199999521
29.46486199999521
29.46486199999521
29.46486199999521
29.46486199999521
29.46486199999521
29.46486199999521
29.46486199999521
29.46486199999521
29.46486199999521
29.46486199999521
29.46486199999521
29.46486199999521
29.46486199999521
29.46486199999521
29.46486199999521
29.46486199999521
29.46486199999521
29.46486199999521
29.46486199999521
29.46486199999521
29.46486199999521
29.46486199999521
29.46486199999521
29.46486199999521
29.46486199999521
29.46486199999521
29.46486199999521
29.46486199999521
29.46486199999521
29.46486199999521
29.46486199999521
29.46486199999521
29.46486199999521
29.46486199999521
29.46486199999521
29.46486199999521
29.46486199999521
29.46486199999521
29.46486199999521
29.46486199999521
29.46486199999521
29.46486199999521
29.46486199999521
29.46486199999521
29.46486199999521
29.46486199999521
29.46486199999521
29.46486199999521
29.46486199999521
29.46486199999521
29.46486199999521
29.46486199999521
29.46486199999521
29.46486199999521
29.46486199999521
29.46486199999521
29.46486199999521
29.46486199999521
29.46486199999521
29.46486199999521
29.46486199999521
29.46486199999521
29.46486199999521
29.46486199999521
29.46486199999521
29.46486199999521
29.46486199999521
29.46486199999521
29.46486199999521
29.46486199999521
29.46486199999521
29.46486199999521
29.46486199999521
29.46486199999521
29.46486199999521
29.46486199999521
29.46486199999521
29.46486199999521
29.46486199999521
29.46486199999521
29.46486199999521
29.46486199999521
29.46486199999521
29.46486199999521
29.46486199999521
29.46486199999521
29.46486199999521
29.46486199999521
29.46486199999521
29.46486199999521
29.46486199999521
29.46486199999521
29.46486199999521
29.46486199999521
29.46486199999521
29.46486199999521
29.46486199999521
29.46486199999521
29.46486199999521
29.46486199999521
29.46486199999521
29.46486199999521
29.46486199999521
29.46486199999521
29.46486199999521
29.46486199999521
29.46486199999521
29.46486199999521
29.46486199999521
29.46486199999521
29.46486199999521
29.46486199999521
29.46486199999521
29.46486199999521
29.46486199999521
29.46486199999521
29.46486199999521
29.46486199999521
29.46486199999521
29.46486199999521
29.46486199999521
29.46486199999521
29.46486199999521
29.46486199999521
29.46486199999521
29.46486199999521
29.46486199999521
29.46486199999521
29.46486199999521
29.46486199999521
29.46486199999521
29.46486199999521
29.46486199999521
29.46486199999521
29.46486199999521
29.46486199999521
29.46486199999521
29.46486199999521
29.46486199999521
29.46486199999521
29.46486199999521
29.46486199999521
29.46486199999521
29.46486199999521
29.46486199999521
29.46486199999521
29.46486199999521
29.46486199999521
29.46486199999521
29.46486199999521
29.46486199999521
29.46486199999521
29.46486199999521
29.46486199999521
29.46486199999521
29.46486199999521
29.46486199999521
29.46486199999521
29.46486199999521
29.46486199999521
29.46486199999521
29.46486199999521
29.46486199999521
29.46486199999521
29.46486199999521
29.46486199999521
29.46486199999521
29.46486199999521
29.46486199999521
29.46486199999521
29.46486199999521
29.46486199999521
29.46486199999521
29.46486199999521
29.46486199999521
29.46486199999521
29.46486199999521
29.46486199999521
29.46486199999521
29.46486199999521
29.46486199999521
29.46486199999521
29.46486199999521
29.46486199999521
29.46486199999521
29.46486199999521
29.46486199999521
29.46486199999521
29.46486199999521
29.46486199999521
29.46486199999521
29.46486199999521
29.46486199999521
29.46486199999521
29.46486199999521
29.46486199999521
29.46486199999521
29.46486199999521
29.46486199999521
29.46486199999521
29.46486199999521
29.46486199999521
29.46486199999521
29.46486199999521
29.46486199999521
29.46486199999521
29.46486199999521
29.46486199999521
29.46486199999521
29.46486199999521
29.46486199999521
29.46486199999521
29.46486199999521
29.46486199999521
29.46486199999521
29.46486199999521
29.46486199999521
29.46486199999521
29.46486199999521
29.46486199999521
29.46486199999521
29.46486199999521
29.46486199999521
29.46486199999521
29.46486199999521
29.46486199999521
29.46486199999521
29.46486199999521
29.46486199999521
29.46486199999521
29.46486199999521
29.46486199999521
29.46486199999521
29.46486199999521
29.46486199999521
29.46486199999521
29.46486199999521
29.46486199999521
29.46486199999521
29.46486199999521
29.46486199999521
29.46486199999521
29.46486199999521
29.46486199999521
29.46486199999521
29.46486199999521
29.46486199999521
29.46486199999521
29.46486199999521
29.46486199999521
29.46486199999521
29.46486199999521
29.46486199999521
29.46486199999521
29.46486199999521
29.46486199999521
29.46486199999521
29.46486199999521
29.46486199999521
29.46486199999521
29.46486199999521
29.46486199999521
29.46486199999521
29.46486199999521
29.46486199999521
29.46486199999521
29.46486199999521
29.46486199999521
29.46486199999521
29.46486199999521
29.46486199999521
29.46486199999521
29.46486199999521
29.46486199999521
29.46486199999521
29.46486199999521
29.46486199999521
29.46486199999521
29.46486199999521
29.46486199999521
29.46486199999521
29.46486199999521
29.46486199999521
29.46486199999521
29.46486199999521
29.46486199999521
29.46486199999521
29.46486199999521
29.46486199999521
29.46486199999521
29.46486199999521
29.46486199999521
29.46486199999521
29.46486199999521
29.46486199999521
29.46486199999521
29.46486199999521
29.46486199999521
29.46486199999521
29.46486199999521
29.46486199999521
29.46486199999521
29.46486199999521
29.46486199999521
29.46486199999521
29.46486199999521
29.46486199999521
29.46486199999521
29.46486199999521
29.46486199999521
29.46486199999521
29.46486199999521
29.46486199999521
29.46486199999521
29.46486199999521
29.46486199999521
29.46486199999521
29.46486199999521
29.46486199999521
29.46486199999521
29.46486199999521
29.46486199999521
29.46486199999521
29.46486199999521
29.46486199999521
29.46486199999521
29.46486199999521
29.46486199999521
29.46486199999521
29.46486199999521
29.46486199999521
29.46486199999521
29.46486199999521
29.46486199999521
29.46486199999521
29.46486199999521
29.46486199999521
29.46486199999521
29.46486199999521
29.46486199999521
29.46486199999521
29.46486199999521
29.46486199999521
29.46486199999521
29.46486199999521
29.46486199999521
29.46486199999521
29.46486199999521
29.46486199999521
29.46486199999521
29.46486199999521
29.46486199999521
29.46486199999521
29.46486199999521
29.46486199999521
29.46486199999521
29.46486199999521
29.46486199999521
29.46486199999521
29.46486199999521
29.46486199999521
29.46486199999521
29.46486199999521
29.46486199999521
29.46486199999521
29.46486199999521
29.46486199999521
29.46486199999521
29.46486199999521
29.46486199999521
29.46486199999521
29.46486199999521
29.46486199999521
29.46486199999521
29.46486199999521
29.46486199999521
29.46486199999521
29.46486199999521
29.46486199999521
29.46486199999521
29.46486199999521
29.46486199999521
29.46486199999521
29.46486199999521
29.46486199999521
29.46486199999521
29.46486199999521
29.46486199999521
29.46486199999521
29.46486199999521
29.46486199999521
29.46486199999521
29.46486199999521
29.46486199999521
29.46486199999521
29.46486199999521
29.46486199999521
29.46486199999521
29.46486199999521
29.46486199999521
29.46486199999521
29.46486199999521
29.46486199999521
29.46486199999521
29.46486199999521
29.46486199999521
29.46486199999521
29.46486199999521
29.46486199999521
29.46486199999521
29.46486199999521
29.46486199999521
29.46486199999521
29.46486199999521
29.46486199999521
29.46486199999521
29.46486199999521
29.46486199999521
29.46486199999521
29.46486199999521
29.46486199999521
29.46486199999521
29.46486199999521
29.46486199999521
29.46486199999521
29.46486199999521
29.46486199999521
29.46486199999521
29.46486199999521
29.46486199999521
29.46486199999521
29.46486199999521
29.46486199999521
29.46486199999521
29.46486199999521
29.46486199999521
29.46486199999521
29.46486199999521
29.46486199999521
29.46486199999521
29.46486199999521
29.46486199999521
29.46486199999521
29.46486199999521
29.46486199999521
29.46486199999521
29.46486199999521
29.46486199999521
29.46486199999521
29.46486199999521
29.46486199999521
29.46486199999521
29.46486199999521
29.46486199999521
29.46486199999521
29.46486199999521
29.46486199999521
29.46486199999521
29.46486199999521
29.46486199999521
29.46486199999521
29.46486199999521
29.46486199999521
29.46486199999521
29.46486199999521
29.46486199999521
29.46486199999521
29.46486199999521
29.46486199999521
29.46486199999521
29.46486199999521
29.46486199999521
29.46486199999521
29.46486199999521
29.46486199999521
29.46486199999521
29.46486199999521
29.46486199999521
29.46486199999521
29.46486199999521
29.46486199999521
29.46486199999521
29.46486199999521
29.46486199999521
29.46486199999521
29.46486199999521
29.46486199999521
29.46486199999521
29.46486199999521
29.46486199999521
29.46486199999521
29.46486199999521
29.46486199999521
29.46486199999521
29.46486199999521
29.46486199999521
29.46486199999521
29.46486199999521
29.46486199999521
29.46486199999521
29.46486199999521
29.46486199999521
29.46486199999521
29.46486199999521
29.46486199999521
29.46486199999521
29.46486199999521
29.46486199999521
29.46486199999521
29.46486199999521
29.46486199999521
29.46486199999521
29.46486199999521
29.46486199999521
29.46486199999521
29.46486199999521
29.46486199999521
29.46486199999521
29.46486199999521
29.46486199999521
29.46486199999521
29.46486199999521
29.46486199999521
29.46486199999521
29.46486199999521
29.46486199999521
29.46486199999521
29.46486199999521
29.46486199999521
29.46486199999521
29.46486199999521
29.46486199999521
29.46486199999521
29.46486199999521
29.46486199999521
29.46486199999521
29.46486199999521
29.46486199999521
29.46486199999521
29.46486199999521
29.46486199999521
29.46486199999521
29.46486199999521
29.46486199999521
29.46486199999521
29.46486199999521
29.46486199999521
29.46486199999521
29.46486199999521
29.46486199999521
29.46486199999521
29.46486199999521
29.46486199999521
29.46486199999521
29.46486199999521
29.46486199999521
29.46486199999521
29.46486199999521
29.46486199999521
29.46486199999521
29.46486199999521
29.46486199999521
29.46486199999521
29.46486199999521
29.46486199999521
29.46486199999521
29.46486199999521
29.46486199999521
29.46486199999521
29.46486199999521
29.46486199999521
29.46486199999521
29.46486199999521
29.46486199999521
29.46486199999521
29.46486199999521
29.46486199999521
29.46486199999521
29.46486199999521
29.46486199999521
29.46486199999521
29.46486199999521
29.46486199999521
29.46486199999521
29.46486199999521
29.46486199999521
29.46486199999521
29.46486199999521
29.46486199999521
29.46486199999521
29.46486199999521
29.46486199999521
29.46486199999521
29.46486199999521
29.46486199999521
29.46486199999521
29.46486199999521
29.46486199999521
29.46486199999521
29.46486199999521
29.46486199999521
29.46486199999521
29.46486199999521
29.46486199999521
29.46486199999521
29.46486199999521
29.46486199999521
29.46486199999521
29.46486199999521
29.46486199999521
29.46486199999521
29.46486199999521
29.46486199999521
29.46486199999521
29.46486199999521
29.46486199999521
29.46486199999521
29.46486199999521
29.46486199999521
29.46486199999521
29.46486199999521
29.46486199999521
29.46486199999521
29.46486199999521
29.46486199999521
29.46486199999521
29.46486199999521
29.46486199999521
29.46486199999521
29.46486199999521
29.46486199999521
29.46486199999521
29.46486199999521
29.46486199999521
29.46486199999521
29.46486199999521
29.46486199999521
29.46486199999521
29.46486199999521
29.46486199999521
29.46486199999521
29.46486199999521
29.46486199999521
29.46486199999521
29.46486199999521
29.46486199999521
29.46486199999521
29.46486199999521
29.46486199999521
29.46486199999521
29.46486199999521
29.46486199999521
29.46486199999521
29.46486199999521
29.46486199999521
29.46486199999521
29.46486199999521
29.46486199999521
29.46486199999521
29.46486199999521
29.46486199999521
29.46486199999521
29.46486199999521
29.46486199999521
29.46486199999521
29.46486199999521
29.46486199999521
29.46486199999521
29.46486199999521
29.46486199999521
29.46486199999521
29.46486199999521
29.46486199999521
29.46486199999521
29.46486199999521
29.46486199999521
29.46486199999521
29.46486199999521
29.46486199999521
29.46486199999521
29.46486199999521
29.46486199999521
29.46486199999521
29.46486199999521
29.46486199999521
29.46486199999521
29.46486199999521
29.46486199999521
29.46486199999521
29.46486199999521
29.46486199999521
29.46486199999521
29.46486199999521
29.46486199999521
29.46486199999521
29.46486199999521
29.46486199999521
29.46486199999521
29.46486199999521
29.46486199999521
29.46486199999521
29.46486199999521
29.46486199999521
29.46486199999521
29.46486199999521
29.46486199999521
29.46486199999521
29.46486199999521
29.46486199999521
29.46486199999521
29.46486199999521
29.46486199999521
29.46486199999521
29.46486199999521
29.46486199999521
29.46486199999521
29.46486199999521
29.46486199999521
29.46486199999521
29.46486199999521
29.46486199999521
29.46486199999521
29.46486199999521
29.46486199999521
29.46486199999521
29.46486199999521
29.46486199999521
29.46486199999521
29.46486199999521
29.46486199999521
29.46486199999521
29.46486199999521
29.46486199999521
29.46486199999521
29.46486199999521
29.46486199999521
29.46486199999521
29.46486199999521
29.46486199999521
29.46486199999521
29.46486199999521
29.46486199999521
29.46486199999521
29.46486199999521
29.46486199999521
29.46486199999521
29.46486199999521
29.46486199999521
29.46486199999521
29.46486199999521
29.46486199999521
29.46486199999521
29.46486199999521
29.46486199999521
29.46486199999521
29.46486199999521
29.46486199999521
29.46486199999521
29.46486199999521
29.46486199999521
29.46486199999521
29.46486199999521
29.46486199999521
29.46486199999521
29.46486199999521
29.46486199999521
29.46486199999521
29.46486199999521
29.46486199999521
29.46486199999521
29.46486199999521
29.46486199999521
29.46486199999521
29.46486199999521
29.46486199999521
29.46486199999521
29.46486199999521
29.46486199999521
29.46486199999521
29.46486199999521
29.46486199999521
29.46486199999521
29.46486199999521
29.46486199999521
29.46486199999521
29.46486199999521
29.46486199999521
29.46486199999521
29.46486199999521
29.46486199999521
29.46486199999521
29.46486199999521
29.46486199999521
29.46486199999521
29.46486199999521
29.46486199999521
29.46486199999521
29.46486199999521
29.46486199999521
29.46486199999521
29.46486199999521
29.46486199999521
29.46486199999521
29.46486199999521
29.46486199999521
29.46486199999521
29.46486199999521
29.46486199999521
29.46486199999521
29.46486199999521
29.46486199999521
29.46486199999521
29.46486199999521
29.46486199999521
29.46486199999521
29.46486199999521
29.46486199999521
29.46486199999521
29.46486199999521
29.46486199999521
29.46486199999521
29.46486199999521
29.46486199999521
29.46486199999521
29.46486199999521
29.46486199999521
29.46486199999521
29.46486199999521
29.46486199999521
29.46486199999521
29.46486199999521
29.46486199999521
29.46486199999521
29.46486199999521
29.46486199999521
29.46486199999521
29.46486199999521
29.46486199999521
29.46486199999521
29.46486199999521
29.46486199999521
29.46486199999521
29.46486199999521
29.46486199999521
29.46486199999521
29.46486199999521
29.46486199999521
29.46486199999521
29.46486199999521
29.46486199999521
29.46486199999521
29.46486199999521
29.46486199999521
29.46486199999521
29.46486199999521
29.46486199999521
29.46486199999521
29.46486199999521
29.46486199999521
29.46486199999521
29.46486199999521
29.46486199999521
29.46486199999521
29.46486199999521
29.46486199999521
29.46486199999521
29.46486199999521
29.46486199999521
29.46486199999521
29.46486199999521
29.46486199999521
29.46486199999521
29.46486199999521
29.46486199999521
29.46486199999521
29.46486199999521
29.46486199999521
29.46486199999521
29.46486199999521
29.46486199999521
29.46486199999521
29.46486199999521
29.46486199999521
29.46486199999521
29.46486199999521
29.46486199999521
29.46486199999521
29.46486199999521
29.46486199999521
29.46486199999521
29.46486199999521
29.46486199999521
29.46486199999521
29.46486199999521
29.46486199999521
29.46486199999521
29.46486199999521
29.46486199999521
29.46486199999521
29.46486199999521
29.46486199999521
29.46486199999521
29.46486199999521
29.46486199999521
29.46486199999521
29.46486199999521
29.46486199999521
29.46486199999521
29.46486199999521
29.46486199999521
29.46486199999521
29.46486199999521
29.46486199999521
29.46486199999521
29.46486199999521
29.46486199999521
29.46486199999521
29.46486199999521
29.46486199999521
29.46486199999521
29.46486199999521
29.46486199999521
29.46486199999521
29.46486199999521
29.46486199999521
29.46486199999521
29.46486199999521
29.46486199999521
29.46486199999521
29.46486199999521
29.46486199999521
29.46486199999521
29.46486199999521
29.46486199999521
29.46486199999521
29.46486199999521
29.46486199999521
29.46486199999521
29.46486199999521
29.46486199999521
29.46486199999521
29.46486199999521
29.46486199999521
29.46486199999521
29.46486199999521
29.46486199999521
29.46486199999521
29.46486199999521
29.46486199999521
29.46486199999521
29.46486199999521
29.46486199999521
29.46486199999521
29.46486199999521
29.46486199999521
29.46486199999521
29.46486199999521
29.46486199999521
29.46486199999521
29.46486199999521
29.46486199999521
29.46486199999521
29.46486199999521
29.46486199999521
29.46486199999521
29.46486199999521
29.46486199999521
29.46486199999521
29.46486199999521
29.46486199999521
29.46486199999521
29.46486199999521
29.46486199999521
29.46486199999521
29.46486199999521
29.46486199999521
29.46486199999521
29.46486199999521
29.46486199999521
29.46486199999521
29.46486199999521
29.46486199999521
29.46486199999521
29.46486199999521
29.46486199999521
29.46486199999521
29.46486199999521
29.46486199999521
29.46486199999521
29.46486199999521
29.46486199999521
29.46486199999521
29.46486199999521
29.46486199999521
29.46486199999521
29.46486199999521
29.46486199999521
29.46486199999521
29.46486199999521
29.46486199999521
29.46486199999521
29.46486199999521
29.46486199999521
29.46486199999521
29.46486199999521
29.46486199999521
29.46486199999521
29.46486199999521
29.46486199999521
29.46486199999521
29.46486199999521
29.46486199999521
29.46486199999521
29.46486199999521
29.46486199999521
29.46486199999521
29.46486199999521
29.46486199999521
29.46486199999521
29.46486199999521
29.46486199999521
29.46486199999521
29.46486199999521
29.46486199999521
29.46486199999521
29.46486199999521
29.46486199999521
29.46486199999521
29.46486199999521
29.46486199999521
29.46486199999521
29.46486199999521
29.46486199999521
29.46486199999521
29.46486199999521
29.46486199999521
29.46486199999521
29.46486199999521
29.46486199999521
29.46486199999521
29.46486199999521
29.46486199999521
29.46486199999521
29.46486199999521
29.46486199999521
29.46486199999521
29.46486199999521
29.46486199999521
29.46486199999521
29.46486199999521
29.46486199999521
29.46486199999521
29.46486199999521
29.46486199999521
29.46486199999521
29.46486199999521
29.46486199999521
29.46486199999521
29.46486199999521
29.46486199999521
29.46486199999521
29.46486199999521
29.46486199999521
29.46486199999521
29.46486199999521
29.46486199999521
29.46486199999521
29.46486199999521
29.46486199999521
29.46486199999521
29.46486199999521
29.46486199999521
29.46486199999521
29.46486199999521
29.46486199999521
29.46486199999521
29.46486199999521
29.46486199999521
29.46486199999521
29.46486199999521
29.46486199999521
29.46486199999521
29.46486199999521
29.46486199999521
29.46486199999521
29.46486199999521
29.46486199999521
29.46486199999521
29.46486199999521
29.46486199999521
29.46486199999521
29.46486199999521
29.46486199999521
29.46486199999521
29.46486199999521
29.46486199999521
29.46486199999521
29.46486199999521
29.46486199999521
29.46486199999521
29.46486199999521
29.46486199999521
29.46486199999521
29.46486199999521
29.46486199999521
29.46486199999521
29.46486199999521
29.46486199999521
29.46486199999521
29.46486199999521
29.46486199999521
29.46486199999521
29.46486199999521
29.46486199999521
29.46486199999521
29.46486199999521
29.46486199999521
29.46486199999521
29.46486199999521
29.46486199999521
29.46486199999521
29.46486199999521
29.46486199999521
29.46486199999521
29.46486199999521
29.46486199999521
29.46486199999521
29.46486199999521
29.46486199999521
29.46486199999521
29.46486199999521
29.46486199999521
29.46486199999521
29.46486199999521
29.46486199999521
29.46486199999521
29.46486199999521
29.46486199999521
29.46486199999521
29.46486199999521
29.46486199999521
29.46486199999521
29.46486199999521
29.46486199999521
29.46486199999521
29.46486199999521
29.46486199999521
29.46486199999521
29.46486199999521
29.46486199999521
29.46486199999521
29.46486199999521
29.46486199999521
29.46486199999521
29.46486199999521
29.46486199999521
29.46486199999521
29.46486199999521
29.46486199999521
29.46486199999521
29.46486199999521
29.46486199999521
29.46486199999521
29.46486199999521
29.46486199999521
29.46486199999521
29.46486199999521
29.46486199999521
29.46486199999521
29.46486199999521
29.46486199999521
29.46486199999521
29.46486199999521
29.46486199999521
29.46486199999521
29.46486199999521
29.46486199999521
29.46486199999521
29.46486199999521
29.46486199999521
29.46486199999521
29.46486199999521
29.46486199999521
29.46486199999521
29.46486199999521
29.46486199999521
29.46486199999521
29.46486199999521
29.46486199999521
29.46486199999521
29.46486199999521
29.46486199999521
29.46486199999521
29.46486199999521
29.46486199999521
29.46486199999521
29.46486199999521
29.46486199999521
29.46486199999521
29.46486199999521
29.46486199999521
29.46486199999521
29.46486199999521
29.46486199999521
29.46486199999521
29.46486199999521
29.46486199999521
29.46486199999521
29.46486199999521
29.46486199999521
29.46486199999521
29.46486199999521
29.46486199999521
29.46486199999521
29.46486199999521
29.46486199999521
29.46486199999521
29.46486199999521
29.46486199999521
29.46486199999521
29.46486199999521
29.46486199999521
29.46486199999521
29.46486199999521
29.46486199999521
29.46486199999521
29.46486199999521
29.46486199999521
29.46486199999521
29.46486199999521
29.46486199999521
29.46486199999521
29.46486199999521
29.46486199999521
29.46486199999521
29.46486199999521
29.46486199999521
29.46486199999521
29.46486199999521
29.46486199999521
29.46486199999521
29.46486199999521
29.46486199999521
29.46486199999521
29.46486199999521
29.46486199999521
29.46486199999521
29.46486199999521
29.46486199999521
29.46486199999521
29.46486199999521
29.46486199999521
29.46486199999521
29.46486199999521
29.46486199999521
29.46486199999521
29.46486199999521
29.46486199999521
29.46486199999521
29.46486199999521
29.46486199999521
29.46486199999521
29.46486199999521
29.46486199999521
29.46486199999521
29.46486199999521
29.46486199999521
29.46486199999521
29.46486199999521
29.46486199999521
29.46486199999521
29.46486199999521
29.46486199999521
29.46486199999521
29.46486199999521
29.46486199999521
29.46486199999521
29.46486199999521
29.46486199999521
29.46486199999521
29.46486199999521
29.46486199999521
29.46486199999521
29.46486199999521
29.46486199999521
29.46486199999521
29.46486199999521
29.46486199999521
29.46486199999521
29.46486199999521
29.46486199999521
29.46486199999521
29.46486199999521
29.46486199999521
29.46486199999521
29.46486199999521
29.46486199999521
29.46486199999521
29.46486199999521
29.46486199999521
29.46486199999521
29.46486199999521
29.46486199999521
29.46486199999521
29.46486199999521
29.46486199999521
29.46486199999521
29.46486199999521
29.46486199999521
29.46486199999521
29.46486199999521
29.46486199999521
29.46486199999521
29.46486199999521
29.46486199999521
29.46486199999521
29.46486199999521
29.46486199999521
29.46486199999521
29.46486199999521
29.46486199999521
29.46486199999521
29.46486199999521
29.46486199999521
29.46486199999521
29.46486199999521
29.46486199999521
29.46486199999521
29.46486199999521
29.46486199999521
29.46486199999521
29.46486199999521
29.46486199999521
29.46486199999521
29.46486199999521
29.46486199999521
29.46486199999521
29.46486199999521
29.46486199999521
29.46486199999521
29.46486199999521
29.46486199999521
29.46486199999521
29.46486199999521
29.46486199999521
29.46486199999521
29.46486199999521
29.46486199999521
29.46486199999521
29.46486199999521
29.46486199999521
29.46486199999521
29.46486199999521
29.46486199999521
29.46486199999521
29.46486199999521
29.46486199999521
29.46486199999521
29.46486199999521
29.46486199999521
29.46486199999521
29.46486199999521
29.46486199999521
29.46486199999521
29.46486199999521
29.46486199999521
29.46486199999521
29.46486199999521
29.46486199999521
29.46486199999521
29.46486199999521
29.46486199999521
29.46486199999521
29.46486199999521
29.46486199999521
29.46486199999521
29.46486199999521
29.46486199999521
29.46486199999521
29.46486199999521
29.46486199999521
29.46486199999521
29.46486199999521
29.46486199999521
29.46486199999521
29.46486199999521
29.46486199999521
29.46486199999521
29.46486199999521
29.46486199999521
29.46486199999521
29.46486199999521
29.46486199999521
29.46486199999521
29.46486199999521
29.46486199999521
29.46486199999521
29.46486199999521
29.46486199999521
29.46486199999521
29.46486199999521
29.46486199999521
29.46486199999521
29.46486199999521
29.46486199999521
29.46486199999521
29.46486199999521
29.46486199999521
29.46486199999521
29.46486199999521
29.46486199999521
29.46486199999521
29.46486199999521
29.46486199999521
29.46486199999521
29.46486199999521
29.46486199999521
29.46486199999521
29.46486199999521
29.46486199999521
29.46486199999521
29.46486199999521
29.46486199999521
29.46486199999521
29.46486199999521
29.46486199999521
29.46486199999521
29.46486199999521
29.46486199999521
29.46486199999521
29.46486199999521
29.46486199999521
29.46486199999521
29.46486199999521
29.46486199999521
29.46486199999521
29.46486199999521
29.46486199999521
29.46486199999521
29.46486199999521
29.46486199999521
29.46486199999521
29.46486199999521
29.46486199999521
29.46486199999521
29.46486199999521
29.46486199999521
29.46486199999521
29.46486199999521
29.46486199999521
29.46486199999521
29.46486199999521
29.46486199999521
29.46486199999521
29.46486199999521
29.46486199999521
29.46486199999521
29.46486199999521
29.46486199999521
29.46486199999521
29.46486199999521
29.46486199999521
29.46486199999521
29.46486199999521
29.46486199999521
29.46486199999521
29.46486199999521
29.46486199999521
29.46486199999521
29.46486199999521
29.46486199999521
29.46486199999521
29.46486199999521
29.46486199999521
29.46486199999521
29.46486199999521
29.46486199999521
29.46486199999521
29.46486199999521
29.46486199999521
29.46486199999521
29.46486199999521
29.46486199999521
29.46486199999521
29.46486199999521
29.46486199999521
29.46486199999521
29.46486199999521
29.46486199999521
29.46486199999521
29.46486199999521
29.46486199999521
29.46486199999521
29.46486199999521
29.46486199999521
29.46486199999521
29.46486199999521
29.46486199999521
29.46486199999521
29.46486199999521
29.46486199999521
29.46486199999521
29.46486199999521
29.46486199999521
29.46486199999521
29.46486199999521
29.46486199999521
29.46486199999521
29.46486199999521
29.46486199999521
29.46486199999521
29.46486199999521
29.46486199999521
29.46486199999521
29.46486199999521
29.46486199999521
29.46486199999521
29.46486199999521
29.46486199999521
29.46486199999521
29.46486199999521
29.46486199999521
29.46486199999521
29.46486199999521
29.46486199999521
29.46486199999521
29.46486199999521
29.46486199999521
29.46486199999521
29.46486199999521
29.46486199999521
29.46486199999521
29.46486199999521
29.46486199999521
29.46486199999521
29.46486199999521
29.46486199999521
29.46486199999521
29.46486199999521
29.46486199999521
29.46486199999521
29.46486199999521
29.46486199999521
29.46486199999521
29.46486199999521
29.46486199999521
29.46486199999521
29.46486199999521
29.46486199999521
29.46486199999521
29.46486199999521
29.46486199999521
29.46486199999521
29.46486199999521
29.46486199999521
29.46486199999521
29.46486199999521
29.46486199999521
29.46486199999521
29.46486199999521
29.46486199999521
29.46486199999521
29.46486199999521
29.46486199999521
29.46486199999521
29.46486199999521
29.46486199999521
29.46486199999521
29.46486199999521
29.46486199999521
29.46486199999521
29.46486199999521
29.46486199999521
29.46486199999521
29.46486199999521
29.46486199999521
29.46486199999521
29.46486199999521
29.46486199999521
29.46486199999521
29.46486199999521
29.46486199999521
29.46486199999521
29.46486199999521
29.46486199999521
29.46486199999521
29.46486199999521
29.46486199999521
29.46486199999521
29.46486199999521
29.46486199999521
29.46486199999521
29.46486199999521
29.46486199999521
29.46486199999521
29.46486199999521
29.46486199999521
29.46486199999521
29.46486199999521
29.46486199999521
29.46486199999521
29.46486199999521
29.46486199999521
29.46486199999521
29.46486199999521
29.46486199999521
29.46486199999521
29.46486199999521
29.46486199999521
29.46486199999521
29.46486199999521
29.46486199999521
29.46486199999521
29.46486199999521
29.46486199999521
29.46486199999521
29.46486199999521
29.46486199999521
29.46486199999521
29.46486199999521
29.46486199999521
29.46486199999521
29.46486199999521
29.46486199999521
29.46486199999521
29.46486199999521
29.46486199999521
29.46486199999521
29.46486199999521
29.46486199999521
29.46486199999521
29.46486199999521
29.46486199999521
29.46486199999521
29.46486199999521
29.46486199999521
29.46486199999521
29.46486199999521
29.46486199999521
29.46486199999521
29.46486199999521
29.46486199999521
29.46486199999521
29.46486199999521
29.46486199999521
29.46486199999521
29.46486199999521
29.46486199999521
29.46486199999521
29.46486199999521
29.46486199999521
29.46486199999521
29.46486199999521
29.46486199999521
29.46486199999521
29.46486199999521
29.46486199999521
29.46486199999521
29.46486199999521
29.46486199999521
29.46486199999521
29.46486199999521
29.46486199999521
29.46486199999521
29.46486199999521
29.46486199999521
29.46486199999521
29.46486199999521
29.46486199999521
29.46486199999521
29.46486199999521
29.46486199999521
29.46486199999521
29.46486199999521
29.46486199999521
29.46486199999521
29.46486199999521
29.46486199999521
29.46486199999521
29.46486199999521
29.46486199999521
29.46486199999521
29.46486199999521
29.46486199999521
29.46486199999521
29.46486199999521
29.46486199999521
29.46486199999521
29.46486199999521
29.46486199999521
29.46486199999521
29.46486199999521
29.46486199999521
29.46486199999521
29.46486199999521
29.46486199999521
29.46486199999521
29.46486199999521
29.46486199999521
29.46486199999521
29.46486199999521
29.46486199999521
29.46486199999521
29.46486199999521
29.46486199999521
29.46486199999521
29.46486199999521
29.46486199999521
29.46486199999521
29.46486199999521
29.46486199999521
29.46486199999521
29.46486199999521
29.46486199999521
29.46486199999521
29.46486199999521
29.46486199999521
29.46486199999521
29.46486199999521
29.46486199999521
29.46486199999521
29.46486199999521
29.46486199999521
29.46486199999521
29.46486199999521
29.46486199999521
29.46486199999521
29.46486199999521
29.46486199999521
29.46486199999521
29.46486199999521
29.46486199999521
29.46486199999521
29.46486199999521
29.46486199999521
29.46486199999521
29.46486199999521
29.46486199999521
29.46486199999521
29.46486199999521
29.46486199999521
29.46486199999521
29.46486199999521
29.46486199999521
29.46486199999521
29.46486199999521
29.46486199999521
29.46486199999521
29.46486199999521
29.46486199999521
29.46486199999521
29.46486199999521
29.46486199999521
29.46486199999521
29.46486199999521
29.46486199999521
29.46486199999521
29.46486199999521
29.46486199999521
29.46486199999521
29.46486199999521
29.46486199999521
29.46486199999521
29.46486199999521
29.46486199999521
29.46486199999521
29.46486199999521
29.46486199999521
29.46486199999521
29.46486199999521
29.46486199999521
29.46486199999521
29.46486199999521
29.46486199999521
29.46486199999521
29.46486199999521
29.46486199999521
29.46486199999521
29.46486199999521
29.46486199999521
29.46486199999521
29.46486199999521
29.46486199999521
29.46486199999521
29.46486199999521
29.46486199999521
29.46486199999521
29.46486199999521
29.46486199999521
29.46486199999521
29.46486199999521
29.46486199999521
29.46486199999521
29.46486199999521
29.46486199999521
29.46486199999521
29.46486199999521
29.46486199999521
29.46486199999521
29.46486199999521
29.46486199999521
29.46486199999521
29.46486199999521
29.46486199999521
29.46486199999521
29.46486199999521
29.46486199999521
29.46486199999521
29.46486199999521
29.46486199999521
29.46486199999521
29.46486199999521
29.46486199999521
29.46486199999521
29.46486199999521
29.46486199999521
29.46486199999521
29.46486199999521
29.46486199999521
29.46486199999521
29.46486199999521
29.46486199999521
29.46486199999521
29.46486199999521
29.46486199999521
29.46486199999521
29.46486199999521
29.46486199999521
29.46486199999521
29.46486199999521
29.46486199999521
29.46486199999521
29.46486199999521
29.46486199999521
29.46486199999521
29.46486199999521
29.46486199999521
29.46486199999521
29.46486199999521
29.46486199999521
29.46486199999521
29.46486199999521
29.46486199999521
29.46486199999521
29.46486199999521
29.46486199999521
29.46486199999521
29.46486199999521
29.46486199999521
29.46486199999521
29.46486199999521
29.46486199999521
29.46486199999521
29.46486199999521
29.46486199999521
29.46486199999521
29.46486199999521
29.46486199999521
29.46486199999521
29.46486199999521
29.46486199999521
29.46486199999521
29.46486199999521
29.46486199999521
29.46486199999521
29.46486199999521
29.46486199999521
29.46486199999521
29.46486199999521
29.46486199999521
29.46486199999521
29.46486199999521
29.46486199999521
29.46486199999521
29.46486199999521
29.46486199999521
29.46486199999521
29.46486199999521
29.46486199999521
29.46486199999521
29.46486199999521
29.46486199999521
29.46486199999521
29.46486199999521
29.46486199999521
29.46486199999521
29.46486199999521
29.46486199999521
29.46486199999521
29.46486199999521
29.46486199999521
29.46486199999521
29.46486199999521
29.46486199999521
29.46486199999521
29.46486199999521
29.46486199999521
29.46486199999521
29.46486199999521
29.46486199999521
29.46486199999521
29.46486199999521
29.46486199999521
29.46486199999521
29.46486199999521
29.46486199999521
29.46486199999521
29.46486199999521
29.46486199999521
29.46486199999521
29.46486199999521
29.46486199999521
29.46486199999521
29.46486199999521
29.46486199999521
29.46486199999521
29.46486199999521
29.46486199999521
29.46486199999521
29.46486199999521
29.46486199999521
29.46486199999521
29.46486199999521
29.46486199999521
29.46486199999521
29.46486199999521
29.46486199999521
29.46486199999521
29.46486199999521
29.46486199999521
29.46486199999521
29.46486199999521
29.46486199999521
29.46486199999521
29.46486199999521
29.46486199999521
29.46486199999521
29.46486199999521
29.46486199999521
29.46486199999521
29.46486199999521
29.46486199999521
29.46486199999521
29.46486199999521
29.46486199999521
29.46486199999521
29.46486199999521
29.46486199999521
29.46486199999521
29.46486199999521
29.46486199999521
29.46486199999521
29.46486199999521
29.46486199999521
29.46486199999521
29.46486199999521
29.46486199999521
29.46486199999521
29.46486199999521
29.46486199999521
29.46486199999521
29.46486199999521
29.46486199999521
29.46486199999521
29.46486199999521
29.46486199999521
29.46486199999521
29.46486199999521
29.46486199999521
29.46486199999521
29.46486199999521
29.46486199999521
29.46486199999521
29.46486199999521
29.46486199999521
29.46486199999521
29.46486199999521
29.46486199999521
29.46486199999521
29.46486199999521
29.46486199999521
29.46486199999521
29.46486199999521
29.46486199999521
29.46486199999521
29.46486199999521
29.46486199999521
29.46486199999521
29.46486199999521
29.46486199999521
29.46486199999521
29.46486199999521
29.46486199999521
29.46486199999521
29.46486199999521
29.46486199999521
29.46486199999521
29.46486199999521
29.46486199999521
29.46486199999521
29.46486199999521
29.46486199999521
29.46486199999521
29.46486199999521
29.46486199999521
29.46486199999521
29.46486199999521
29.46486199999521
29.46486199999521
29.46486199999521
29.46486199999521
29.46486199999521
29.46486199999521
29.46486199999521
29.46486199999521
29.46486199999521
29.46486199999521
29.46486199999521
29.46486199999521
29.46486199999521
29.46486199999521
29.46486199999521
29.46486199999521
29.46486199999521
29.46486199999521
29.46486199999521
29.46486199999521
29.46486199999521
29.46486199999521
29.46486199999521
29.46486199999521
29.46486199999521
29.46486199999521
29.46486199999521
29.46486199999521
29.46486199999521
29.46486199999521
29.46486199999521
29.46486199999521
29.46486199999521
29.46486199999521
29.46486199999521
29.46486199999521
29.46486199999521
29.46486199999521
29.46486199999521
29.46486199999521
29.46486199999521
29.46486199999521
29.46486199999521
29.46486199999521
29.46486199999521
29.46486199999521
29.46486199999521
29.46486199999521
29.46486199999521
29.46486199999521
29.46486199999521
29.46486199999521
29.46486199999521
29.46486199999521
29.46486199999521
29.46486199999521
29.46486199999521
29.46486199999521
29.46486199999521
29.46486199999521
29.46486199999521
29.46486199999521
29.46486199999521
29.46486199999521
29.46486199999521
29.46486199999521
29.46486199999521
29.46486199999521
29.46486199999521
29.46486199999521
29.46486199999521
29.46486199999521
29.46486199999521
29.46486199999521
29.46486199999521
29.46486199999521
29.46486199999521
29.46486199999521
29.46486199999521
29.46486199999521
29.46486199999521
29.46486199999521
29.46486199999521
29.46486199999521
29.46486199999521
29.46486199999521
29.46486199999521
29.46486199999521
29.46486199999521
29.46486199999521
29.46486199999521
29.46486199999521
29.46486199999521
29.46486199999521
29.46486199999521
29.46486199999521
29.46486199999521
29.46486199999521
29.46486199999521
29.46486199999521
29.46486199999521
29.46486199999521
29.46486199999521
29.46486199999521
29.46486199999521
29.46486199999521
29.46486199999521
29.46486199999521
29.46486199999521
29.46486199999521
29.46486199999521
29.46486199999521
29.46486199999521
29.46486199999521
29.46486199999521
29.46486199999521
29.46486199999521
29.46486199999521
29.46486199999521
29.46486199999521
29.46486199999521
29.46486199999521
29.46486199999521
29.46486199999521
29.46486199999521
29.46486199999521
29.46486199999521
29.46486199999521
29.46486199999521
29.46486199999521
29.46486199999521
29.46486199999521
29.46486199999521
29.46486199999521
29.46486199999521
29.46486199999521
29.46486199999521
29.46486199999521
29.46486199999521
29.46486199999521
29.46486199999521
29.46486199999521
29.46486199999521
29.46486199999521
29.46486199999521
29.46486199999521
29.46486199999521
29.46486199999521
29.46486199999521
29.46486199999521
29.46486199999521
29.46486199999521
29.46486199999521
29.46486199999521
29.46486199999521
29.46486199999521
29.46486199999521
29.46486199999521
29.46486199999521
29.46486199999521
29.46486199999521
29.46486199999521
29.46486199999521
29.46486199999521
29.46486199999521
29.46486199999521
29.46486199999521
29.46486199999521
29.46486199999521
29.46486199999521
29.46486199999521
29.46486199999521
29.46486199999521
29.46486199999521
29.46486199999521
29.46486199999521
29.46486199999521
29.46486199999521
29.46486199999521
29.46486199999521
29.46486199999521
29.46486199999521
29.46486199999521
29.46486199999521
29.46486199999521
29.46486199999521
29.46486199999521
29.46486199999521
29.46486199999521
29.46486199999521
29.46486199999521
29.46486199999521
29.46486199999521
29.46486199999521
29.46486199999521
29.46486199999521
29.46486199999521
29.46486199999521
29.46486199999521
29.46486199999521
29.46486199999521
29.46486199999521
29.46486199999521
29.46486199999521
29.46486199999521
29.46486199999521
29.46486199999521
29.46486199999521
29.46486199999521
29.46486199999521
29.46486199999521
29.46486199999521
29.46486199999521
29.46486199999521
29.46486199999521
29.46486199999521
29.46486199999521
29.46486199999521
29.46486199999521
29.46486199999521
29.46486199999521
29.46486199999521
29.46486199999521
29.46486199999521
29.46486199999521
29.46486199999521
29.46486199999521
29.46486199999521
29.46486199999521
29.46486199999521
29.46486199999521
29.46486199999521
29.46486199999521
29.46486199999521
29.46486199999521
29.46486199999521
29.46486199999521
29.46486199999521
29.46486199999521
29.46486199999521
29.46486199999521
29.46486199999521
29.46486199999521
29.46486199999521
29.46486199999521
29.46486199999521
29.46486199999521
29.46486199999521
29.46486199999521
29.46486199999521
29.46486199999521
29.46486199999521
29.46486199999521
29.46486199999521
29.46486199999521
29.46486199999521
29.46486199999521
29.46486199999521
29.46486199999521
29.46486199999521
29.46486199999521
29.46486199999521
29.46486199999521
29.46486199999521
29.46486199999521
29.46486199999521
29.46486199999521
29.46486199999521
29.46486199999521
29.46486199999521
29.46486199999521
29.46486199999521
29.46486199999521
29.46486199999521
29.46486199999521
29.46486199999521
29.46486199999521
29.46486199999521
29.46486199999521
29.46486199999521
29.46486199999521
29.46486199999521
29.46486199999521
29.46486199999521
29.46486199999521
29.46486199999521
29.46486199999521
29.46486199999521
29.46486199999521
29.46486199999521
29.46486199999521
29.46486199999521
29.46486199999521
29.46486199999521
29.46486199999521
29.46486199999521
29.46486199999521
29.46486199999521
29.46486199999521
29.46486199999521
29.46486199999521
29.46486199999521
29.46486199999521
29.46486199999521
29.46486199999521
29.46486199999521
29.46486199999521
29.46486199999521
29.46486199999521
29.46486199999521
29.46486199999521
29.46486199999521
29.46486199999521
29.46486199999521
29.46486199999521
29.46486199999521
29.46486199999521
29.46486199999521
29.46486199999521
29.46486199999521
29.46486199999521
29.46486199999521
29.46486199999521
29.46486199999521
29.46486199999521
29.46486199999521
29.46486199999521
29.46486199999521
29.46486199999521
29.46486199999521
29.46486199999521
29.46486199999521
29.46486199999521
29.46486199999521
29.46486199999521
29.46486199999521
29.46486199999521
29.46486199999521
29.46486199999521
29.46486199999521
29.46486199999521
29.46486199999521
29.46486199999521
29.46486199999521
29.46486199999521
29.46486199999521
29.46486199999521
29.46486199999521
29.46486199999521
29.46486199999521
29.46486199999521
29.46486199999521
29.46486199999521
29.46486199999521
29.46486199999521
29.46486199999521
29.46486199999521
29.46486199999521
29.46486199999521
29.46486199999521
29.46486199999521
29.46486199999521
29.46486199999521
29.46486199999521
29.46486199999521
29.46486199999521
29.46486199999521
29.46486199999521
29.46486199999521
29.46486199999521
29.46486199999521
29.46486199999521
29.46486199999521
29.46486199999521
29.46486199999521
29.46486199999521
29.46486199999521
29.46486199999521
29.46486199999521
29.46486199999521
29.46486199999521
29.46486199999521
29.46486199999521
29.46486199999521
29.46486199999521
29.46486199999521
29.46486199999521
29.46486199999521
29.46486199999521
29.46486199999521
29.46486199999521
29.46486199999521
29.46486199999521
29.46486199999521
29.46486199999521
29.46486199999521
29.46486199999521
29.46486199999521
29.46486199999521
29.46486199999521
29.46486199999521
29.46486199999521
29.46486199999521
29.46486199999521
29.46486199999521
29.46486199999521
29.46486199999521
29.46486199999521
29.46486199999521
29.46486199999521
29.46486199999521
29.46486199999521
29.46486199999521
29.46486199999521
29.46486199999521
29.46486199999521
29.46486199999521
29.46486199999521
29.46486199999521
29.46486199999521
29.46486199999521
29.46486199999521
29.46486199999521
29.46486199999521
29.46486199999521
29.46486199999521
29.46486199999521
29.46486199999521
29.46486199999521
29.46486199999521
29.46486199999521
29.46486199999521
29.46486199999521
29.46486199999521
29.46486199999521
29.46486199999521
29.46486199999521
29.46486199999521
29.46486199999521
29.46486199999521
29.46486199999521
29.46486199999521
29.46486199999521
29.46486199999521
29.46486199999521
29.46486199999521
29.46486199999521
29.46486199999521
29.46486199999521
29.46486199999521
29.46486199999521
29.46486199999521
29.46486199999521
29.46486199999521
29.46486199999521
29.46486199999521
29.46486199999521
29.46486199999521
29.46486199999521
29.46486199999521
29.46486199999521
29.46486199999521
29.46486199999521
29.46486199999521
29.46486199999521
29.46486199999521
29.46486199999521
29.46486199999521
29.46486199999521
29.46486199999521
29.46486199999521
29.46486199999521
29.46486199999521
29.46486199999521
29.46486199999521
29.46486199999521
29.46486199999521
29.46486199999521
29.46486199999521
29.46486199999521
29.46486199999521
29.46486199999521
29.46486199999521
29.46486199999521
29.46486199999521
29.46486199999521
29.46486199999521
29.46486199999521
29.46486199999521
29.46486199999521
29.46486199999521
29.46486199999521
29.46486199999521
29.46486199999521
29.46486199999521
29.46486199999521
29.46486199999521
29.46486199999521
29.46486199999521
29.46486199999521
29.46486199999521
29.46486199999521
29.46486199999521
29.46486199999521
29.46486199999521
29.46486199999521
29.46486199999521
29.46486199999521
29.46486199999521
29.46486199999521
29.46486199999521
29.46486199999521
29.46486199999521
29.46486199999521
29.46486199999521
29.46486199999521
29.46486199999521
29.46486199999521
29.46486199999521
29.46486199999521
29.46486199999521
29.46486199999521
29.46486199999521
29.46486199999521
29.46486199999521
29.46486199999521
29.46486199999521
29.46486199999521
29.46486199999521
29.46486199999521
29.46486199999521
29.46486199999521
29.46486199999521
29.46486199999521
29.46486199999521
29.46486199999521
29.46486199999521
29.46486199999521
29.46486199999521
29.46486199999521
29.46486199999521
29.46486199999521
29.46486199999521
29.46486199999521
29.46486199999521
29.46486199999521
29.46486199999521
29.46486199999521
29.46486199999521
29.46486199999521
29.46486199999521
29.46486199999521
29.46486199999521
29.46486199999521
29.46486199999521
29.46486199999521
29.46486199999521
29.46486199999521
29.46486199999521
29.46486199999521
29.46486199999521
29.46486199999521
29.46486199999521
29.46486199999521
29.46486199999521
29.46486199999521
29.46486199999521
29.46486199999521
29.46486199999521
29.46486199999521
29.46486199999521
29.46486199999521
29.46486199999521
29.46486199999521
29.46486199999521
29.46486199999521
29.46486199999521
29.46486199999521
29.46486199999521
29.46486199999521
29.46486199999521
29.46486199999521
29.46486199999521
29.46486199999521
29.46486199999521
29.46486199999521
29.46486199999521
29.46486199999521
29.46486199999521
29.46486199999521
29.46486199999521
29.46486199999521
29.46486199999521
29.46486199999521
29.46486199999521
29.46486199999521
29.46486199999521
29.46486199999521
29.46486199999521
29.46486199999521
29.46486199999521
29.46486199999521
29.46486199999521
29.46486199999521
29.46486199999521
29.46486199999521
29.46486199999521
29.46486199999521
29.46486199999521
29.46486199999521
29.46486199999521
29.46486199999521
29.46486199999521
29.46486199999521
29.46486199999521
29.46486199999521
29.46486199999521
29.46486199999521
29.46486199999521
29.46486199999521
29.46486199999521
29.46486199999521
29.46486199999521
29.46486199999521
29.46486199999521
29.46486199999521
29.46486199999521
29.46486199999521
29.46486199999521
29.46486199999521
29.46486199999521
29.46486199999521
29.46486199999521
29.46486199999521
29.46486199999521
29.46486199999521
29.46486199999521
29.46486199999521
29.46486199999521
29.46486199999521
29.46486199999521
29.46486199999521
29.46486199999521
29.46486199999521
29.46486199999521
29.46486199999521
29.46486199999521
29.46486199999521
29.46486199999521
29.46486199999521
29.46486199999521
29.46486199999521
29.46486199999521
29.46486199999521
29.46486199999521
29.46486199999521
29.46486199999521
29.46486199999521
29.46486199999521
29.46486199999521
29.46486199999521
29.46486199999521
29.46486199999521
29.46486199999521
29.46486199999521
29.46486199999521
29.46486199999521
29.46486199999521
29.46486199999521
29.46486199999521
29.46486199999521
29.46486199999521
29.46486199999521
29.46486199999521
29.46486199999521
29.46486199999521
29.46486199999521
29.46486199999521
29.46486199999521
29.46486199999521
29.46486199999521
29.46486199999521
29.46486199999521
29.46486199999521
29.46486199999521
29.46486199999521
29.46486199999521
29.46486199999521
29.46486199999521
29.46486199999521
29.46486199999521
29.46486199999521
29.46486199999521
29.46486199999521
29.46486199999521
29.46486199999521
29.46486199999521
29.46486199999521
29.46486199999521
29.46486199999521
29.46486199999521
29.46486199999521
29.46486199999521
29.46486199999521
29.46486199999521
29.46486199999521
29.46486199999521
29.46486199999521
29.46486199999521
29.46486199999521
29.46486199999521
29.46486199999521
29.46486199999521
29.46486199999521
29.46486199999521
29.46486199999521
29.46486199999521
29.46486199999521
29.46486199999521
29.46486199999521
29.46486199999521
29.46486199999521
29.46486199999521
29.46486199999521
29.46486199999521
29.46486199999521
29.46486199999521
29.46486199999521
29.46486199999521
29.46486199999521
29.46486199999521
29.46486199999521
29.46486199999521
29.46486199999521
29.46486199999521
29.46486199999521
29.46486199999521
29.46486199999521
29.46486199999521
29.46486199999521
29.46486199999521
29.46486199999521
29.46486199999521
29.46486199999521
29.46486199999521
29.46486199999521
29.46486199999521
29.46486199999521
29.46486199999521
29.46486199999521
29.46486199999521
29.46486199999521
29.46486199999521
29.46486199999521
29.46486199999521
29.46486199999521
29.46486199999521
29.46486199999521
29.46486199999521
29.46486199999521
29.46486199999521
29.46486199999521
29.46486199999521
29.46486199999521
29.46486199999521
29.46486199999521
29.46486199999521
29.46486199999521
29.46486199999521
29.46486199999521
29.46486199999521
29.46486199999521
29.46486199999521
29.46486199999521
29.46486199999521
29.46486199999521
29.46486199999521
29.46486199999521
29.46486199999521
29.46486199999521
29.46486199999521
29.46486199999521
29.46486199999521
29.46486199999521
29.46486199999521
29.46486199999521
29.46486199999521
29.46486199999521
29.46486199999521
29.46486199999521
29.46486199999521
29.46486199999521
29.46486199999521
29.46486199999521
29.46486199999521
29.46486199999521
29.46486199999521
29.46486199999521
29.46486199999521
29.46486199999521
29.46486199999521
29.46486199999521
29.46486199999521
29.46486199999521
29.46486199999521
29.46486199999521
29.46486199999521
29.46486199999521
29.46486199999521
29.46486199999521
29.46486199999521
29.46486199999521
29.46486199999521
29.46486199999521
29.46486199999521
29.46486199999521
29.46486199999521
29.46486199999521
29.46486199999521
29.46486199999521
29.46486199999521
29.46486199999521
29.46486199999521
29.46486199999521
29.46486199999521
29.46486199999521
29.46486199999521
29.46486199999521
29.46486199999521
29.46486199999521
29.46486199999521
29.46486199999521
29.46486199999521
29.46486199999521
29.46486199999521
29.46486199999521
29.46486199999521
29.46486199999521
29.46486199999521
29.46486199999521
29.46486199999521
29.46486199999521
29.46486199999521
29.46486199999521
29.46486199999521
29.46486199999521
29.46486199999521
29.46486199999521
29.46486199999521
29.46486199999521
29.46486199999521
29.46486199999521
29.46486199999521
29.46486199999521
29.46486199999521
29.46486199999521
29.46486199999521
29.46486199999521
29.46486199999521
29.46486199999521
29.46486199999521
29.46486199999521
29.46486199999521
29.46486199999521
29.46486199999521
29.46486199999521
29.46486199999521
29.46486199999521
29.46486199999521
29.46486199999521
29.46486199999521
29.46486199999521
29.46486199999521
29.46486199999521
29.46486199999521
29.46486199999521
29.46486199999521
29.46486199999521
29.46486199999521
29.46486199999521
29.46486199999521
29.46486199999521
29.46486199999521
29.46486199999521
29.46486199999521
29.46486199999521
29.46486199999521
29.46486199999521
29.46486199999521
29.46486199999521
29.46486199999521
29.46486199999521
29.46486199999521
29.46486199999521
29.46486199999521
29.46486199999521
29.46486199999521
29.46486199999521
29.46486199999521
29.46486199999521
29.46486199999521
29.46486199999521
29.46486199999521
29.46486199999521
29.46486199999521
29.46486199999521
29.46486199999521
29.46486199999521
29.46486199999521
29.46486199999521
29.46486199999521
29.46486199999521
29.46486199999521
29.46486199999521
29.46486199999521
29.46486199999521
29.46486199999521
29.46486199999521
29.46486199999521
29.46486199999521
29.46486199999521
29.46486199999521
29.46486199999521
29.46486199999521
29.46486199999521
29.46486199999521
29.46486199999521
29.46486199999521
29.46486199999521
29.46486199999521
29.46486199999521
29.46486199999521
29.46486199999521
29.46486199999521
29.46486199999521
29.46486199999521
29.46486199999521
29.46486199999521
29.46486199999521
29.46486199999521
29.46486199999521
29.46486199999521
29.46486199999521
29.46486199999521
29.46486199999521
29.46486199999521
29.46486199999521
29.46486199999521
29.46486199999521
29.46486199999521
29.46486199999521
29.46486199999521
29.46486199999521
29.46486199999521
29.46486199999521
29.46486199999521
29.46486199999521
29.46486199999521
29.46486199999521
29.46486199999521
29.46486199999521
29.46486199999521
29.46486199999521
29.46486199999521
29.46486199999521
29.46486199999521
29.46486199999521
29.46486199999521
29.46486199999521
29.46486199999521
29.46486199999521
29.46486199999521
29.46486199999521
29.46486199999521
29.46486199999521
29.46486199999521
29.46486199999521
29.46486199999521
29.46486199999521
29.46486199999521
29.46486199999521
29.46486199999521
29.46486199999521
29.46486199999521
29.46486199999521
29.46486199999521
29.46486199999521
29.46486199999521
29.46486199999521
29.46486199999521
29.46486199999521
29.46486199999521
29.46486199999521
29.46486199999521
29.46486199999521
29.46486199999521
29.46486199999521
29.46486199999521
29.46486199999521
29.46486199999521
29.46486199999521
29.46486199999521
29.46486199999521
29.46486199999521
29.46486199999521
29.46486199999521
29.46486199999521
29.46486199999521
29.46486199999521
29.46486199999521
29.46486199999521
29.46486199999521
29.46486199999521
29.46486199999521
29.46486199999521
29.46486199999521
29.46486199999521
29.46486199999521
29.46486199999521
29.46486199999521
29.46486199999521
29.46486199999521
29.46486199999521
29.46486199999521
29.46486199999521
29.46486199999521
29.46486199999521
29.46486199999521
29.46486199999521
29.46486199999521
29.46486199999521
29.46486199999521
29.46486199999521
29.46486199999521
29.46486199999521
29.46486199999521
29.46486199999521
29.46486199999521
29.46486199999521
29.46486199999521
29.46486199999521
29.46486199999521
29.46486199999521
29.46486199999521
29.46486199999521
29.46486199999521
29.46486199999521
29.46486199999521
29.46486199999521
29.46486199999521
29.46486199999521
29.46486199999521
29.46486199999521
29.46486199999521
29.46486199999521
29.46486199999521
29.46486199999521
29.46486199999521
29.46486199999521
29.46486199999521
29.46486199999521
29.46486199999521
29.46486199999521
29.46486199999521
29.46486199999521
29.46486199999521
29.46486199999521
29.46486199999521
29.46486199999521
29.46486199999521
29.46486199999521
29.46486199999521
29.46486199999521
29.46486199999521
29.46486199999521
29.46486199999521
29.46486199999521
29.46486199999521
29.46486199999521
29.46486199999521
29.46486199999521
29.46486199999521
29.46486199999521
29.46486199999521
29.46486199999521
29.46486199999521
29.46486199999521
29.46486199999521
29.46486199999521
29.46486199999521
29.46486199999521
29.46486199999521
29.46486199999521
29.46486199999521
29.46486199999521
29.46486199999521
29.46486199999521
29.46486199999521
29.46486199999521
29.46486199999521
29.46486199999521
29.46486199999521
29.46486199999521
29.46486199999521
29.46486199999521
29.46486199999521
29.46486199999521
29.46486199999521
29.46486199999521
29.46486199999521
29.46486199999521
29.46486199999521
29.46486199999521
29.46486199999521
29.46486199999521
29.46486199999521
29.46486199999521
29.46486199999521
29.46486199999521
29.46486199999521
29.46486199999521
29.46486199999521
29.46486199999521
29.46486199999521
29.46486199999521
29.46486199999521
29.46486199999521
29.46486199999521
29.46486199999521
29.46486199999521
29.46486199999521
29.46486199999521
29.46486199999521
29.46486199999521
29.46486199999521
29.46486199999521
29.46486199999521
29.46486199999521
29.46486199999521
29.46486199999521
29.46486199999521
29.46486199999521
29.46486199999521
29.46486199999521
29.46486199999521
29.46486199999521
29.46486199999521
29.46486199999521
29.46486199999521
29.46486199999521
29.46486199999521
29.46486199999521
29.46486199999521
29.46486199999521
29.46486199999521
29.46486199999521
29.46486199999521
29.46486199999521
29.46486199999521
29.46486199999521
29.46486199999521
29.46486199999521
29.46486199999521
29.46486199999521
29.46486199999521
29.46486199999521
29.46486199999521
29.46486199999521
29.46486199999521
29.46486199999521
29.46486199999521
29.46486199999521
29.46486199999521
29.46486199999521
29.46486199999521
29.46486199999521
29.46486199999521
29.46486199999521
29.46486199999521
29.46486199999521
29.46486199999521
29.46486199999521
29.46486199999521
29.46486199999521
29.46486199999521
29.46486199999521
29.46486199999521
29.46486199999521
29.46486199999521
29.46486199999521
29.46486199999521
29.46486199999521
29.46486199999521
29.46486199999521
29.46486199999521
29.46486199999521
29.46486199999521
29.46486199999521
29.46486199999521
29.46486199999521
29.46486199999521
29.46486199999521
29.46486199999521
29.46486199999521
29.46486199999521
29.46486199999521
29.46486199999521
29.46486199999521
29.46486199999521
29.46486199999521
29.46486199999521
29.46486199999521
29.46486199999521
29.46486199999521
29.46486199999521
29.46486199999521
29.46486199999521
29.46486199999521
29.46486199999521
29.46486199999521
29.46486199999521
29.46486199999521
29.46486199999521
29.46486199999521
29.46486199999521
29.46486199999521
29.46486199999521
29.46486199999521
29.46486199999521
29.46486199999521
29.46486199999521
29.46486199999521
29.46486199999521
29.46486199999521
29.46486199999521
29.46486199999521
29.46486199999521
29.46486199999521
29.46486199999521
29.46486199999521
29.46486199999521
29.46486199999521
29.46486199999521
29.46486199999521
29.46486199999521
29.46486199999521
29.46486199999521
29.46486199999521
29.46486199999521
29.46486199999521
29.46486199999521
29.46486199999521
29.46486199999521
29.46486199999521
29.46486199999521
29.46486199999521
29.46486199999521
29.46486199999521
29.46486199999521
29.46486199999521
29.46486199999521
29.46486199999521
29.46486199999521
29.46486199999521
29.46486199999521
29.46486199999521
29.46486199999521
29.46486199999521
29.46486199999521
29.46486199999521
29.46486199999521
29.46486199999521
29.46486199999521
29.46486199999521
29.46486199999521
29.46486199999521
29.46486199999521
29.46486199999521
29.46486199999521
29.46486199999521
29.46486199999521
29.46486199999521
29.46486199999521
29.46486199999521
29.46486199999521
29.46486199999521
29.46486199999521
29.46486199999521
29.46486199999521
29.46486199999521
29.46486199999521
29.46486199999521
29.46486199999521
29.46486199999521
29.46486199999521
29.46486199999521
29.46486199999521
29.46486199999521
29.46486199999521
29.46486199999521
29.46486199999521
29.46486199999521
29.46486199999521
29.46486199999521
29.46486199999521
29.46486199999521
29.46486199999521
29.46486199999521
29.46486199999521
29.46486199999521
29.46486199999521
29.46486199999521
29.46486199999521
29.46486199999521
29.46486199999521
29.46486199999521
29.46486199999521
29.46486199999521
29.46486199999521
29.46486199999521
29.46486199999521
29.46486199999521
29.46486199999521
29.46486199999521
29.46486199999521
29.46486199999521
29.46486199999521
29.46486199999521
29.46486199999521
29.46486199999521
29.46486199999521
29.46486199999521
29.46486199999521
29.46486199999521
29.46486199999521
29.46486199999521
29.46486199999521
29.46486199999521
29.46486199999521
29.46486199999521
29.46486199999521
29.46486199999521
29.46486199999521
29.46486199999521
29.46486199999521
29.46486199999521
29.46486199999521
29.46486199999521
29.46486199999521
29.46486199999521
29.46486199999521
29.46486199999521
29.46486199999521
29.46486199999521
29.46486199999521
29.46486199999521
29.46486199999521
29.46486199999521
29.46486199999521
29.46486199999521
29.46486199999521
29.46486199999521
29.46486199999521
29.46486199999521
29.46486199999521
29.46486199999521
29.46486199999521
29.46486199999521
29.46486199999521
29.46486199999521
29.46486199999521
29.46486199999521
29.46486199999521
29.46486199999521
29.46486199999521
29.46486199999521
29.46486199999521
29.46486199999521
29.46486199999521
29.46486199999521
29.46486199999521
29.46486199999521
29.46486199999521
29.46486199999521
29.46486199999521
29.46486199999521
29.46486199999521
29.46486199999521
29.46486199999521
29.46486199999521
29.46486199999521
29.46486199999521
29.46486199999521
29.46486199999521
29.46486199999521
29.46486199999521
29.46486199999521
29.46486199999521
29.46486199999521
29.46486199999521
29.46486199999521
29.46486199999521
29.46486199999521
29.46486199999521
29.46486199999521
29.46486199999521
29.46486199999521
29.46486199999521
29.46486199999521
29.46486199999521
29.46486199999521
29.46486199999521
29.46486199999521
29.46486199999521
29.46486199999521
29.46486199999521
29.46486199999521
29.46486199999521
29.46486199999521
29.46486199999521
29.46486199999521
29.46486199999521
29.46486199999521
29.46486199999521
29.46486199999521
29.46486199999521
29.46486199999521
29.46486199999521
29.46486199999521
29.46486199999521
29.46486199999521
29.46486199999521
29.46486199999521
29.46486199999521
29.46486199999521
29.46486199999521
29.46486199999521
29.46486199999521
29.46486199999521
29.46486199999521
29.46486199999521
29.46486199999521
29.46486199999521
29.46486199999521
29.46486199999521
29.46486199999521
29.46486199999521
29.46486199999521
29.46486199999521
29.46486199999521
29.46486199999521
29.46486199999521
29.46486199999521
29.46486199999521
29.46486199999521
29.46486199999521
29.46486199999521
29.46486199999521
29.46486199999521
29.46486199999521
29.46486199999521
29.46486199999521
29.46486199999521
29.46486199999521
29.46486199999521
29.46486199999521
29.46486199999521
29.46486199999521
29.46486199999521
29.46486199999521
29.46486199999521
29.46486199999521
29.46486199999521
29.46486199999521
29.46486199999521
29.46486199999521
29.46486199999521
29.46486199999521
29.46486199999521
29.46486199999521
29.46486199999521
29.46486199999521
29.46486199999521
29.46486199999521
29.46486199999521
29.46486199999521
29.46486199999521
29.46486199999521
29.46486199999521
29.46486199999521
29.46486199999521
29.46486199999521
29.46486199999521
29.46486199999521
29.46486199999521
29.46486199999521
29.46486199999521
29.46486199999521
29.46486199999521
29.46486199999521
29.46486199999521
29.46486199999521
29.46486199999521
29.46486199999521
29.46486199999521
29.46486199999521
29.46486199999521
29.46486199999521
29.46486199999521
29.46486199999521
29.46486199999521
29.46486199999521
29.46486199999521
29.46486199999521
29.46486199999521
29.46486199999521
29.46486199999521
29.46486199999521
29.46486199999521
29.46486199999521
29.46486199999521
29.46486199999521
29.46486199999521
29.46486199999521
29.46486199999521
29.46486199999521
29.46486199999521
29.46486199999521
29.46486199999521
29.46486199999521
29.46486199999521
29.46486199999521
29.46486199999521
29.46486199999521
29.46486199999521
29.46486199999521
29.46486199999521
29.46486199999521
29.46486199999521
29.46486199999521
29.46486199999521
29.46486199999521
29.46486199999521
29.46486199999521
29.46486199999521
29.46486199999521
29.46486199999521
29.46486199999521
29.46486199999521
29.46486199999521
29.46486199999521
29.46486199999521
29.46486199999521
29.46486199999521
29.46486199999521
29.46486199999521
29.46486199999521
29.46486199999521
29.46486199999521
29.46486199999521
29.46486199999521
29.46486199999521
29.46486199999521
29.46486199999521
29.46486199999521
29.46486199999521
29.46486199999521
29.46486199999521
29.46486199999521
29.46486199999521
29.46486199999521
29.46486199999521
29.46486199999521
29.46486199999521
29.46486199999521
29.46486199999521
29.46486199999521
29.46486199999521
29.46486199999521
29.46486199999521
29.46486199999521
29.46486199999521
29.46486199999521
29.46486199999521
29.46486199999521
29.46486199999521
29.46486199999521
29.46486199999521
29.46486199999521
29.46486199999521
29.46486199999521
29.46486199999521
29.46486199999521
29.46486199999521
29.46486199999521
29.46486199999521
29.46486199999521
29.46486199999521
29.46486199999521
29.46486199999521
29.46486199999521
29.46486199999521
29.46486199999521
29.46486199999521
29.46486199999521
29.46486199999521
29.46486199999521
29.46486199999521
29.46486199999521
29.46486199999521
29.46486199999521
29.46486199999521
29.46486199999521
29.46486199999521
29.46486199999521
29.46486199999521
29.46486199999521
29.46486199999521
29.46486199999521
29.46486199999521
29.46486199999521
29.46486199999521
29.46486199999521
29.46486199999521
29.46486199999521
29.46486199999521
29.46486199999521
29.46486199999521
29.46486199999521
29.46486199999521
29.46486199999521
29.46486199999521
29.46486199999521
29.46486199999521
29.46486199999521
29.46486199999521
29.46486199999521
29.46486199999521
29.46486199999521
29.46486199999521
29.46486199999521
29.46486199999521
29.46486199999521
29.46486199999521
29.46486199999521
29.46486199999521
29.46486199999521
29.46486199999521
29.46486199999521
29.46486199999521
29.46486199999521
29.46486199999521
29.46486199999521
29.46486199999521
29.46486199999521
29.46486199999521
29.46486199999521
29.46486199999521
29.46486199999521
29.46486199999521
29.46486199999521
29.46486199999521
29.46486199999521
29.46486199999521
29.46486199999521
29.46486199999521
29.46486199999521
29.46486199999521
29.46486199999521
29.46486199999521
29.46486199999521
29.46486199999521
29.46486199999521
29.46486199999521
29.46486199999521
29.46486199999521
29.46486199999521
29.46486199999521
29.46486199999521
29.46486199999521
29.46486199999521
29.46486199999521
29.46486199999521
29.46486199999521
29.46486199999521
29.46486199999521
29.46486199999521
29.46486199999521
29.46486199999521
29.46486199999521
29.46486199999521
29.46486199999521
29.46486199999521
29.46486199999521
29.46486199999521
29.46486199999521
29.46486199999521
29.46486199999521
29.46486199999521
29.46486199999521
29.46486199999521
29.46486199999521
29.46486199999521
29.46486199999521
29.46486199999521
29.46486199999521
29.46486199999521
29.46486199999521
29.46486199999521
29.46486199999521
29.46486199999521
29.46486199999521
29.46486199999521
29.46486199999521
29.46486199999521
29.46486199999521
29.46486199999521
29.46486199999521
29.46486199999521
29.46486199999521
29.46486199999521
29.46486199999521
29.46486199999521
29.46486199999521
29.46486199999521
29.46486199999521
29.46486199999521
29.46486199999521
29.46486199999521
29.46486199999521
29.46486199999521
29.46486199999521
29.46486199999521
29.46486199999521
29.46486199999521
29.46486199999521
29.46486199999521
29.46486199999521
29.46486199999521
29.46486199999521
29.46486199999521
29.46486199999521
29.46486199999521
29.46486199999521
29.46486199999521
29.46486199999521
29.46486199999521
29.46486199999521
29.46486199999521
29.46486199999521
29.46486199999521
29.46486199999521
29.46486199999521
29.46486199999521
29.46486199999521
29.46486199999521
29.46486199999521
29.46486199999521
29.46486199999521
29.46486199999521
29.46486199999521
29.46486199999521
29.46486199999521
29.46486199999521
29.46486199999521
29.46486199999521
29.46486199999521
29.46486199999521
29.46486199999521
29.46486199999521
29.46486199999521
29.46486199999521
29.46486199999521
29.46486199999521
29.46486199999521
29.46486199999521
29.46486199999521
29.46486199999521
29.46486199999521
29.46486199999521
29.46486199999521
29.46486199999521
29.46486199999521
29.46486199999521
29.46486199999521
29.46486199999521
29.46486199999521
29.46486199999521
29.46486199999521
29.46486199999521
29.46486199999521
29.46486199999521
29.46486199999521
29.46486199999521
29.46486199999521
29.46486199999521
29.46486199999521
29.46486199999521
29.46486199999521
29.46486199999521
29.46486199999521
29.46486199999521
29.46486199999521
29.46486199999521
29.46486199999521
29.46486199999521
29.46486199999521
29.46486199999521
29.46486199999521
29.46486199999521
29.46486199999521
29.46486199999521
29.46486199999521
29.46486199999521
29.46486199999521
29.46486199999521
29.46486199999521
29.46486199999521
29.46486199999521
29.46486199999521
29.46486199999521
29.46486199999521
29.46486199999521
29.46486199999521
29.46486199999521
29.46486199999521
29.46486199999521
29.46486199999521
29.46486199999521
29.46486199999521
29.46486199999521
29.46486199999521
29.46486199999521
29.46486199999521
29.46486199999521
29.46486199999521
29.46486199999521
29.46486199999521
29.46486199999521
29.46486199999521
29.46486199999521
29.46486199999521
29.46486199999521
29.46486199999521
29.46486199999521
29.46486199999521
29.46486199999521
29.46486199999521
29.46486199999521
29.46486199999521
29.46486199999521
29.46486199999521
29.46486199999521
29.46486199999521
29.46486199999521
29.46486199999521
29.46486199999521
29.46486199999521
29.46486199999521
29.46486199999521
29.46486199999521
29.46486199999521
29.46486199999521
29.46486199999521
29.46486199999521
29.46486199999521
29.46486199999521
29.46486199999521
29.46486199999521
29.46486199999521
29.46486199999521
29.46486199999521
29.46486199999521
29.46486199999521
29.46486199999521
29.46486199999521
29.46486199999521
29.46486199999521
29.46486199999521
29.46486199999521
29.46486199999521
29.46486199999521
29.46486199999521
29.46486199999521
29.46486199999521
29.46486199999521
29.46486199999521
29.46486199999521
29.46486199999521
29.46486199999521
29.46486199999521
29.46486199999521
29.46486199999521
29.46486199999521
29.46486199999521
29.46486199999521
29.46486199999521
29.46486199999521
29.46486199999521
29.46486199999521
29.46486199999521
29.46486199999521
29.46486199999521
29.46486199999521
29.46486199999521
29.46486199999521
29.46486199999521
29.46486199999521
29.46486199999521
29.46486199999521
29.46486199999521
29.46486199999521
29.46486199999521
29.46486199999521
29.46486199999521
29.46486199999521
29.46486199999521
29.46486199999521
29.46486199999521
29.46486199999521
29.46486199999521
29.46486199999521
29.46486199999521
29.46486199999521
29.46486199999521
29.46486199999521
29.46486199999521
29.46486199999521
29.46486199999521
29.46486199999521
29.46486199999521
29.46486199999521
29.46486199999521
29.46486199999521
29.46486199999521
29.46486199999521
29.46486199999521
29.46486199999521
29.46486199999521
29.46486199999521
29.46486199999521
29.46486199999521
29.46486199999521
29.46486199999521
29.46486199999521
29.46486199999521
29.46486199999521
29.46486199999521
29.46486199999521
29.46486199999521
29.46486199999521
29.46486199999521
29.46486199999521
29.46486199999521
29.46486199999521
29.46486199999521
29.46486199999521
29.46486199999521
29.46486199999521
29.46486199999521
29.46486199999521
29.46486199999521
29.46486199999521
29.46486199999521
29.46486199999521
29.46486199999521
29.46486199999521
29.46486199999521
29.46486199999521
29.46486199999521
29.46486199999521
29.46486199999521
29.46486199999521
29.46486199999521
29.46486199999521
29.46486199999521
29.46486199999521
29.46486199999521
29.46486199999521
29.46486199999521
29.46486199999521
29.46486199999521
29.46486199999521
29.46486199999521
29.46486199999521
29.46486199999521
29.46486199999521
29.46486199999521
29.46486199999521
29.46486199999521
29.46486199999521
29.46486199999521
29.46486199999521
29.46486199999521
29.46486199999521
29.46486199999521
29.46486199999521
29.46486199999521
29.46486199999521
29.46486199999521
29.46486199999521
29.46486199999521
29.46486199999521
29.46486199999521
29.46486199999521
29.46486199999521
29.46486199999521
29.46486199999521
29.46486199999521
29.46486199999521
29.46486199999521
29.46486199999521
29.46486199999521
29.46486199999521
29.46486199999521
29.46486199999521
29.46486199999521
29.46486199999521
29.46486199999521
29.46486199999521
29.46486199999521
29.46486199999521
29.46486199999521
29.46486199999521
29.46486199999521
29.46486199999521
29.46486199999521
29.46486199999521
29.46486199999521
29.46486199999521
29.46486199999521
29.46486199999521
29.46486199999521
29.46486199999521
29.46486199999521
29.46486199999521
29.46486199999521
29.46486199999521
29.46486199999521
29.46486199999521
29.46486199999521
29.46486199999521
29.46486199999521
29.46486199999521
29.46486199999521
29.46486199999521
29.46486199999521
29.46486199999521
29.46486199999521
29.46486199999521
29.46486199999521
29.46486199999521
29.46486199999521
29.46486199999521
29.46486199999521
29.46486199999521
29.46486199999521
29.46486199999521
29.46486199999521
29.46486199999521
29.46486199999521
29.46486199999521
29.46486199999521
29.46486199999521
29.46486199999521
29.46486199999521
29.46486199999521
29.46486199999521
29.46486199999521
29.46486199999521
29.46486199999521
29.46486199999521
29.46486199999521
29.46486199999521
29.46486199999521
29.46486199999521
29.46486199999521
29.46486199999521
29.46486199999521
29.46486199999521
29.46486199999521
29.46486199999521
29.46486199999521
29.46486199999521
29.46486199999521
29.46486199999521
29.46486199999521
29.46486199999521
29.46486199999521
29.46486199999521
29.46486199999521
29.46486199999521
29.46486199999521
29.46486199999521
29.46486199999521
29.46486199999521
29.46486199999521
29.46486199999521
29.46486199999521
29.46486199999521
29.46486199999521
29.46486199999521
29.46486199999521
29.46486199999521
29.46486199999521
29.46486199999521
29.46486199999521
29.46486199999521
29.46486199999521
29.46486199999521
29.46486199999521
29.46486199999521
29.46486199999521
29.46486199999521
29.46486199999521
29.46486199999521
29.46486199999521
29.46486199999521
29.46486199999521
29.46486199999521
29.46486199999521
29.46486199999521
29.46486199999521
29.46486199999521
29.46486199999521
29.46486199999521
29.46486199999521
29.46486199999521
29.46486199999521
29.46486199999521
29.46486199999521
29.46486199999521
29.46486199999521
29.46486199999521
29.46486199999521
29.46486199999521
29.46486199999521
29.46486199999521
29.46486199999521
29.46486199999521
29.46486199999521
29.46486199999521
29.46486199999521
29.46486199999521
29.46486199999521
29.46486199999521
29.46486199999521
29.46486199999521
29.46486199999521
29.46486199999521
29.46486199999521
29.46486199999521
29.46486199999521
29.46486199999521
29.46486199999521
29.46486199999521
29.46486199999521
29.46486199999521
29.46486199999521
29.46486199999521
29.46486199999521
29.46486199999521
29.46486199999521
29.46486199999521
29.46486199999521
29.46486199999521
29.46486199999521
29.46486199999521
29.46486199999521
29.46486199999521
29.46486199999521
29.46486199999521
29.46486199999521
29.46486199999521
29.46486199999521
29.46486199999521
29.46486199999521
29.46486199999521
29.46486199999521
29.46486199999521
29.46486199999521
29.46486199999521
29.46486199999521
29.46486199999521
29.46486199999521
29.46486199999521
29.46486199999521
29.46486199999521
29.46486199999521
29.46486199999521
29.46486199999521
29.46486199999521
29.46486199999521
29.46486199999521
29.46486199999521
29.46486199999521
29.46486199999521
29.46486199999521
29.46486199999521
29.46486199999521
29.46486199999521
29.46486199999521
29.46486199999521
29.46486199999521
29.46486199999521
29.46486199999521
29.46486199999521
29.46486199999521
29.46486199999521
29.46486199999521
29.46486199999521
29.46486199999521
29.46486199999521
29.46486199999521
29.46486199999521
29.46486199999521
29.46486199999521
29.46486199999521
29.46486199999521
29.46486199999521
29.46486199999521
29.46486199999521
29.46486199999521
29.46486199999521
29.46486199999521
29.46486199999521
29.46486199999521
29.46486199999521
29.46486199999521
29.46486199999521
29.46486199999521
29.46486199999521
29.46486199999521
29.46486199999521
29.46486199999521
29.46486199999521
29.46486199999521
29.46486199999521
29.46486199999521
29.46486199999521
29.46486199999521
29.46486199999521
29.46486199999521
29.46486199999521
29.46486199999521
29.46486199999521
29.46486199999521
29.46486199999521
29.46486199999521
29.46486199999521
29.46486199999521
29.46486199999521
29.46486199999521
29.46486199999521
29.46486199999521
29.46486199999521
29.46486199999521
29.46486199999521
29.46486199999521
29.46486199999521
29.46486199999521
29.46486199999521
29.46486199999521
29.46486199999521
29.46486199999521
29.46486199999521
29.46486199999521
29.46486199999521
29.46486199999521
29.46486199999521
29.46486199999521
29.46486199999521
29.46486199999521
29.46486199999521
29.46486199999521
29.46486199999521
29.46486199999521
29.46486199999521
29.46486199999521
29.46486199999521
29.46486199999521
29.46486199999521
29.46486199999521
29.46486199999521
29.46486199999521
29.46486199999521
29.46486199999521
29.46486199999521
29.46486199999521
29.46486199999521
29.46486199999521
29.46486199999521
29.46486199999521
29.46486199999521
29.46486199999521
29.46486199999521
29.46486199999521
29.46486199999521
29.46486199999521
29.46486199999521
29.46486199999521
29.46486199999521
29.46486199999521
29.46486199999521
29.46486199999521
29.46486199999521
29.46486199999521
29.46486199999521
29.46486199999521
29.46486199999521
29.46486199999521
29.46486199999521
29.46486199999521
29.46486199999521
29.46486199999521
29.46486199999521
29.46486199999521
29.46486199999521
29.46486199999521
29.46486199999521
29.46486199999521
29.46486199999521
29.46486199999521
29.46486199999521
29.46486199999521
29.46486199999521
29.46486199999521
29.46486199999521
29.46486199999521
29.46486199999521
29.46486199999521
29.46486199999521
29.46486199999521
29.46486199999521
29.46486199999521
29.46486199999521
29.46486199999521
29.46486199999521
29.46486199999521
29.46486199999521
29.46486199999521
29.46486199999521
29.46486199999521
29.46486199999521
29.46486199999521
29.46486199999521
29.46486199999521
29.46486199999521
29.46486199999521
29.46486199999521
29.46486199999521
29.46486199999521
29.46486199999521
29.46486199999521
29.46486199999521
29.46486199999521
29.46486199999521
29.46486199999521
29.46486199999521
29.46486199999521
29.46486199999521
29.46486199999521
29.46486199999521
29.46486199999521
29.46486199999521
29.46486199999521
29.46486199999521
29.46486199999521
29.46486199999521
29.46486199999521
29.46486199999521
29.46486199999521
29.46486199999521
29.46486199999521
29.46486199999521
29.46486199999521
29.46486199999521
29.46486199999521
29.46486199999521
29.46486199999521
29.46486199999521
29.46486199999521
29.46486199999521
29.46486199999521
29.46486199999521
29.46486199999521
29.46486199999521
29.46486199999521
29.46486199999521
29.46486199999521
29.46486199999521
29.46486199999521
29.46486199999521
29.46486199999521
29.46486199999521
29.46486199999521
29.46486199999521
29.46486199999521
29.46486199999521
29.46486199999521
29.46486199999521
29.46486199999521
29.46486199999521
29.46486199999521
29.46486199999521
29.46486199999521
29.46486199999521
29.46486199999521
29.46486199999521
29.46486199999521
29.46486199999521
29.46486199999521
29.46486199999521
29.46486199999521
29.46486199999521
29.46486199999521
29.46486199999521
29.46486199999521
29.46486199999521
29.46486199999521
29.46486199999521
29.46486199999521
29.46486199999521
29.46486199999521
29.46486199999521
29.46486199999521
29.46486199999521
29.46486199999521
29.46486199999521
29.46486199999521
29.46486199999521
29.46486199999521
29.46486199999521
29.46486199999521
29.46486199999521
29.46486199999521
29.46486199999521
29.46486199999521
29.46486199999521
29.46486199999521
29.46486199999521
29.46486199999521
29.46486199999521
29.46486199999521
29.46486199999521
29.46486199999521
29.46486199999521
29.46486199999521
29.46486199999521
29.46486199999521
29.46486199999521
29.46486199999521
29.46486199999521
29.46486199999521
29.46486199999521
29.46486199999521
29.46486199999521
29.46486199999521
29.46486199999521
29.46486199999521
29.46486199999521
29.46486199999521
29.46486199999521
29.46486199999521
29.46486199999521
29.46486199999521
29.46486199999521
29.46486199999521
29.46486199999521
29.46486199999521
29.46486199999521
29.46486199999521
29.46486199999521
29.46486199999521
29.46486199999521
29.46486199999521
29.46486199999521
29.46486199999521
29.46486199999521
29.46486199999521
29.46486199999521
29.46486199999521
29.46486199999521
29.46486199999521
29.46486199999521
29.46486199999521
29.46486199999521
29.46486199999521
29.46486199999521
29.46486199999521
29.46486199999521
29.46486199999521
29.46486199999521
29.46486199999521
29.46486199999521
29.46486199999521
29.46486199999521
29.46486199999521
29.46486199999521
29.46486199999521
29.46486199999521
29.46486199999521
29.46486199999521
29.46486199999521
29.46486199999521
29.46486199999521
29.46486199999521
29.46486199999521
29.46486199999521
29.46486199999521
29.46486199999521
29.46486199999521
29.46486199999521
29.46486199999521
29.46486199999521
29.46486199999521
29.46486199999521
29.46486199999521
29.46486199999521
29.46486199999521
29.46486199999521
29.46486199999521
29.46486199999521
29.46486199999521
29.46486199999521
29.46486199999521
29.46486199999521
29.46486199999521
29.46486199999521
29.46486199999521
29.46486199999521
29.46486199999521
29.46486199999521
29.46486199999521
29.46486199999521
29.46486199999521
29.46486199999521
29.46486199999521
29.46486199999521
29.46486199999521
29.46486199999521
29.46486199999521
29.46486199999521
29.46486199999521
29.46486199999521
29.46486199999521
29.46486199999521
29.46486199999521
29.46486199999521
29.46486199999521
29.46486199999521
29.46486199999521
29.46486199999521
29.46486199999521
29.46486199999521
29.46486199999521
29.46486199999521
29.46486199999521
29.46486199999521
29.46486199999521
29.46486199999521
29.46486199999521
29.46486199999521
29.46486199999521
29.46486199999521
29.46486199999521
29.46486199999521
29.46486199999521
29.46486199999521
29.46486199999521
29.46486199999521
29.46486199999521
29.46486199999521
29.46486199999521
29.46486199999521
29.46486199999521
29.46486199999521
29.46486199999521
29.46486199999521
29.46486199999521
29.46486199999521
29.46486199999521
29.46486199999521
29.46486199999521
29.46486199999521
29.46486199999521
29.46486199999521
29.46486199999521
29.46486199999521
29.46486199999521
29.46486199999521
29.46486199999521
29.46486199999521
29.46486199999521
29.46486199999521
29.46486199999521
29.46486199999521
29.46486199999521
29.46486199999521
29.46486199999521
29.46486199999521
29.46486199999521
29.46486199999521
29.46486199999521
29.46486199999521
29.46486199999521
29.46486199999521
29.46486199999521
29.46486199999521
29.46486199999521
29.46486199999521
29.46486199999521
29.46486199999521
29.46486199999521
29.46486199999521
29.46486199999521
29.46486199999521
29.46486199999521
29.46486199999521
29.46486199999521
29.46486199999521
29.46486199999521
29.46486199999521
29.46486199999521
29.46486199999521
29.46486199999521
29.46486199999521
29.46486199999521
29.46486199999521
29.46486199999521
29.46486199999521
29.46486199999521
29.46486199999521
29.46486199999521
29.46486199999521
29.46486199999521
29.46486199999521
29.46486199999521
29.46486199999521
29.46486199999521
29.46486199999521
29.46486199999521
29.46486199999521
29.46486199999521
29.46486199999521
29.46486199999521
29.46486199999521
29.46486199999521
29.46486199999521
29.46486199999521
29.46486199999521
29.46486199999521
29.46486199999521
29.46486199999521
29.46486199999521
29.46486199999521
29.46486199999521
29.46486199999521
29.46486199999521
29.46486199999521
29.46486199999521
29.46486199999521
29.46486199999521
29.46486199999521
29.46486199999521
29.46486199999521
29.46486199999521
29.46486199999521
29.46486199999521
29.46486199999521
29.46486199999521
29.46486199999521
29.46486199999521
29.46486199999521
29.46486199999521
29.46486199999521
29.46486199999521
29.46486199999521
29.46486199999521
29.46486199999521
29.46486199999521
29.46486199999521
29.46486199999521
29.46486199999521
29.46486199999521
29.46486199999521
29.46486199999521
29.46486199999521
29.46486199999521
29.46486199999521
29.46486199999521
29.46486199999521
29.46486199999521
29.46486199999521
29.46486199999521
29.46486199999521
29.46486199999521
29.46486199999521
29.46486199999521
29.46486199999521
29.46486199999521
29.46486199999521
29.46486199999521
29.46486199999521
29.46486199999521
29.46486199999521
29.46486199999521
29.46486199999521
29.46486199999521
29.46486199999521
29.46486199999521
29.46486199999521
29.46486199999521
29.46486199999521
29.46486199999521
29.46486199999521
29.46486199999521
29.46486199999521
29.46486199999521
29.46486199999521
29.46486199999521
29.46486199999521
29.46486199999521
29.46486199999521
29.46486199999521
29.46486199999521
29.46486199999521
29.46486199999521
29.46486199999521
29.46486199999521
29.46486199999521
29.46486199999521
29.46486199999521
29.46486199999521
29.46486199999521
29.46486199999521
29.46486199999521
29.46486199999521
29.46486199999521
29.46486199999521
29.46486199999521
29.46486199999521
29.46486199999521
29.46486199999521
29.46486199999521
29.46486199999521
29.46486199999521
29.46486199999521
29.46486199999521
29.46486199999521
29.46486199999521
29.46486199999521
29.46486199999521
29.46486199999521
29.46486199999521
29.46486199999521
29.46486199999521
29.46486199999521
29.46486199999521
29.46486199999521
29.46486199999521
29.46486199999521
29.46486199999521
29.46486199999521
29.46486199999521
29.46486199999521
29.46486199999521
29.46486199999521
29.46486199999521
29.46486199999521
29.46486199999521
29.46486199999521
29.46486199999521
29.46486199999521
29.46486199999521
29.46486199999521
29.46486199999521
29.46486199999521
29.46486199999521
29.46486199999521
29.46486199999521
29.46486199999521
29.46486199999521
29.46486199999521
29.46486199999521
29.46486199999521
29.46486199999521
29.46486199999521
29.46486199999521
29.46486199999521
29.46486199999521
29.46486199999521
29.46486199999521
29.46486199999521
29.46486199999521
29.46486199999521
29.46486199999521
29.46486199999521
29.46486199999521
29.46486199999521
29.46486199999521
29.46486199999521
29.46486199999521
29.46486199999521
29.46486199999521
29.46486199999521
29.46486199999521
29.46486199999521
29.46486199999521
29.46486199999521
29.46486199999521
29.46486199999521
29.46486199999521
29.46486199999521
29.46486199999521
29.46486199999521
29.46486199999521
29.46486199999521
29.46486199999521
29.46486199999521
29.46486199999521
29.46486199999521
29.46486199999521
29.46486199999521
29.46486199999521
29.46486199999521
29.46486199999521
29.46486199999521
29.46486199999521
29.46486199999521
29.46486199999521
29.46486199999521
29.46486199999521
29.46486199999521
29.46486199999521
29.46486199999521
29.46486199999521
29.46486199999521
29.46486199999521
29.46486199999521
29.46486199999521
29.46486199999521
29.46486199999521
29.46486199999521
29.46486199999521
29.46486199999521
29.46486199999521
29.46486199999521
29.46486199999521
29.46486199999521
29.46486199999521
29.46486199999521
29.46486199999521
29.46486199999521
29.46486199999521
29.46486199999521
29.46486199999521
29.46486199999521
29.46486199999521
29.46486199999521
29.46486199999521
29.46486199999521
29.46486199999521
29.46486199999521
29.46486199999521
29.46486199999521
29.46486199999521
29.46486199999521
29.46486199999521
29.46486199999521
29.46486199999521
29.46486199999521
29.46486199999521
29.46486199999521
29.46486199999521
29.46486199999521
29.46486199999521
29.46486199999521
29.46486199999521
29.46486199999521
29.46486199999521
29.46486199999521
29.46486199999521
29.46486199999521
29.46486199999521
29.46486199999521
29.46486199999521
29.46486199999521
29.46486199999521
29.46486199999521
29.46486199999521
29.46486199999521
29.46486199999521
29.46486199999521
29.46486199999521
29.46486199999521
29.46486199999521
29.46486199999521
29.46486199999521
29.46486199999521
29.46486199999521
29.46486199999521
29.46486199999521
29.46486199999521
29.46486199999521
29.46486199999521
29.46486199999521
29.46486199999521
29.46486199999521
29.46486199999521
29.46486199999521
29.46486199999521
29.46486199999521
29.46486199999521
29.46486199999521
29.46486199999521
29.46486199999521
29.46486199999521
29.46486199999521
29.46486199999521
29.46486199999521
29.46486199999521
29.46486199999521
29.46486199999521
29.46486199999521
29.46486199999521
29.46486199999521
29.46486199999521
29.46486199999521
29.46486199999521
29.46486199999521
29.46486199999521
29.46486199999521
29.46486199999521
29.46486199999521
29.46486199999521
29.46486199999521
29.46486199999521
29.46486199999521
29.46486199999521
29.46486199999521
29.46486199999521
29.46486199999521
29.46486199999521
29.46486199999521
29.46486199999521
29.46486199999521
29.46486199999521
29.46486199999521
29.46486199999521
29.46486199999521
29.46486199999521
29.46486199999521
29.46486199999521
29.46486199999521
29.46486199999521
29.46486199999521
29.46486199999521
29.46486199999521
29.46486199999521
29.46486199999521
29.46486199999521
29.46486199999521
29.46486199999521
29.46486199999521
29.46486199999521
29.46486199999521
29.46486199999521
29.46486199999521
29.46486199999521
29.46486199999521
29.46486199999521
29.46486199999521
29.46486199999521
29.46486199999521
29.46486199999521
29.46486199999521
29.46486199999521
29.46486199999521
29.46486199999521
29.46486199999521
29.46486199999521
29.46486199999521
29.46486199999521
29.46486199999521
29.46486199999521
29.46486199999521
29.46486199999521
29.46486199999521
29.46486199999521
29.46486199999521
29.46486199999521
29.46486199999521
29.46486199999521
29.46486199999521
29.46486199999521
29.46486199999521
29.46486199999521
29.46486199999521
29.46486199999521
29.46486199999521
29.46486199999521
29.46486199999521
29.46486199999521
29.46486199999521
29.46486199999521
29.46486199999521
29.46486199999521
29.46486199999521
29.46486199999521
29.46486199999521
29.46486199999521
29.46486199999521
29.46486199999521
29.46486199999521
29.46486199999521
29.46486199999521
29.46486199999521
29.46486199999521
29.46486199999521
29.46486199999521
29.46486199999521
29.46486199999521
29.46486199999521
29.46486199999521
29.46486199999521
29.46486199999521
29.46486199999521
29.46486199999521
29.46486199999521
29.46486199999521
29.46486199999521
29.46486199999521
29.46486199999521
29.46486199999521
29.46486199999521
29.46486199999521
29.46486199999521
29.46486199999521
29.46486199999521
29.46486199999521
29.46486199999521
29.46486199999521
29.46486199999521
29.46486199999521
29.46486199999521
29.46486199999521
29.46486199999521
29.46486199999521
29.46486199999521
29.46486199999521
29.46486199999521
29.46486199999521
29.46486199999521
29.46486199999521
29.46486199999521
29.46486199999521
29.46486199999521
29.46486199999521
29.46486199999521
29.46486199999521
29.46486199999521
29.46486199999521
29.46486199999521
29.46486199999521
29.46486199999521
29.46486199999521
29.46486199999521
29.46486199999521
29.46486199999521
29.46486199999521
29.46486199999521
29.46486199999521
29.46486199999521
29.46486199999521
29.46486199999521
29.46486199999521
29.46486199999521
29.46486199999521
29.46486199999521
29.46486199999521
29.46486199999521
29.46486199999521
29.46486199999521
29.46486199999521
29.46486199999521
29.46486199999521
29.46486199999521
29.46486199999521
29.46486199999521
29.46486199999521
29.46486199999521
29.46486199999521
29.46486199999521
29.46486199999521
29.46486199999521
29.46486199999521
29.46486199999521
29.46486199999521
29.46486199999521
29.46486199999521
29.46486199999521
29.46486199999521
29.46486199999521
29.46486199999521
29.46486199999521
29.46486199999521
29.46486199999521
29.46486199999521
29.46486199999521
29.46486199999521
29.46486199999521
29.46486199999521
29.46486199999521
29.46486199999521
29.46486199999521
29.46486199999521
29.46486199999521
29.46486199999521
29.46486199999521
29.46486199999521
29.46486199999521
29.46486199999521
29.46486199999521
29.46486199999521
29.46486199999521
29.46486199999521
29.46486199999521
29.46486199999521
29.46486199999521
29.46486199999521
29.46486199999521
29.46486199999521
29.46486199999521
29.46486199999521
29.46486199999521
29.46486199999521
29.46486199999521
29.46486199999521
29.46486199999521
29.46486199999521
29.46486199999521
29.46486199999521
29.46486199999521
29.46486199999521
29.46486199999521
29.46486199999521
29.46486199999521
29.46486199999521
29.46486199999521
29.46486199999521
29.46486199999521
29.46486199999521
29.46486199999521
29.46486199999521
29.46486199999521
29.46486199999521
29.46486199999521
29.46486199999521
29.46486199999521
29.46486199999521
29.46486199999521
29.46486199999521
29.46486199999521
29.46486199999521
29.46486199999521
29.46486199999521
29.46486199999521
29.46486199999521
29.46486199999521
29.46486199999521
29.46486199999521
29.46486199999521
29.46486199999521
29.46486199999521
29.46486199999521
29.46486199999521
29.46486199999521
29.46486199999521
29.46486199999521
29.46486199999521
29.46486199999521
29.46486199999521
29.46486199999521
29.46486199999521
29.46486199999521
29.46486199999521
29.46486199999521
29.46486199999521
29.46486199999521
29.46486199999521
29.46486199999521
29.46486199999521
29.46486199999521
29.46486199999521
29.46486199999521
29.46486199999521
29.46486199999521
29.46486199999521
29.46486199999521
29.46486199999521
29.46486199999521
29.46486199999521
29.46486199999521
29.46486199999521
29.46486199999521
29.46486199999521
29.46486199999521
29.46486199999521
29.46486199999521
29.46486199999521
29.46486199999521
29.46486199999521
29.46486199999521
29.46486199999521
29.46486199999521
29.46486199999521
29.46486199999521
29.46486199999521
29.46486199999521
29.46486199999521
29.46486199999521
29.46486199999521
29.46486199999521
29.46486199999521
29.46486199999521
29.46486199999521
29.46486199999521
29.46486199999521
29.46486199999521
29.46486199999521
29.46486199999521
29.46486199999521
29.46486199999521
29.46486199999521
29.46486199999521
29.46486199999521
29.46486199999521
29.46486199999521
29.46486199999521
29.46486199999521
29.46486199999521
29.46486199999521
29.46486199999521
29.46486199999521
29.46486199999521
29.46486199999521
29.46486199999521
29.46486199999521
29.46486199999521
29.46486199999521
29.46486199999521
29.46486199999521
29.46486199999521
29.46486199999521
29.46486199999521
29.46486199999521
29.46486199999521
29.46486199999521
29.46486199999521
29.46486199999521
29.46486199999521
29.46486199999521
29.46486199999521
29.46486199999521
29.46486199999521
29.46486199999521
29.46486199999521
29.46486199999521
29.46486199999521
29.46486199999521
29.46486199999521
29.46486199999521
29.46486199999521
29.46486199999521
29.46486199999521
29.46486199999521
29.46486199999521
29.46486199999521
29.46486199999521
29.46486199999521
29.46486199999521
29.46486199999521
29.46486199999521
29.46486199999521
29.46486199999521
29.46486199999521
29.46486199999521
29.46486199999521
29.46486199999521
29.46486199999521
29.46486199999521
29.46486199999521
29.46486199999521
29.46486199999521
29.46486199999521
29.46486199999521
29.46486199999521
29.46486199999521
29.46486199999521
29.46486199999521
29.46486199999521
29.46486199999521
29.46486199999521
29.46486199999521
29.46486199999521
29.46486199999521
29.46486199999521
29.46486199999521
29.46486199999521
29.46486199999521
29.46486199999521
29.46486199999521
29.46486199999521
29.46486199999521
29.46486199999521
29.46486199999521
29.46486199999521
29.46486199999521
29.46486199999521
29.46486199999521
29.46486199999521
29.46486199999521
29.46486199999521
29.46486199999521
29.46486199999521
29.46486199999521
29.46486199999521
29.46486199999521
29.46486199999521
29.46486199999521
29.46486199999521
29.46486199999521
29.46486199999521
29.46486199999521
29.46486199999521
29.46486199999521
29.46486199999521
29.46486199999521
29.46486199999521
29.46486199999521
29.46486199999521
29.46486199999521
29.46486199999521
29.46486199999521
29.46486199999521
29.46486199999521
29.46486199999521
29.46486199999521
29.46486199999521
29.46486199999521
29.46486199999521
29.46486199999521
29.46486199999521
29.46486199999521
29.46486199999521
29.46486199999521
29.46486199999521
29.46486199999521
29.46486199999521
29.46486199999521
29.46486199999521
29.46486199999521
29.46486199999521
29.46486199999521
29.46486199999521
29.46486199999521
29.46486199999521
29.46486199999521
29.46486199999521
29.46486199999521
29.46486199999521
29.46486199999521
29.46486199999521
29.46486199999521
29.46486199999521
29.46486199999521
29.46486199999521
29.46486199999521
29.46486199999521
29.46486199999521
29.46486199999521
29.46486199999521
29.46486199999521
29.46486199999521
29.46486199999521
29.46486199999521
29.46486199999521
29.46486199999521
29.46486199999521
29.46486199999521
29.46486199999521
29.46486199999521
29.46486199999521
29.46486199999521
29.46486199999521
29.46486199999521
29.46486199999521
29.46486199999521
29.46486199999521
29.46486199999521
29.46486199999521
29.46486199999521
29.46486199999521
29.46486199999521
29.46486199999521
29.46486199999521
29.46486199999521
29.46486199999521
29.46486199999521
29.46486199999521
29.46486199999521
29.46486199999521
29.46486199999521
29.46486199999521
29.46486199999521
29.46486199999521
29.46486199999521
29.46486199999521
29.46486199999521
29.46486199999521
29.46486199999521
29.46486199999521
29.46486199999521
29.46486199999521
29.46486199999521
29.46486199999521
29.46486199999521
29.46486199999521
29.46486199999521
29.46486199999521
29.46486199999521
29.46486199999521
29.46486199999521
29.46486199999521
29.46486199999521
29.46486199999521
29.46486199999521
29.46486199999521
29.46486199999521
29.46486199999521
29.46486199999521
29.46486199999521
29.46486199999521
29.46486199999521
29.46486199999521
29.46486199999521
29.46486199999521
29.46486199999521
29.46486199999521
29.46486199999521
29.46486199999521
29.46486199999521
29.46486199999521
29.46486199999521
29.46486199999521
29.46486199999521
29.46486199999521
29.46486199999521
29.46486199999521
29.46486199999521
29.46486199999521
29.46486199999521
29.46486199999521
29.46486199999521
29.46486199999521
29.46486199999521
29.46486199999521
29.46486199999521
29.46486199999521
29.46486199999521
29.46486199999521
29.46486199999521
29.46486199999521
29.46486199999521
29.46486199999521
29.46486199999521
29.46486199999521
29.46486199999521
29.46486199999521
29.46486199999521
29.46486199999521
29.46486199999521
29.46486199999521
29.46486199999521
29.46486199999521
29.46486199999521
29.46486199999521
29.46486199999521
29.46486199999521
29.46486199999521
29.46486199999521
29.46486199999521
29.46486199999521
29.46486199999521
29.46486199999521
29.46486199999521
29.46486199999521
29.46486199999521
29.46486199999521
29.46486199999521
29.46486199999521
29.46486199999521
29.46486199999521
29.46486199999521
29.46486199999521
29.46486199999521
29.46486199999521
29.46486199999521
29.46486199999521
29.46486199999521
29.46486199999521
29.46486199999521
29.46486199999521
29.46486199999521
29.46486199999521
29.46486199999521
29.46486199999521
29.46486199999521
29.46486199999521
29.46486199999521
29.46486199999521
29.46486199999521
29.46486199999521
29.46486199999521
29.46486199999521
29.46486199999521
29.46486199999521
29.46486199999521
29.46486199999521
29.46486199999521
29.46486199999521
29.46486199999521
29.46486199999521
29.46486199999521
29.46486199999521
29.46486199999521
29.46486199999521
29.46486199999521
29.46486199999521
29.46486199999521
29.46486199999521
29.46486199999521
29.46486199999521
29.46486199999521
29.46486199999521
29.46486199999521
29.46486199999521
29.46486199999521
29.46486199999521
29.46486199999521
29.46486199999521
29.46486199999521
29.46486199999521
29.46486199999521
29.46486199999521
29.46486199999521
29.46486199999521
29.46486199999521
29.46486199999521
29.46486199999521
29.46486199999521
29.46486199999521
29.46486199999521
29.46486199999521
29.46486199999521
29.46486199999521
29.46486199999521
29.46486199999521
29.46486199999521
29.46486199999521
29.46486199999521
29.46486199999521
29.46486199999521
29.46486199999521
29.46486199999521
29.46486199999521
29.46486199999521
29.46486199999521
29.46486199999521
29.46486199999521
29.46486199999521
29.46486199999521
29.46486199999521
29.46486199999521
29.46486199999521
29.46486199999521
29.46486199999521
29.46486199999521
29.46486199999521
29.46486199999521
29.46486199999521
29.46486199999521
29.46486199999521
29.46486199999521
29.46486199999521
29.46486199999521
29.46486199999521
29.46486199999521
29.46486199999521
29.46486199999521
29.46486199999521
29.46486199999521
29.46486199999521
29.46486199999521
29.46486199999521
29.46486199999521
29.46486199999521
29.46486199999521
29.46486199999521
29.46486199999521
29.46486199999521
29.46486199999521
29.46486199999521
29.46486199999521
29.46486199999521
29.46486199999521
29.46486199999521
29.46486199999521
29.46486199999521
29.46486199999521
29.46486199999521
29.46486199999521
29.46486199999521
29.46486199999521
29.46486199999521
29.46486199999521
29.46486199999521
29.46486199999521
29.46486199999521
29.46486199999521
29.46486199999521
29.46486199999521
29.46486199999521
29.46486199999521
29.46486199999521
29.46486199999521
29.46486199999521
29.46486199999521
29.46486199999521
29.46486199999521
29.46486199999521
29.46486199999521
29.46486199999521
29.46486199999521
29.46486199999521
29.46486199999521
29.46486199999521
29.46486199999521
29.46486199999521
29.46486199999521
29.46486199999521
29.46486199999521
29.46486199999521
29.46486199999521
29.46486199999521
29.46486199999521
29.46486199999521
29.46486199999521
29.46486199999521
29.46486199999521
29.46486199999521
29.46486199999521
29.46486199999521
29.46486199999521
29.46486199999521
29.46486199999521
29.46486199999521
29.46486199999521
29.46486199999521
29.46486199999521
29.46486199999521
29.46486199999521
29.46486199999521
29.46486199999521
29.46486199999521
29.46486199999521
29.46486199999521
29.46486199999521
29.46486199999521
29.46486199999521
29.46486199999521
29.46486199999521
29.46486199999521
29.46486199999521
29.46486199999521
29.46486199999521
29.46486199999521
29.46486199999521
29.46486199999521
29.46486199999521
29.46486199999521
29.46486199999521
29.46486199999521
29.46486199999521
29.46486199999521
29.46486199999521
29.46486199999521
29.46486199999521
29.46486199999521
29.46486199999521
29.46486199999521
29.46486199999521
29.46486199999521
29.46486199999521
29.46486199999521
29.46486199999521
29.46486199999521
29.46486199999521
29.46486199999521
29.46486199999521
29.46486199999521
29.46486199999521
29.46486199999521
29.46486199999521
29.46486199999521
29.46486199999521
29.46486199999521
29.46486199999521
29.46486199999521
29.46486199999521
29.46486199999521
29.46486199999521
29.46486199999521
29.46486199999521
29.46486199999521
29.46486199999521
29.46486199999521
29.46486199999521
29.46486199999521
29.46486199999521
29.46486199999521
29.46486199999521
29.46486199999521
29.46486199999521
29.46486199999521
29.46486199999521
29.46486199999521
29.46486199999521
29.46486199999521
29.46486199999521
29.46486199999521
29.46486199999521
29.46486199999521
29.46486199999521
29.46486199999521
29.46486199999521
29.46486199999521
29.46486199999521
29.46486199999521
29.46486199999521
29.46486199999521
29.46486199999521
29.46486199999521
29.46486199999521
29.46486199999521
29.46486199999521
29.46486199999521
29.46486199999521
29.46486199999521
29.46486199999521
29.46486199999521
29.46486199999521
29.46486199999521
29.46486199999521
29.46486199999521
29.46486199999521
29.46486199999521
29.46486199999521
29.46486199999521
29.46486199999521
29.46486199999521
29.46486199999521
29.46486199999521
29.46486199999521
29.46486199999521
29.46486199999521
29.46486199999521
29.46486199999521
29.46486199999521
29.46486199999521
29.46486199999521
29.46486199999521
29.46486199999521
29.46486199999521
29.46486199999521
29.46486199999521
29.46486199999521
29.46486199999521
29.46486199999521
29.46486199999521
29.46486199999521
29.46486199999521
29.46486199999521
29.46486199999521
29.46486199999521
29.46486199999521
29.46486199999521
29.46486199999521
29.46486199999521
29.46486199999521
29.46486199999521
29.46486199999521
29.46486199999521
29.46486199999521
29.46486199999521
29.46486199999521
29.46486199999521
29.46486199999521
29.46486199999521
29.46486199999521
29.46486199999521
29.46486199999521
29.46486199999521
29.46486199999521
29.46486199999521
29.46486199999521
29.46486199999521
29.46486199999521
29.46486199999521
29.46486199999521
29.46486199999521
29.46486199999521
29.46486199999521
29.46486199999521
29.46486199999521
29.46486199999521
29.46486199999521
29.46486199999521
29.46486199999521
29.46486199999521
29.46486199999521
29.46486199999521
29.46486199999521
29.46486199999521
29.46486199999521
29.46486199999521
29.46486199999521
29.46486199999521
29.46486199999521
29.46486199999521
29.46486199999521
29.46486199999521
29.46486199999521
29.46486199999521
29.46486199999521
29.46486199999521
29.46486199999521
29.46486199999521
29.46486199999521
29.46486199999521
29.46486199999521
29.46486199999521
29.46486199999521
29.46486199999521
29.46486199999521
29.46486199999521
29.46486199999521
29.46486199999521
29.46486199999521
29.46486199999521
29.46486199999521
29.46486199999521
29.46486199999521
29.46486199999521
29.46486199999521
29.46486199999521
29.46486199999521
29.46486199999521
29.46486199999521
29.46486199999521
29.46486199999521
29.46486199999521
29.46486199999521
29.46486199999521
29.46486199999521
29.46486199999521
29.46486199999521
29.46486199999521
29.46486199999521
29.46486199999521
29.46486199999521
29.46486199999521
29.46486199999521
29.46486199999521
29.46486199999521
29.46486199999521
29.46486199999521
29.46486199999521
29.46486199999521
29.46486199999521
29.46486199999521
29.46486199999521
29.46486199999521
29.46486199999521
29.46486199999521
29.46486199999521
29.46486199999521
29.46486199999521
29.46486199999521
29.46486199999521
29.46486199999521
29.46486199999521
29.46486199999521
29.46486199999521
29.46486199999521
29.46486199999521
29.46486199999521
29.46486199999521
29.46486199999521
29.46486199999521
29.46486199999521
29.46486199999521
29.46486199999521
29.46486199999521
29.46486199999521
29.46486199999521
29.46486199999521
29.46486199999521
29.46486199999521
29.46486199999521
29.46486199999521
29.46486199999521
29.46486199999521
29.46486199999521
29.46486199999521
29.46486199999521
29.46486199999521
29.46486199999521
29.46486199999521
29.46486199999521
29.46486199999521
29.46486199999521
29.46486199999521
29.46486199999521
29.46486199999521
29.46486199999521
29.46486199999521
29.46486199999521
29.46486199999521
29.46486199999521
29.46486199999521
29.46486199999521
29.46486199999521
29.46486199999521
29.46486199999521
29.46486199999521
29.46486199999521
29.46486199999521
29.46486199999521
29.46486199999521
29.46486199999521
29.46486199999521
29.46486199999521
29.46486199999521
29.46486199999521
29.46486199999521
29.46486199999521
29.46486199999521
29.46486199999521
29.46486199999521
29.46486199999521
29.46486199999521
29.46486199999521
29.46486199999521
29.46486199999521
29.46486199999521
29.46486199999521
29.46486199999521
29.46486199999521
29.46486199999521
29.46486199999521
29.46486199999521
29.46486199999521
29.46486199999521
29.46486199999521
29.46486199999521
29.46486199999521
29.46486199999521
29.46486199999521
29.46486199999521
29.46486199999521
29.46486199999521
29.46486199999521
29.46486199999521
29.46486199999521
29.46486199999521
29.46486199999521
29.46486199999521
29.46486199999521
29.46486199999521
29.46486199999521
29.46486199999521
29.46486199999521
29.46486199999521
29.46486199999521
29.46486199999521
29.46486199999521
29.46486199999521
29.46486199999521
29.46486199999521
29.46486199999521
29.46486199999521
29.46486199999521
29.46486199999521
29.46486199999521
29.46486199999521
29.46486199999521
29.46486199999521
29.46486199999521
29.46486199999521
29.46486199999521
29.46486199999521
29.46486199999521
29.46486199999521
29.46486199999521
29.46486199999521
29.46486199999521
29.46486199999521
29.46486199999521
29.46486199999521
29.46486199999521
29.46486199999521
29.46486199999521
29.46486199999521
29.46486199999521
29.46486199999521
29.46486199999521
29.46486199999521
29.46486199999521
29.46486199999521
29.46486199999521
29.46486199999521
29.46486199999521
29.46486199999521
29.46486199999521
29.46486199999521
29.46486199999521
29.46486199999521
29.46486199999521
29.46486199999521
29.46486199999521
29.46486199999521
29.46486199999521
29.46486199999521
29.46486199999521
29.46486199999521
29.46486199999521
29.46486199999521
29.46486199999521
29.46486199999521
29.46486199999521
29.46486199999521
29.46486199999521
29.46486199999521
29.46486199999521
29.46486199999521
29.46486199999521
29.46486199999521
29.46486199999521
29.46486199999521
29.46486199999521
29.46486199999521
29.46486199999521
29.46486199999521
29.46486199999521
29.46486199999521
29.46486199999521
29.46486199999521
29.46486199999521
29.46486199999521
29.46486199999521
29.46486199999521
29.46486199999521
29.46486199999521
29.46486199999521
29.46486199999521
29.46486199999521
29.46486199999521
29.46486199999521
29.46486199999521
29.46486199999521
29.46486199999521
29.46486199999521
29.46486199999521
29.46486199999521
29.46486199999521
29.46486199999521
29.46486199999521
29.46486199999521
29.46486199999521
29.46486199999521
29.46486199999521
29.46486199999521
29.46486199999521
29.46486199999521
29.46486199999521
29.46486199999521
29.46486199999521
29.46486199999521
29.46486199999521
29.46486199999521
29.46486199999521
29.46486199999521
29.46486199999521
29.46486199999521
29.46486199999521
29.46486199999521
29.46486199999521
29.46486199999521
29.46486199999521
29.46486199999521
29.46486199999521
29.46486199999521
29.46486199999521
29.46486199999521
29.46486199999521
29.46486199999521
29.46486199999521
29.46486199999521
29.46486199999521
29.46486199999521
29.46486199999521
29.46486199999521
29.46486199999521
29.46486199999521
29.46486199999521
29.46486199999521
29.46486199999521
29.46486199999521
29.46486199999521
29.46486199999521
29.46486199999521
29.46486199999521
29.46486199999521
29.46486199999521
29.46486199999521
29.46486199999521
29.46486199999521
29.46486199999521
29.46486199999521
29.46486199999521
29.46486199999521
29.46486199999521
29.46486199999521
29.46486199999521
29.46486199999521
29.46486199999521
29.46486199999521
29.46486199999521
29.46486199999521
29.46486199999521
29.46486199999521
29.46486199999521
29.46486199999521
29.46486199999521
29.46486199999521
29.46486199999521
29.46486199999521
29.46486199999521
29.46486199999521
29.46486199999521
29.46486199999521
29.46486199999521
29.46486199999521
29.46486199999521
29.46486199999521
29.46486199999521
29.46486199999521
29.46486199999521
29.46486199999521
29.46486199999521
29.46486199999521
29.46486199999521
29.46486199999521
29.46486199999521
29.46486199999521
29.46486199999521
29.46486199999521
29.46486199999521
29.46486199999521
29.46486199999521
29.46486199999521
29.46486199999521
29.46486199999521
29.46486199999521
29.46486199999521
29.46486199999521
29.46486199999521
29.46486199999521
29.46486199999521
29.46486199999521
29.46486199999521
29.46486199999521
29.46486199999521
29.46486199999521
29.46486199999521
29.46486199999521
29.46486199999521
29.46486199999521
29.46486199999521
29.46486199999521
29.46486199999521
29.46486199999521
29.46486199999521
29.46486199999521
29.46486199999521
29.46486199999521
29.46486199999521
29.46486199999521
29.46486199999521
29.46486199999521
29.46486199999521
29.46486199999521
29.46486199999521
29.46486199999521
29.46486199999521
29.46486199999521
29.46486199999521
29.46486199999521
29.46486199999521
29.46486199999521
29.46486199999521
29.46486199999521
29.46486199999521
29.46486199999521
29.46486199999521
29.46486199999521
29.46486199999521
29.46486199999521
29.46486199999521
29.46486199999521
29.46486199999521
29.46486199999521
29.46486199999521
29.46486199999521
29.46486199999521
29.46486199999521
29.46486199999521
29.46486199999521
29.46486199999521
29.46486199999521
29.46486199999521
29.46486199999521
29.46486199999521
29.46486199999521
29.46486199999521
29.46486199999521
29.46486199999521
29.46486199999521
29.46486199999521
29.46486199999521
29.46486199999521
29.46486199999521
29.46486199999521
29.46486199999521
29.46486199999521
29.46486199999521
29.46486199999521
29.46486199999521
29.46486199999521
29.46486199999521
29.46486199999521
29.46486199999521
29.46486199999521
29.46486199999521
29.46486199999521
29.46486199999521
29.46486199999521
29.46486199999521
29.46486199999521
29.46486199999521
29.46486199999521
29.46486199999521
29.46486199999521
29.46486199999521
29.46486199999521
29.46486199999521
29.46486199999521
29.46486199999521
29.46486199999521
29.46486199999521
29.46486199999521
29.46486199999521
29.46486199999521
29.46486199999521
29.46486199999521
29.46486199999521
29.46486199999521
29.46486199999521
29.46486199999521
29.46486199999521
29.46486199999521
29.46486199999521
29.46486199999521
29.46486199999521
29.46486199999521
29.46486199999521
29.46486199999521
29.46486199999521
29.46486199999521
29.46486199999521
29.46486199999521
29.46486199999521
29.46486199999521
29.46486199999521
29.46486199999521
29.46486199999521
29.46486199999521
29.46486199999521
29.46486199999521
29.46486199999521
29.46486199999521
29.46486199999521
29.46486199999521
29.46486199999521
29.46486199999521
29.46486199999521
29.46486199999521
29.46486199999521
29.46486199999521
29.46486199999521
29.46486199999521
29.46486199999521
29.46486199999521
29.46486199999521
29.46486199999521
29.46486199999521
29.46486199999521
29.46486199999521
29.46486199999521
29.46486199999521
29.46486199999521
29.46486199999521
29.46486199999521
29.46486199999521
29.46486199999521
29.46486199999521
29.46486199999521
29.46486199999521
29.46486199999521
29.46486199999521
29.46486199999521
29.46486199999521
29.46486199999521
29.46486199999521
29.46486199999521
29.46486199999521
29.46486199999521
29.46486199999521
29.46486199999521
29.46486199999521
29.46486199999521
29.46486199999521
29.46486199999521
29.46486199999521
29.46486199999521
29.46486199999521
29.46486199999521
29.46486199999521
29.46486199999521
29.46486199999521
29.46486199999521
29.46486199999521
29.46486199999521
29.46486199999521
29.46486199999521
29.46486199999521
29.46486199999521
29.46486199999521
29.46486199999521
29.46486199999521
29.46486199999521
29.46486199999521
29.46486199999521
29.46486199999521
29.46486199999521
29.46486199999521
29.46486199999521
29.46486199999521
29.46486199999521
29.46486199999521
29.46486199999521
29.46486199999521
29.46486199999521
29.46486199999521
29.46486199999521
29.46486199999521
29.46486199999521
29.46486199999521
29.46486199999521
29.46486199999521
29.46486199999521
29.46486199999521
29.46486199999521
29.46486199999521
29.46486199999521
29.46486199999521
29.46486199999521
29.46486199999521
29.46486199999521
29.46486199999521
29.46486199999521
29.46486199999521
29.46486199999521
29.46486199999521
29.46486199999521
29.46486199999521
29.46486199999521
29.46486199999521
29.46486199999521
29.46486199999521
29.46486199999521
29.46486199999521
29.46486199999521
29.46486199999521
29.46486199999521
29.46486199999521
29.46486199999521
29.46486199999521
29.46486199999521
29.46486199999521
29.46486199999521
29.46486199999521
29.46486199999521
29.46486199999521
29.46486199999521
29.46486199999521
29.46486199999521
29.46486199999521
29.46486199999521
29.46486199999521
29.46486199999521
29.46486199999521
29.46486199999521
29.46486199999521
29.46486199999521
29.46486199999521
29.46486199999521
29.46486199999521
29.46486199999521
29.46486199999521
29.46486199999521
29.46486199999521
29.46486199999521
29.46486199999521
29.46486199999521
29.46486199999521
29.46486199999521
29.46486199999521
29.46486199999521
29.46486199999521
29.46486199999521
29.46486199999521
29.46486199999521
29.46486199999521
29.46486199999521
29.46486199999521
29.46486199999521
29.46486199999521
29.46486199999521
29.46486199999521
29.46486199999521
29.46486199999521
29.46486199999521
29.46486199999521
29.46486199999521
29.46486199999521
29.46486199999521
29.46486199999521
29.46486199999521
29.46486199999521
29.46486199999521
29.46486199999521
29.46486199999521
29.46486199999521
29.46486199999521
29.46486199999521
29.46486199999521
29.46486199999521
29.46486199999521
29.46486199999521
29.46486199999521
29.46486199999521
29.46486199999521
29.46486199999521
29.46486199999521
29.46486199999521
29.46486199999521
29.46486199999521
29.46486199999521
29.46486199999521
29.46486199999521
29.46486199999521
29.46486199999521
29.46486199999521
29.46486199999521
29.46486199999521
29.46486199999521
29.46486199999521
29.46486199999521
29.46486199999521
29.46486199999521
29.46486199999521
29.46486199999521
29.46486199999521
29.46486199999521
29.46486199999521
29.46486199999521
29.46486199999521
29.46486199999521
29.46486199999521
29.46486199999521
29.46486199999521
29.46486199999521
29.46486199999521
29.46486199999521
29.46486199999521
29.46486199999521
29.46486199999521
29.46486199999521
29.46486199999521
29.46486199999521
29.46486199999521
29.46486199999521
29.46486199999521
29.46486199999521
29.46486199999521
29.46486199999521
29.46486199999521
29.46486199999521
29.46486199999521
29.46486199999521
29.46486199999521
29.46486199999521
29.46486199999521
29.46486199999521
29.46486199999521
29.46486199999521
29.46486199999521
29.46486199999521
29.46486199999521
29.46486199999521
29.46486199999521
29.46486199999521
29.46486199999521
29.46486199999521
29.46486199999521
29.46486199999521
29.46486199999521
29.46486199999521
29.46486199999521
29.46486199999521
29.46486199999521
29.46486199999521
29.46486199999521
29.46486199999521
29.46486199999521
29.46486199999521
29.46486199999521
29.46486199999521
29.46486199999521
29.46486199999521
29.46486199999521
29.46486199999521
29.46486199999521
29.46486199999521
29.46486199999521
29.46486199999521
29.46486199999521
29.46486199999521
29.46486199999521
29.46486199999521
29.46486199999521
29.46486199999521
29.46486199999521
29.46486199999521
29.46486199999521
29.46486199999521
29.46486199999521
29.46486199999521
29.46486199999521
29.46486199999521
29.46486199999521
29.46486199999521
29.46486199999521
29.46486199999521
29.46486199999521
29.46486199999521
29.46486199999521
29.46486199999521
29.46486199999521
29.46486199999521
29.46486199999521
29.46486199999521
29.46486199999521
29.46486199999521
29.46486199999521
29.46486199999521
29.46486199999521
29.46486199999521
29.46486199999521
29.46486199999521
29.46486199999521
29.46486199999521
29.46486199999521
29.46486199999521
29.46486199999521
29.46486199999521
29.46486199999521
29.46486199999521
29.46486199999521
29.46486199999521
29.46486199999521
29.46486199999521
29.46486199999521
29.46486199999521
29.46486199999521
29.46486199999521
29.46486199999521
29.46486199999521
29.46486199999521
29.46486199999521
29.46486199999521
29.46486199999521
29.46486199999521
29.46486199999521
29.46486199999521
29.46486199999521
29.46486199999521
29.46486199999521
29.46486199999521
29.46486199999521
29.46486199999521
29.46486199999521
29.46486199999521
29.46486199999521
29.46486199999521
29.46486199999521
29.46486199999521
29.46486199999521
29.46486199999521
29.46486199999521
29.46486199999521
29.46486199999521
29.46486199999521
29.46486199999521
29.46486199999521
29.46486199999521
29.46486199999521
29.46486199999521
29.46486199999521
29.46486199999521
29.46486199999521
29.46486199999521
29.46486199999521
29.46486199999521
29.46486199999521
29.46486199999521
29.46486199999521
29.46486199999521
29.46486199999521
29.46486199999521
29.46486199999521
29.46486199999521
29.46486199999521
29.46486199999521
29.46486199999521
29.46486199999521
29.46486199999521
29.46486199999521
29.46486199999521
29.46486199999521
29.46486199999521
29.46486199999521
29.46486199999521
29.46486199999521
29.46486199999521
29.46486199999521
29.46486199999521
29.46486199999521
29.46486199999521
29.46486199999521
29.46486199999521
29.46486199999521
29.46486199999521
29.46486199999521
29.46486199999521
29.46486199999521
29.46486199999521
29.46486199999521
29.46486199999521
29.46486199999521
29.46486199999521
29.46486199999521
29.46486199999521
29.46486199999521
29.46486199999521
29.46486199999521
29.46486199999521
29.46486199999521
29.46486199999521
29.46486199999521
29.46486199999521
29.46486199999521
29.46486199999521
29.46486199999521
29.46486199999521
29.46486199999521
29.46486199999521
29.46486199999521
29.46486199999521
29.46486199999521
29.46486199999521
29.46486199999521
29.46486199999521
29.46486199999521
29.46486199999521
29.46486199999521
29.46486199999521
29.46486199999521
29.46486199999521
29.46486199999521
29.46486199999521
29.46486199999521
29.46486199999521
29.46486199999521
29.46486199999521
29.46486199999521
29.46486199999521
29.46486199999521
29.46486199999521
29.46486199999521
29.46486199999521
29.46486199999521
29.46486199999521
29.46486199999521
29.46486199999521
29.46486199999521
29.46486199999521
29.46486199999521
29.46486199999521
29.46486199999521
29.46486199999521
29.46486199999521
29.46486199999521
29.46486199999521
29.46486199999521
29.46486199999521
29.46486199999521
29.46486199999521
29.46486199999521
29.46486199999521
29.46486199999521
29.46486199999521
29.46486199999521
29.46486199999521
29.46486199999521
29.46486199999521
29.46486199999521
29.46486199999521
29.46486199999521
29.46486199999521
29.46486199999521
29.46486199999521
29.46486199999521
29.46486199999521
29.46486199999521
29.46486199999521
29.46486199999521
29.46486199999521
29.46486199999521
29.46486199999521
29.46486199999521
29.46486199999521
29.46486199999521
29.46486199999521
29.46486199999521
29.46486199999521
29.46486199999521
29.46486199999521
29.46486199999521
29.46486199999521
29.46486199999521
29.46486199999521
29.46486199999521
29.46486199999521
29.46486199999521
29.46486199999521
29.46486199999521
29.46486199999521
29.46486199999521
29.46486199999521
29.46486199999521
29.46486199999521
29.46486199999521
29.46486199999521
29.46486199999521
29.46486199999521
29.46486199999521
29.46486199999521
29.46486199999521
29.46486199999521
29.46486199999521
29.46486199999521
29.46486199999521
29.46486199999521
29.46486199999521
29.46486199999521
29.46486199999521
29.46486199999521
29.46486199999521
29.46486199999521
29.46486199999521
29.46486199999521
29.46486199999521
29.46486199999521
29.46486199999521
29.46486199999521
29.46486199999521
29.46486199999521
29.46486199999521
29.46486199999521
29.46486199999521
29.46486199999521
29.46486199999521
29.46486199999521
29.46486199999521
29.46486199999521
29.46486199999521
29.46486199999521
29.46486199999521
29.46486199999521
29.46486199999521
29.46486199999521
29.46486199999521
29.46486199999521
29.46486199999521
29.46486199999521
29.46486199999521
29.46486199999521
29.46486199999521
29.46486199999521
29.46486199999521
29.46486199999521
29.46486199999521
29.46486199999521
29.46486199999521
29.46486199999521
29.46486199999521
29.46486199999521
29.46486199999521
29.46486199999521
29.46486199999521
29.46486199999521
29.46486199999521
29.46486199999521
29.46486199999521
29.46486199999521
29.46486199999521
29.46486199999521
29.46486199999521
29.46486199999521
29.46486199999521
29.46486199999521
29.46486199999521
29.46486199999521
29.46486199999521
29.46486199999521
29.46486199999521
29.46486199999521
29.46486199999521
29.46486199999521
29.46486199999521
29.46486199999521
29.46486199999521
29.46486199999521
29.46486199999521
29.46486199999521
29.46486199999521
29.46486199999521
29.46486199999521
29.46486199999521
29.46486199999521
29.46486199999521
29.46486199999521
29.46486199999521
29.46486199999521
29.46486199999521
29.46486199999521
29.46486199999521
29.46486199999521
29.46486199999521
29.46486199999521
29.46486199999521
29.46486199999521
29.46486199999521
29.46486199999521
29.46486199999521
29.46486199999521
29.46486199999521
29.46486199999521
29.46486199999521
29.46486199999521
29.46486199999521
29.46486199999521
29.46486199999521
29.46486199999521
29.46486199999521
29.46486199999521
29.46486199999521
29.46486199999521
29.46486199999521
29.46486199999521
29.46486199999521
29.46486199999521
29.46486199999521
29.46486199999521
29.46486199999521
29.46486199999521
29.46486199999521
29.46486199999521
29.46486199999521
29.46486199999521
29.46486199999521
29.46486199999521
29.46486199999521
29.46486199999521
29.46486199999521
29.46486199999521
29.46486199999521
29.46486199999521
29.46486199999521
29.46486199999521
29.46486199999521
29.46486199999521
29.46486199999521
29.46486199999521
29.46486199999521
29.46486199999521
29.46486199999521
29.46486199999521
29.46486199999521
29.46486199999521
29.46486199999521
29.46486199999521
29.46486199999521
29.46486199999521
29.46486199999521
29.46486199999521
29.46486199999521
29.46486199999521
29.46486199999521
29.46486199999521
29.46486199999521
29.46486199999521
29.46486199999521
29.46486199999521
29.46486199999521
29.46486199999521
29.46486199999521
29.46486199999521
29.46486199999521
29.46486199999521
29.46486199999521
29.46486199999521
29.46486199999521
29.46486199999521
29.46486199999521
29.46486199999521
29.46486199999521
29.46486199999521
29.46486199999521
29.46486199999521
29.46486199999521
29.46486199999521
29.46486199999521
29.46486199999521
29.46486199999521
29.46486199999521
29.46486199999521
29.46486199999521
29.46486199999521
29.46486199999521
29.46486199999521
29.46486199999521
29.46486199999521
29.46486199999521
29.46486199999521
29.46486199999521
29.46486199999521
29.46486199999521
29.46486199999521
29.46486199999521
29.46486199999521
29.46486199999521
29.46486199999521
29.46486199999521
29.46486199999521
29.46486199999521
29.46486199999521
29.46486199999521
29.46486199999521
29.46486199999521
29.46486199999521
29.46486199999521
29.46486199999521
29.46486199999521
29.46486199999521
29.46486199999521
29.46486199999521
29.46486199999521
29.46486199999521
29.46486199999521
29.46486199999521
29.46486199999521
29.46486199999521
29.46486199999521
29.46486199999521
29.46486199999521
29.46486199999521
29.46486199999521
29.46486199999521
29.46486199999521
29.46486199999521
29.46486199999521
29.46486199999521
29.46486199999521
29.46486199999521
29.46486199999521
29.46486199999521
29.46486199999521
29.46486199999521
29.46486199999521
29.46486199999521
29.46486199999521
29.46486199999521
29.46486199999521
29.46486199999521
29.46486199999521
29.46486199999521
29.46486199999521
29.46486199999521
29.46486199999521
29.46486199999521
29.46486199999521
29.46486199999521
29.46486199999521
29.46486199999521
29.46486199999521
29.46486199999521
29.46486199999521
29.46486199999521
29.46486199999521
29.46486199999521
29.46486199999521
29.46486199999521
29.46486199999521
29.46486199999521
29.46486199999521
29.46486199999521
29.46486199999521
29.46486199999521
29.46486199999521
29.46486199999521
29.46486199999521
29.46486199999521
29.46486199999521
29.46486199999521
29.46486199999521
29.46486199999521
29.46486199999521
29.46486199999521
29.46486199999521
29.46486199999521
29.46486199999521
29.46486199999521
29.46486199999521
29.46486199999521
29.46486199999521
29.46486199999521
29.46486199999521
29.46486199999521
29.46486199999521
29.46486199999521
29.46486199999521
29.46486199999521
29.46486199999521
29.46486199999521
29.46486199999521
29.46486199999521
29.46486199999521
29.46486199999521
29.46486199999521
29.46486199999521
29.46486199999521
29.46486199999521
29.46486199999521
29.46486199999521
29.46486199999521
29.46486199999521
29.46486199999521
29.46486199999521
29.46486199999521
29.46486199999521
29.46486199999521
29.46486199999521
29.46486199999521
29.46486199999521
29.46486199999521
29.46486199999521
29.46486199999521
29.46486199999521
29.46486199999521
29.46486199999521
29.46486199999521
29.46486199999521
29.46486199999521
29.46486199999521
29.46486199999521
29.46486199999521
29.46486199999521
29.46486199999521
29.46486199999521
29.46486199999521
29.46486199999521
29.46486199999521
29.46486199999521
29.46486199999521
29.46486199999521
29.46486199999521
29.46486199999521
29.46486199999521
29.46486199999521
29.46486199999521
29.46486199999521
29.46486199999521
29.46486199999521
29.46486199999521
29.46486199999521
29.46486199999521
29.46486199999521
29.46486199999521
29.46486199999521
29.46486199999521
29.46486199999521
29.46486199999521
29.46486199999521
29.46486199999521
29.46486199999521
29.46486199999521
29.46486199999521
29.46486199999521
29.46486199999521
29.46486199999521
29.46486199999521
29.46486199999521
29.46486199999521
29.46486199999521
29.46486199999521
29.46486199999521
29.46486199999521
29.46486199999521
29.46486199999521
29.46486199999521
29.46486199999521
29.46486199999521
29.46486199999521
29.46486199999521
29.46486199999521
29.46486199999521
29.46486199999521
29.46486199999521
29.46486199999521
29.46486199999521
29.46486199999521
29.46486199999521
29.46486199999521
29.46486199999521
29.46486199999521
29.46486199999521
29.46486199999521
29.46486199999521
29.46486199999521
29.46486199999521
29.46486199999521
29.46486199999521
29.46486199999521
29.46486199999521
29.46486199999521
29.46486199999521
29.46486199999521
29.46486199999521
29.46486199999521
29.46486199999521
29.46486199999521
29.46486199999521
29.46486199999521
29.46486199999521
29.46486199999521
29.46486199999521
29.46486199999521
29.46486199999521
29.46486199999521
29.46486199999521
29.46486199999521
29.46486199999521
29.46486199999521
29.46486199999521
29.46486199999521
29.46486199999521
29.46486199999521
29.46486199999521
29.46486199999521
29.46486199999521
29.46486199999521
29.46486199999521
29.46486199999521
29.46486199999521
29.46486199999521
29.46486199999521
29.46486199999521
29.46486199999521
29.46486199999521
29.46486199999521
29.46486199999521
29.46486199999521
29.46486199999521
29.46486199999521
29.46486199999521
29.46486199999521
29.46486199999521
29.46486199999521
29.46486199999521
29.46486199999521
29.46486199999521
29.46486199999521
29.46486199999521
29.46486199999521
29.46486199999521
29.46486199999521
29.46486199999521
29.46486199999521
29.46486199999521
29.46486199999521
29.46486199999521
29.46486199999521
29.46486199999521
29.46486199999521
29.46486199999521
29.46486199999521
29.46486199999521
29.46486199999521
29.46486199999521
29.46486199999521
29.46486199999521
29.46486199999521
29.46486199999521
29.46486199999521
29.46486199999521
29.46486199999521
29.46486199999521
29.46486199999521
29.46486199999521
29.46486199999521
29.46486199999521
29.46486199999521
29.46486199999521
29.46486199999521
29.46486199999521
29.46486199999521
29.46486199999521
29.46486199999521
29.46486199999521
29.46486199999521
29.46486199999521
29.46486199999521
29.46486199999521
29.46486199999521
29.46486199999521
29.46486199999521
29.46486199999521
29.46486199999521
29.46486199999521
29.46486199999521
29.46486199999521
29.46486199999521
29.46486199999521
29.46486199999521
29.46486199999521
29.46486199999521
29.46486199999521
29.46486199999521
29.46486199999521
29.46486199999521
29.46486199999521
29.46486199999521
29.46486199999521
29.46486199999521
29.46486199999521
29.46486199999521
29.46486199999521
29.46486199999521
29.46486199999521
29.46486199999521
29.46486199999521
29.46486199999521
29.46486199999521
29.46486199999521
29.46486199999521
29.46486199999521
29.46486199999521
29.46486199999521
29.46486199999521
29.46486199999521
29.46486199999521
29.46486199999521
29.46486199999521
29.46486199999521
29.46486199999521
29.46486199999521
29.46486199999521
29.46486199999521
29.46486199999521
29.46486199999521
29.46486199999521
29.46486199999521
29.46486199999521
29.46486199999521
29.46486199999521
29.46486199999521
29.46486199999521
29.46486199999521
29.46486199999521
29.46486199999521
29.46486199999521
29.46486199999521
29.46486199999521
29.46486199999521
29.46486199999521
29.46486199999521
29.46486199999521
29.46486199999521
29.46486199999521
29.46486199999521
29.46486199999521
29.46486199999521
29.46486199999521
29.46486199999521
29.46486199999521
29.46486199999521
29.46486199999521
29.46486199999521
29.46486199999521
29.46486199999521
29.46486199999521
29.46486199999521
29.46486199999521
29.46486199999521
29.46486199999521
29.46486199999521
29.46486199999521
29.46486199999521
29.46486199999521
29.46486199999521
29.46486199999521
29.46486199999521
29.46486199999521
29.46486199999521
29.46486199999521
29.46486199999521
29.46486199999521
29.46486199999521
29.46486199999521
29.46486199999521
29.46486199999521
29.46486199999521
29.46486199999521
29.46486199999521
29.46486199999521
29.46486199999521
29.46486199999521
29.46486199999521
29.46486199999521
29.46486199999521
29.46486199999521
29.46486199999521
29.46486199999521
29.46486199999521
29.46486199999521
29.46486199999521
29.46486199999521
29.46486199999521
29.46486199999521
29.46486199999521
29.46486199999521
29.46486199999521
29.46486199999521
29.46486199999521
29.46486199999521
29.46486199999521
29.46486199999521
29.46486199999521
29.46486199999521
29.46486199999521
29.46486199999521
29.46486199999521
29.46486199999521
29.46486199999521
29.46486199999521
29.46486199999521
29.46486199999521
29.46486199999521
29.46486199999521
29.46486199999521
29.46486199999521
29.46486199999521
29.46486199999521
29.46486199999521
29.46486199999521
29.46486199999521
29.46486199999521
29.46486199999521
29.46486199999521
29.46486199999521
29.46486199999521
29.46486199999521
29.46486199999521
29.46486199999521
29.46486199999521
29.46486199999521
29.46486199999521
29.46486199999521
29.46486199999521
29.46486199999521
29.46486199999521
29.46486199999521
29.46486199999521
29.46486199999521
29.46486199999521
29.46486199999521
29.46486199999521
29.46486199999521
29.46486199999521
29.46486199999521
29.46486199999521
29.46486199999521
29.46486199999521
29.46486199999521
29.46486199999521
29.46486199999521
29.46486199999521
29.46486199999521
29.46486199999521
29.46486199999521
29.46486199999521
29.46486199999521
29.46486199999521
29.46486199999521
29.46486199999521
29.46486199999521
29.46486199999521
29.46486199999521
29.46486199999521
29.46486199999521
29.46486199999521
29.46486199999521
29.46486199999521
29.46486199999521
29.46486199999521
29.46486199999521
29.46486199999521
29.46486199999521
29.46486199999521
29.46486199999521
29.46486199999521
29.46486199999521
29.46486199999521
29.46486199999521
29.46486199999521
29.46486199999521
29.46486199999521
29.46486199999521
29.46486199999521
29.46486199999521
29.46486199999521
29.46486199999521
29.46486199999521
29.46486199999521
29.46486199999521
29.46486199999521
29.46486199999521
29.46486199999521
29.46486199999521
29.46486199999521
29.46486199999521
29.46486199999521
29.46486199999521
29.46486199999521
29.46486199999521
29.46486199999521
29.46486199999521
29.46486199999521
29.46486199999521
29.46486199999521
29.46486199999521
29.46486199999521
29.46486199999521
29.46486199999521
29.46486199999521
29.46486199999521
29.46486199999521
29.46486199999521
29.46486199999521
29.46486199999521
29.46486199999521
29.46486199999521
29.46486199999521
29.46486199999521
29.46486199999521
29.46486199999521
29.46486199999521
29.46486199999521
29.46486199999521
29.46486199999521
29.46486199999521
29.46486199999521
29.46486199999521
29.46486199999521
29.46486199999521
29.46486199999521
29.46486199999521
29.46486199999521
29.46486199999521
29.46486199999521
29.46486199999521
29.46486199999521
29.46486199999521
29.46486199999521
29.46486199999521
29.46486199999521
29.46486199999521
29.46486199999521
29.46486199999521
29.46486199999521
29.46486199999521
29.46486199999521
29.46486199999521
29.46486199999521
29.46486199999521
29.46486199999521
29.46486199999521
29.46486199999521
29.46486199999521
29.46486199999521
29.46486199999521
29.46486199999521
29.46486199999521
29.46486199999521
29.46486199999521
29.46486199999521
29.46486199999521
29.46486199999521
29.46486199999521
29.46486199999521
29.46486199999521
29.46486199999521
29.46486199999521
29.46486199999521
29.46486199999521
29.46486199999521
29.46486199999521
29.46486199999521
29.46486199999521
29.46486199999521
29.46486199999521
29.46486199999521
29.46486199999521
29.46486199999521
29.46486199999521
29.46486199999521
29.46486199999521
29.46486199999521
29.46486199999521
29.46486199999521
29.46486199999521
29.46486199999521
29.46486199999521
29.46486199999521
29.46486199999521
29.46486199999521
29.46486199999521
29.46486199999521
29.46486199999521
29.46486199999521
29.46486199999521
29.46486199999521
29.46486199999521
29.46486199999521
29.46486199999521
29.46486199999521
29.46486199999521
29.46486199999521
29.46486199999521
29.46486199999521
29.46486199999521
29.46486199999521
29.46486199999521
29.46486199999521
29.46486199999521
29.46486199999521
29.46486199999521
29.46486199999521
29.46486199999521
29.46486199999521
29.46486199999521
29.46486199999521
29.46486199999521
29.46486199999521
29.46486199999521
29.46486199999521
29.46486199999521
29.46486199999521
29.46486199999521
29.46486199999521
29.46486199999521
29.46486199999521
29.46486199999521
29.46486199999521
29.46486199999521
29.46486199999521
29.46486199999521
29.46486199999521
29.46486199999521
29.46486199999521
29.46486199999521
29.46486199999521
29.46486199999521
29.46486199999521
29.46486199999521
29.46486199999521
29.46486199999521
29.46486199999521
29.46486199999521
29.46486199999521
29.46486199999521
29.46486199999521
29.46486199999521
29.46486199999521
29.46486199999521
29.46486199999521
29.46486199999521
29.46486199999521
29.46486199999521
29.46486199999521
29.46486199999521
29.46486199999521
29.46486199999521
29.46486199999521
29.46486199999521
29.46486199999521
29.46486199999521
29.46486199999521
29.46486199999521
29.46486199999521
29.46486199999521
29.46486199999521
29.46486199999521
29.46486199999521
29.46486199999521
29.46486199999521
29.46486199999521
29.46486199999521
29.46486199999521
29.46486199999521
29.46486199999521
29.46486199999521
29.46486199999521
29.46486199999521
29.46486199999521
29.46486199999521
29.46486199999521
29.46486199999521
29.46486199999521
29.46486199999521
29.46486199999521
29.46486199999521
29.46486199999521
29.46486199999521
29.46486199999521
29.46486199999521
29.46486199999521
29.46486199999521
29.46486199999521
29.46486199999521
29.46486199999521
29.46486199999521
29.46486199999521
29.46486199999521
29.46486199999521
29.46486199999521
29.46486199999521
29.46486199999521
29.46486199999521
29.46486199999521
29.46486199999521
29.46486199999521
29.46486199999521
29.46486199999521
29.46486199999521
29.46486199999521
29.46486199999521
29.46486199999521
29.46486199999521
29.46486199999521
29.46486199999521
29.46486199999521
29.46486199999521
29.46486199999521
29.46486199999521
29.46486199999521
29.46486199999521
29.46486199999521
29.46486199999521
29.46486199999521
29.46486199999521
29.46486199999521
29.46486199999521
29.46486199999521
29.46486199999521
29.46486199999521
29.46486199999521
29.46486199999521
29.46486199999521
29.46486199999521
29.46486199999521
29.46486199999521
29.46486199999521
29.46486199999521
29.46486199999521
29.46486199999521
29.46486199999521
29.46486199999521
29.46486199999521
29.46486199999521
29.46486199999521
29.46486199999521
29.46486199999521
29.46486199999521
29.46486199999521
29.46486199999521
29.46486199999521
29.46486199999521
29.46486199999521
29.46486199999521
29.46486199999521
29.46486199999521
29.46486199999521
29.46486199999521
29.46486199999521
29.46486199999521
29.46486199999521
29.46486199999521
29.46486199999521
29.46486199999521
29.46486199999521
29.46486199999521
29.46486199999521
29.46486199999521
29.46486199999521
29.46486199999521
29.46486199999521
29.46486199999521
29.46486199999521
29.46486199999521
29.46486199999521
29.46486199999521
29.46486199999521
29.46486199999521
29.46486199999521
29.46486199999521
29.46486199999521
29.46486199999521
29.46486199999521
29.46486199999521
29.46486199999521
29.46486199999521
29.46486199999521
29.46486199999521
29.46486199999521
29.46486199999521
29.46486199999521
29.46486199999521
29.46486199999521
29.46486199999521
29.46486199999521
29.46486199999521
29.46486199999521
29.46486199999521
29.46486199999521
29.46486199999521
29.46486199999521
29.46486199999521
29.46486199999521
29.46486199999521
29.46486199999521
29.46486199999521
29.46486199999521
29.46486199999521
29.46486199999521
29.46486199999521
29.46486199999521
29.46486199999521
29.46486199999521
29.46486199999521
29.46486199999521
29.46486199999521
29.46486199999521
29.46486199999521
29.46486199999521
29.46486199999521
29.46486199999521
29.46486199999521
29.46486199999521
29.46486199999521
29.46486199999521
29.46486199999521
29.46486199999521
29.46486199999521
29.46486199999521
29.46486199999521
29.46486199999521
29.46486199999521
29.46486199999521
29.46486199999521
29.46486199999521
29.46486199999521
29.46486199999521
29.46486199999521
29.46486199999521
29.46486199999521
29.46486199999521
29.46486199999521
29.46486199999521
29.46486199999521
29.46486199999521
29.46486199999521
29.46486199999521
29.46486199999521
29.46486199999521
29.46486199999521
29.46486199999521
29.46486199999521
29.46486199999521
29.46486199999521
29.46486199999521
29.46486199999521
29.46486199999521
29.46486199999521
29.46486199999521
29.46486199999521
29.46486199999521
29.46486199999521
29.46486199999521
29.46486199999521
29.46486199999521
29.46486199999521
29.46486199999521
29.46486199999521
29.46486199999521
29.46486199999521
29.46486199999521
29.46486199999521
29.46486199999521
29.46486199999521
29.46486199999521
29.46486199999521
29.46486199999521
29.46486199999521
29.46486199999521
29.46486199999521
29.46486199999521
29.46486199999521
29.46486199999521
29.46486199999521
29.46486199999521
29.46486199999521
29.46486199999521
29.46486199999521
29.46486199999521
29.46486199999521
29.46486199999521
29.46486199999521
29.46486199999521
29.46486199999521
29.46486199999521
29.46486199999521
29.46486199999521
29.46486199999521
29.46486199999521
29.46486199999521
29.46486199999521
29.46486199999521
29.46486199999521
29.46486199999521
29.46486199999521
29.46486199999521
29.46486199999521
29.46486199999521
29.46486199999521
29.46486199999521
29.46486199999521
29.46486199999521
29.46486199999521
29.46486199999521
29.46486199999521
29.46486199999521
29.46486199999521
29.46486199999521
29.46486199999521
29.46486199999521
29.46486199999521
29.46486199999521
29.46486199999521
29.46486199999521
29.46486199999521
29.46486199999521
29.46486199999521
29.46486199999521
29.46486199999521
29.46486199999521
29.46486199999521
29.46486199999521
29.46486199999521
29.46486199999521
29.46486199999521
29.46486199999521
29.46486199999521
29.46486199999521
29.46486199999521
29.46486199999521
29.46486199999521
29.46486199999521
29.46486199999521
29.46486199999521
29.46486199999521
29.46486199999521
29.46486199999521
29.46486199999521
29.46486199999521
29.46486199999521
29.46486199999521
29.46486199999521
29.46486199999521
29.46486199999521
29.46486199999521
29.46486199999521
29.46486199999521
29.46486199999521
29.46486199999521
29.46486199999521
29.46486199999521
29.46486199999521
29.46486199999521
29.46486199999521
29.46486199999521
29.46486199999521
29.46486199999521
29.46486199999521
29.46486199999521
29.46486199999521
29.46486199999521
29.46486199999521
29.46486199999521
29.46486199999521
29.46486199999521
29.46486199999521
29.46486199999521
29.46486199999521
29.46486199999521
29.46486199999521
29.46486199999521
29.46486199999521
29.46486199999521
29.46486199999521
29.46486199999521
29.46486199999521
29.46486199999521
29.46486199999521
29.46486199999521
29.46486199999521
29.46486199999521
29.46486199999521
29.46486199999521
29.46486199999521
29.46486199999521
29.46486199999521
29.46486199999521
29.46486199999521
29.46486199999521
29.46486199999521
29.46486199999521
29.46486199999521
29.46486199999521
29.46486199999521
29.46486199999521
29.46486199999521
29.46486199999521
29.46486199999521
29.46486199999521
29.46486199999521
29.46486199999521
29.46486199999521
29.46486199999521
29.46486199999521
29.46486199999521
29.46486199999521
29.46486199999521
29.46486199999521
29.46486199999521
29.46486199999521
29.46486199999521
29.46486199999521
29.46486199999521
29.46486199999521
29.46486199999521
29.46486199999521
29.46486199999521
29.46486199999521
29.46486199999521
29.46486199999521
29.46486199999521
29.46486199999521
29.46486199999521
29.46486199999521
29.46486199999521
29.46486199999521
29.46486199999521
29.46486199999521
29.46486199999521
29.46486199999521
29.46486199999521
29.46486199999521
29.46486199999521
29.46486199999521
29.46486199999521
29.46486199999521
29.46486199999521
29.46486199999521
29.46486199999521
29.46486199999521
29.46486199999521
29.46486199999521
29.46486199999521
29.46486199999521
29.46486199999521
29.46486199999521
29.46486199999521
29.46486199999521
29.46486199999521
29.46486199999521
29.46486199999521
29.46486199999521
29.46486199999521
29.46486199999521
29.46486199999521
29.46486199999521
29.46486199999521
29.46486199999521
29.46486199999521
29.46486199999521
29.46486199999521
29.46486199999521
29.46486199999521
29.46486199999521
29.46486199999521
29.46486199999521
29.46486199999521
29.46486199999521
29.46486199999521
29.46486199999521
29.46486199999521
29.46486199999521
29.46486199999521
29.46486199999521
29.46486199999521
29.46486199999521
29.46486199999521
29.46486199999521
29.46486199999521
29.46486199999521
29.46486199999521
29.46486199999521
29.46486199999521
29.46486199999521
29.46486199999521
29.46486199999521
29.46486199999521
29.46486199999521
29.46486199999521
29.46486199999521
29.46486199999521
29.46486199999521
29.46486199999521
29.46486199999521
29.46486199999521
29.46486199999521
29.46486199999521
29.46486199999521
29.46486199999521
29.46486199999521
29.46486199999521
29.46486199999521
29.46486199999521
29.46486199999521
29.46486199999521
29.46486199999521
29.46486199999521
29.46486199999521
29.46486199999521
29.46486199999521
29.46486199999521
29.46486199999521
29.46486199999521
29.46486199999521
29.46486199999521
29.46486199999521
29.46486199999521
29.46486199999521
29.46486199999521
29.46486199999521
29.46486199999521
29.46486199999521
29.46486199999521
29.46486199999521
29.46486199999521
29.46486199999521
29.46486199999521
29.46486199999521
29.46486199999521
29.46486199999521
29.46486199999521
29.46486199999521
29.46486199999521
29.46486199999521
29.46486199999521
29.46486199999521
29.46486199999521
29.46486199999521
29.46486199999521
29.46486199999521
29.46486199999521
29.46486199999521
29.46486199999521
29.46486199999521
29.46486199999521
29.46486199999521
29.46486199999521
29.46486199999521
29.46486199999521
29.46486199999521
29.46486199999521
29.46486199999521
29.46486199999521
29.46486199999521
29.46486199999521
29.46486199999521
29.46486199999521
29.46486199999521
29.46486199999521
29.46486199999521
29.46486199999521
29.46486199999521
29.46486199999521
29.46486199999521
29.46486199999521
29.46486199999521
29.46486199999521
29.46486199999521
29.46486199999521
29.46486199999521
29.46486199999521
29.46486199999521
29.46486199999521
29.46486199999521
29.46486199999521
29.46486199999521
29.46486199999521
29.46486199999521
29.46486199999521
29.46486199999521
29.46486199999521
29.46486199999521
29.46486199999521
29.46486199999521
29.46486199999521
29.46486199999521
29.46486199999521
29.46486199999521
29.46486199999521
29.46486199999521
29.46486199999521
29.46486199999521
29.46486199999521
29.46486199999521
29.46486199999521
29.46486199999521
29.46486199999521
29.46486199999521
29.46486199999521
29.46486199999521
29.46486199999521
29.46486199999521
29.46486199999521
29.46486199999521
29.46486199999521
29.46486199999521
29.46486199999521
29.46486199999521
29.46486199999521
29.46486199999521
29.46486199999521
29.46486199999521
29.46486199999521
29.46486199999521
29.46486199999521
29.46486199999521
29.46486199999521
29.46486199999521
29.46486199999521
29.46486199999521
29.46486199999521
29.46486199999521
29.46486199999521
29.46486199999521
29.46486199999521
29.46486199999521
29.46486199999521
29.46486199999521
29.46486199999521
29.46486199999521
29.46486199999521
29.46486199999521
29.46486199999521
29.46486199999521
29.46486199999521
29.46486199999521
29.46486199999521
29.46486199999521
29.46486199999521
29.46486199999521
29.46486199999521
29.46486199999521
29.46486199999521
29.46486199999521
29.46486199999521
29.46486199999521
29.46486199999521
29.46486199999521
29.46486199999521
29.46486199999521
29.46486199999521
29.46486199999521
29.46486199999521
29.46486199999521
29.46486199999521
29.46486199999521
29.46486199999521
29.46486199999521
29.46486199999521
29.46486199999521
29.46486199999521
29.46486199999521
29.46486199999521
29.46486199999521
29.46486199999521
29.46486199999521
29.46486199999521
29.46486199999521
29.46486199999521
29.46486199999521
29.46486199999521
29.46486199999521
29.46486199999521
29.46486199999521
29.46486199999521
29.46486199999521
29.46486199999521
29.46486199999521
29.46486199999521
29.46486199999521
29.46486199999521
29.46486199999521
29.46486199999521
29.46486199999521
29.46486199999521
29.46486199999521
29.46486199999521
29.46486199999521
29.46486199999521
29.46486199999521
29.46486199999521
29.46486199999521
29.46486199999521
29.46486199999521
29.46486199999521
29.46486199999521
29.46486199999521
29.46486199999521
29.46486199999521
29.46486199999521
29.46486199999521
29.46486199999521
29.46486199999521
29.46486199999521
29.46486199999521
29.46486199999521
29.46486199999521
29.46486199999521
29.46486199999521
29.46486199999521
29.46486199999521
29.46486199999521
29.46486199999521
29.46486199999521
29.46486199999521
29.46486199999521
29.46486199999521
29.46486199999521
29.46486199999521
29.46486199999521
29.46486199999521
29.46486199999521
29.46486199999521
29.46486199999521
29.46486199999521
29.46486199999521
29.46486199999521
29.46486199999521
29.46486199999521
29.46486199999521
29.46486199999521
29.46486199999521
29.46486199999521
29.46486199999521
29.46486199999521
29.46486199999521
29.46486199999521
29.46486199999521
29.46486199999521
29.46486199999521
29.46486199999521
29.46486199999521
29.46486199999521
29.46486199999521
29.46486199999521
29.46486199999521
29.46486199999521
29.46486199999521
29.46486199999521
29.46486199999521
29.46486199999521
29.46486199999521
29.46486199999521
29.46486199999521
29.46486199999521
29.46486199999521
29.46486199999521
29.46486199999521
29.46486199999521
29.46486199999521
29.46486199999521
29.46486199999521
29.46486199999521
29.46486199999521
29.46486199999521
29.46486199999521
29.46486199999521
29.46486199999521
29.46486199999521
29.46486199999521
29.46486199999521
29.46486199999521
29.46486199999521
29.46486199999521
29.46486199999521
29.46486199999521
29.46486199999521
29.46486199999521
29.46486199999521
29.46486199999521
29.46486199999521
29.46486199999521
29.46486199999521
29.46486199999521
29.46486199999521
29.46486199999521
29.46486199999521
29.46486199999521
29.46486199999521
29.46486199999521
29.46486199999521
29.46486199999521
29.46486199999521
29.46486199999521
29.46486199999521
29.46486199999521
29.46486199999521
29.46486199999521
29.46486199999521
29.46486199999521
29.46486199999521
29.46486199999521
29.46486199999521
29.46486199999521
29.46486199999521
29.46486199999521
29.46486199999521
29.46486199999521
29.46486199999521
29.46486199999521
29.46486199999521
29.46486199999521
29.46486199999521
29.46486199999521
29.46486199999521
29.46486199999521
29.46486199999521
29.46486199999521
29.46486199999521
29.46486199999521
29.46486199999521
29.46486199999521
29.46486199999521
29.46486199999521
29.46486199999521
29.46486199999521
29.46486199999521
29.46486199999521
29.46486199999521
29.46486199999521
29.46486199999521
29.46486199999521
29.46486199999521
29.46486199999521
29.46486199999521
29.46486199999521
29.46486199999521
29.46486199999521
29.46486199999521
29.46486199999521
29.46486199999521
29.46486199999521
29.46486199999521
29.46486199999521
29.46486199999521
29.46486199999521
29.46486199999521
29.46486199999521
29.46486199999521
29.46486199999521
29.46486199999521
29.46486199999521
29.46486199999521
29.46486199999521
29.46486199999521
29.46486199999521
29.46486199999521
29.46486199999521
29.46486199999521
29.46486199999521
29.46486199999521
29.46486199999521
29.46486199999521
29.46486199999521
29.46486199999521
29.46486199999521
29.46486199999521
29.46486199999521
29.46486199999521
29.46486199999521
29.46486199999521
29.46486199999521
29.46486199999521
29.46486199999521
29.46486199999521
29.46486199999521
29.46486199999521
29.46486199999521
29.46486199999521
29.46486199999521
29.46486199999521
29.46486199999521
29.46486199999521
29.46486199999521
29.46486199999521
29.46486199999521
29.46486199999521
29.46486199999521
29.46486199999521
29.46486199999521
29.46486199999521
29.46486199999521
29.46486199999521
29.46486199999521
29.46486199999521
29.46486199999521
29.46486199999521
29.46486199999521
29.46486199999521
29.46486199999521
29.46486199999521
29.46486199999521
29.46486199999521
29.46486199999521
29.46486199999521
29.46486199999521
29.46486199999521
29.46486199999521
29.46486199999521
29.46486199999521
29.46486199999521
29.46486199999521
29.46486199999521
29.46486199999521
29.46486199999521
29.46486199999521
29.46486199999521
29.46486199999521
29.46486199999521
29.46486199999521
29.46486199999521
29.46486199999521
29.46486199999521
29.46486199999521
29.46486199999521
29.46486199999521
29.46486199999521
29.46486199999521
29.46486199999521
29.46486199999521
29.46486199999521
29.46486199999521
29.46486199999521
29.46486199999521
29.46486199999521
29.46486199999521
29.46486199999521
29.46486199999521
29.46486199999521
29.46486199999521
29.46486199999521
29.46486199999521
29.46486199999521
29.46486199999521
29.46486199999521
29.46486199999521
29.46486199999521
29.46486199999521
29.46486199999521
29.46486199999521
29.46486199999521
29.46486199999521
29.46486199999521
29.46486199999521
29.46486199999521
29.46486199999521
29.46486199999521
29.46486199999521
29.46486199999521
29.46486199999521
29.46486199999521
29.46486199999521
29.46486199999521
29.46486199999521
29.46486199999521
29.46486199999521
29.46486199999521
29.46486199999521
29.46486199999521
29.46486199999521
29.46486199999521
29.46486199999521
29.46486199999521
29.46486199999521
29.46486199999521
29.46486199999521
29.46486199999521
29.46486199999521
29.46486199999521
29.46486199999521
29.46486199999521
29.46486199999521
29.46486199999521
29.46486199999521
29.46486199999521
29.46486199999521
29.46486199999521
29.46486199999521
29.46486199999521
29.46486199999521
29.46486199999521
29.46486199999521
29.46486199999521
29.46486199999521
29.46486199999521
29.46486199999521
29.46486199999521
29.46486199999521
29.46486199999521
29.46486199999521
29.46486199999521
29.46486199999521
29.46486199999521
29.46486199999521
29.46486199999521
29.46486199999521
29.46486199999521
29.46486199999521
29.46486199999521
29.46486199999521
29.46486199999521
29.46486199999521
29.46486199999521
29.46486199999521
29.46486199999521
29.46486199999521
29.46486199999521
29.46486199999521
29.46486199999521
29.46486199999521
29.46486199999521
29.46486199999521
29.46486199999521
29.46486199999521
29.46486199999521
29.46486199999521
29.46486199999521
29.46486199999521
29.46486199999521
29.46486199999521
29.46486199999521
29.46486199999521
29.46486199999521
29.46486199999521
29.46486199999521
29.46486199999521
29.46486199999521
29.46486199999521
29.46486199999521
29.46486199999521
29.46486199999521
29.46486199999521
29.46486199999521
29.46486199999521
29.46486199999521
29.46486199999521
29.46486199999521
29.46486199999521
29.46486199999521
29.46486199999521
29.46486199999521
29.46486199999521
29.46486199999521
29.46486199999521
29.46486199999521
29.46486199999521
29.46486199999521
29.46486199999521
29.46486199999521
29.46486199999521
29.46486199999521
29.46486199999521
29.46486199999521
29.46486199999521
29.46486199999521
29.46486199999521
29.46486199999521
29.46486199999521
29.46486199999521
29.46486199999521
29.46486199999521
29.46486199999521
29.46486199999521
29.46486199999521
29.46486199999521
29.46486199999521
29.46486199999521
29.46486199999521
29.46486199999521
29.46486199999521
29.46486199999521
29.46486199999521
29.46486199999521
29.46486199999521
29.46486199999521
29.46486199999521
29.46486199999521
29.46486199999521
29.46486199999521
29.46486199999521
29.46486199999521
29.46486199999521
29.46486199999521
29.46486199999521
29.46486199999521
29.46486199999521
29.46486199999521
29.46486199999521
29.46486199999521
29.46486199999521
29.46486199999521
29.46486199999521
29.46486199999521
29.46486199999521
29.46486199999521
29.46486199999521
29.46486199999521
29.46486199999521
29.46486199999521
29.46486199999521
29.46486199999521
29.46486199999521
29.46486199999521
29.46486199999521
29.46486199999521
29.46486199999521
29.46486199999521
29.46486199999521
29.46486199999521
29.46486199999521
29.46486199999521
29.46486199999521
29.46486199999521
29.46486199999521
29.46486199999521
29.46486199999521
29.46486199999521
29.46486199999521
29.46486199999521
29.46486199999521
29.46486199999521
29.46486199999521
29.46486199999521
29.46486199999521
29.46486199999521
29.46486199999521
29.46486199999521
29.46486199999521
29.46486199999521
29.46486199999521
29.46486199999521
29.46486199999521
29.46486199999521
29.46486199999521
29.46486199999521
29.46486199999521
29.46486199999521
29.46486199999521
29.46486199999521
29.46486199999521
29.46486199999521
29.46486199999521
29.46486199999521
29.46486199999521
29.46486199999521
29.46486199999521
29.46486199999521
29.46486199999521
29.46486199999521
29.46486199999521
29.46486199999521
29.46486199999521
29.46486199999521
29.46486199999521
29.46486199999521
29.46486199999521
29.46486199999521
29.46486199999521
29.46486199999521
29.46486199999521
29.46486199999521
29.46486199999521
29.46486199999521
29.46486199999521
29.46486199999521
29.46486199999521
29.46486199999521
29.46486199999521
29.46486199999521
29.46486199999521
29.46486199999521
29.46486199999521
29.46486199999521
29.46486199999521
29.46486199999521
29.46486199999521
29.46486199999521
29.46486199999521
29.46486199999521
29.46486199999521
29.46486199999521
29.46486199999521
29.46486199999521
29.46486199999521
29.46486199999521
29.46486199999521
29.46486199999521
29.46486199999521
29.46486199999521
29.46486199999521
29.46486199999521
29.46486199999521
29.46486199999521
29.46486199999521
29.46486199999521
29.46486199999521
29.46486199999521
29.46486199999521
29.46486199999521
29.46486199999521
29.46486199999521
29.46486199999521
29.46486199999521
29.46486199999521
29.46486199999521
29.46486199999521
29.46486199999521
29.46486199999521
29.46486199999521
29.46486199999521
29.46486199999521
29.46486199999521
29.46486199999521
29.46486199999521
29.46486199999521
29.46486199999521
29.46486199999521
29.46486199999521
29.46486199999521
29.46486199999521
29.46486199999521
29.46486199999521
29.46486199999521
29.46486199999521
29.46486199999521
29.46486199999521
29.46486199999521
29.46486199999521
29.46486199999521
29.46486199999521
29.46486199999521
29.46486199999521
29.46486199999521
29.46486199999521
29.46486199999521
29.46486199999521
29.46486199999521
29.46486199999521
29.46486199999521
29.46486199999521
29.46486199999521
29.46486199999521
29.46486199999521
29.46486199999521
29.46486199999521
29.46486199999521
29.46486199999521
29.46486199999521
29.46486199999521
29.46486199999521
29.46486199999521
29.46486199999521
29.46486199999521
29.46486199999521
29.46486199999521
29.46486199999521
29.46486199999521
29.46486199999521
29.46486199999521
29.46486199999521
29.46486199999521
29.46486199999521
29.46486199999521
29.46486199999521
29.46486199999521
29.46486199999521
29.46486199999521
29.46486199999521
29.46486199999521
29.46486199999521
29.46486199999521
29.46486199999521
29.46486199999521
29.46486199999521
29.46486199999521
29.46486199999521
29.46486199999521
29.46486199999521
29.46486199999521
29.46486199999521
29.46486199999521
29.46486199999521
29.46486199999521
29.46486199999521
29.46486199999521
29.46486199999521
29.46486199999521
29.46486199999521
29.46486199999521
29.46486199999521
29.46486199999521
29.46486199999521
29.46486199999521
29.46486199999521
29.46486199999521
29.46486199999521
29.46486199999521
29.46486199999521
29.46486199999521
29.46486199999521
29.46486199999521
29.46486199999521
29.46486199999521
29.46486199999521
29.46486199999521
29.46486199999521
29.46486199999521
29.46486199999521
29.46486199999521
29.46486199999521
29.46486199999521
29.46486199999521
29.46486199999521
29.46486199999521
29.46486199999521
29.46486199999521
29.46486199999521
29.46486199999521
29.46486199999521
29.46486199999521
29.46486199999521
29.46486199999521
29.46486199999521
29.46486199999521
29.46486199999521
29.46486199999521
29.46486199999521
29.46486199999521
29.46486199999521
29.46486199999521
29.46486199999521
29.46486199999521
29.46486199999521
29.46486199999521
29.46486199999521
29.46486199999521
29.46486199999521
29.46486199999521
29.46486199999521
29.46486199999521
29.46486199999521
29.46486199999521
29.46486199999521
29.46486199999521
29.46486199999521
29.46486199999521
29.46486199999521
29.46486199999521
29.46486199999521
29.46486199999521
29.46486199999521
29.46486199999521
29.46486199999521
29.46486199999521
29.46486199999521
29.46486199999521
29.46486199999521
29.46486199999521
29.46486199999521
29.46486199999521
29.46486199999521
29.46486199999521
29.46486199999521
29.46486199999521
29.46486199999521
29.46486199999521
29.46486199999521
29.46486199999521
29.46486199999521
29.46486199999521
29.46486199999521
29.46486199999521
29.46486199999521
29.46486199999521
29.46486199999521
29.46486199999521
29.46486199999521
29.46486199999521
29.46486199999521
29.46486199999521
29.46486199999521
29.46486199999521
29.46486199999521
29.46486199999521
29.46486199999521
29.46486199999521
29.46486199999521
29.46486199999521
29.46486199999521
29.46486199999521
29.46486199999521
29.46486199999521
29.46486199999521
29.46486199999521
29.46486199999521
29.46486199999521
29.46486199999521
29.46486199999521
29.46486199999521
29.46486199999521
29.46486199999521
29.46486199999521
29.46486199999521
29.46486199999521
29.46486199999521
29.46486199999521
29.46486199999521
29.46486199999521
29.46486199999521
29.46486199999521
29.46486199999521
29.46486199999521
29.46486199999521
29.46486199999521
29.46486199999521
29.46486199999521
29.46486199999521
29.46486199999521
29.46486199999521
29.46486199999521
29.46486199999521
29.46486199999521
29.46486199999521
29.46486199999521
29.46486199999521
29.46486199999521
29.46486199999521
29.46486199999521
29.46486199999521
29.46486199999521
29.46486199999521
29.46486199999521
29.46486199999521
29.46486199999521
29.46486199999521
29.46486199999521
29.46486199999521
29.46486199999521
29.46486199999521
29.46486199999521
29.46486199999521
29.46486199999521
29.46486199999521
29.46486199999521
29.46486199999521
29.46486199999521
29.46486199999521
29.46486199999521
29.46486199999521
29.46486199999521
29.46486199999521
29.46486199999521
29.46486199999521
29.46486199999521
29.46486199999521
29.46486199999521
29.46486199999521
29.46486199999521
29.46486199999521
29.46486199999521
29.46486199999521
29.46486199999521
29.46486199999521
29.46486199999521
29.46486199999521
29.46486199999521
29.46486199999521
29.46486199999521
29.46486199999521
29.46486199999521
29.46486199999521
29.46486199999521
29.46486199999521
29.46486199999521
29.46486199999521
29.46486199999521
29.46486199999521
29.46486199999521
29.46486199999521
29.46486199999521
29.46486199999521
29.46486199999521
29.46486199999521
29.46486199999521
29.46486199999521
29.46486199999521
29.46486199999521
29.46486199999521
29.46486199999521
29.46486199999521
29.46486199999521
29.46486199999521
29.46486199999521
29.46486199999521
29.46486199999521
29.46486199999521
29.46486199999521
29.46486199999521
29.46486199999521
29.46486199999521
29.46486199999521
29.46486199999521
29.46486199999521
29.46486199999521
29.46486199999521
29.46486199999521
29.46486199999521
29.46486199999521
29.46486199999521
29.46486199999521
29.46486199999521
29.46486199999521
29.46486199999521
29.46486199999521
29.46486199999521
29.46486199999521
29.46486199999521
29.46486199999521
29.46486199999521
29.46486199999521
29.46486199999521
29.46486199999521
29.46486199999521
29.46486199999521
29.46486199999521
29.46486199999521
29.46486199999521
29.46486199999521
29.46486199999521
29.46486199999521
29.46486199999521
29.46486199999521
29.46486199999521
29.46486199999521
29.46486199999521
29.46486199999521
29.46486199999521
29.46486199999521
29.46486199999521
29.46486199999521
29.46486199999521
29.46486199999521
29.46486199999521
29.46486199999521
29.46486199999521
29.46486199999521
29.46486199999521
29.46486199999521
29.46486199999521
29.46486199999521
29.46486199999521
29.46486199999521
29.46486199999521
29.46486199999521
29.46486199999521
29.46486199999521
29.46486199999521
29.46486199999521
29.46486199999521
29.46486199999521
29.46486199999521
29.46486199999521
29.46486199999521
29.46486199999521
29.46486199999521
29.46486199999521
29.46486199999521
29.46486199999521
29.46486199999521
29.46486199999521
29.46486199999521
29.46486199999521
29.46486199999521
29.46486199999521
29.46486199999521
29.46486199999521
29.46486199999521
29.46486199999521
29.46486199999521
29.46486199999521
29.46486199999521
29.46486199999521
29.46486199999521
29.46486199999521
29.46486199999521
29.46486199999521
29.46486199999521
29.46486199999521
29.46486199999521
29.46486199999521
29.46486199999521
29.46486199999521
29.46486199999521
29.46486199999521
29.46486199999521
29.46486199999521
29.46486199999521
29.46486199999521
29.46486199999521
29.46486199999521
29.46486199999521
29.46486199999521
29.46486199999521
29.46486199999521
29.46486199999521
29.46486199999521
29.46486199999521
29.46486199999521
29.46486199999521
29.46486199999521
29.46486199999521
29.46486199999521
29.46486199999521
29.46486199999521
29.46486199999521
29.46486199999521
29.46486199999521
29.46486199999521
29.46486199999521
29.46486199999521
29.46486199999521
29.46486199999521
29.46486199999521
29.46486199999521
29.46486199999521
29.46486199999521
29.46486199999521
29.46486199999521
29.46486199999521
29.46486199999521
29.46486199999521
29.46486199999521
29.46486199999521
29.46486199999521
29.46486199999521
29.46486199999521
29.46486199999521
29.46486199999521
29.46486199999521
29.46486199999521
29.46486199999521
29.46486199999521
29.46486199999521
29.46486199999521
29.46486199999521
29.46486199999521
29.46486199999521
29.46486199999521
29.46486199999521
29.46486199999521
29.46486199999521
29.46486199999521
29.46486199999521
29.46486199999521
29.46486199999521
29.46486199999521
29.46486199999521
29.46486199999521
29.46486199999521
29.46486199999521
29.46486199999521
29.46486199999521
29.46486199999521
29.46486199999521
29.46486199999521
29.46486199999521
29.46486199999521
29.46486199999521
29.46486199999521
29.46486199999521
29.46486199999521
29.46486199999521
29.46486199999521
29.46486199999521
29.46486199999521
29.46486199999521
29.46486199999521
29.46486199999521
29.46486199999521
29.46486199999521
29.46486199999521
29.46486199999521
29.46486199999521
29.46486199999521
29.46486199999521
29.46486199999521
29.46486199999521
29.46486199999521
29.46486199999521
29.46486199999521
29.46486199999521
29.46486199999521
29.46486199999521
29.46486199999521
29.46486199999521
29.46486199999521
29.46486199999521
29.46486199999521
29.46486199999521
29.46486199999521
29.46486199999521
29.46486199999521
29.46486199999521
29.46486199999521
29.46486199999521
29.46486199999521
29.46486199999521
29.46486199999521
29.46486199999521
29.46486199999521
29.46486199999521
29.46486199999521
29.46486199999521
29.46486199999521
29.46486199999521
29.46486199999521
29.46486199999521
29.46486199999521
29.46486199999521
29.46486199999521
29.46486199999521
29.46486199999521
29.46486199999521
29.46486199999521
29.46486199999521
29.46486199999521
29.46486199999521
29.46486199999521
29.46486199999521
29.46486199999521
29.46486199999521
29.46486199999521
29.46486199999521
29.46486199999521
29.46486199999521
29.46486199999521
29.46486199999521
29.46486199999521
29.46486199999521
29.46486199999521
29.46486199999521
29.46486199999521
29.46486199999521
29.46486199999521
29.46486199999521
29.46486199999521
29.46486199999521
29.46486199999521
29.46486199999521
29.46486199999521
29.46486199999521
29.46486199999521
29.46486199999521
29.46486199999521
29.46486199999521
29.46486199999521
29.46486199999521
29.46486199999521
29.46486199999521
29.46486199999521
29.46486199999521
29.46486199999521
29.46486199999521
29.46486199999521
29.46486199999521
29.46486199999521
29.46486199999521
29.46486199999521
29.46486199999521
29.46486199999521
29.46486199999521
29.46486199999521
29.46486199999521
29.46486199999521
29.46486199999521
29.46486199999521
29.46486199999521
29.46486199999521
29.46486199999521
29.46486199999521
29.46486199999521
29.46486199999521
29.46486199999521
29.46486199999521
29.46486199999521
29.46486199999521
29.46486199999521
29.46486199999521
29.46486199999521
29.46486199999521
29.46486199999521
