29.464831999994967
29.464831999994967
29.464831999994967
29.464831999994967
29.464831999994967
29.464831999994967
29.464831999994967
29.464831999994967
29.464831999994967
29.464831999994967
29.464831999994967
29.464831999994967
29.464831999994967
29.464831999994967
29.464831999994967
29.464831999994967
29.464831999994967
29.464831999994967
29.464831999994967
29.464831999994967
29.464831999994967
29.464831999994967
29.464831999994967
29.464831999994967
29.464831999994967
29.464831999994967
29.464831999994967
29.464831999994967
29.464831999994967
29.464831999994967
29.464831999994967
29.464831999994967
29.464831999994967
29.464831999994967
29.464831999994967
29.464831999994967
29.464831999994967
29.464831999994967
29.464831999994967
29.464831999994967
29.464831999994967
29.464831999994967
29.464831999994967
29.464831999994967
29.464831999994967
29.464831999994967
29.464831999994967
29.464831999994967
29.464831999994967
29.464831999994967
29.464831999994967
29.464831999994967
29.464831999994967
29.464831999994967
29.464831999994967
29.464831999994967
29.464831999994967
29.464831999994967
29.464831999994967
29.464831999994967
29.464831999994967
29.464831999994967
29.464831999994967
29.464831999994967
29.464831999994967
29.464831999994967
29.464831999994967
29.464831999994967
29.464831999994967
29.464831999994967
29.464831999994967
29.464831999994967
29.464831999994967
29.464831999994967
29.464831999994967
29.464831999994967
29.464831999994967
29.464831999994967
29.464831999994967
29.464831999994967
29.464831999994967
29.464831999994967
29.464831999994967
29.464831999994967
29.464831999994967
29.464831999994967
29.464831999994967
29.464831999994967
29.464831999994967
29.464831999994967
29.464831999994967
29.464831999994967
29.464831999994967
29.464831999994967
29.464831999994967
29.464831999994967
29.464831999994967
29.464831999994967
29.464831999994967
29.464831999994967
29.464831999994967
29.464831999994967
29.464831999994967
29.464831999994967
29.464831999994967
29.464831999994967
29.464831999994967
29.464831999994967
29.464831999994967
29.464831999994967
29.464831999994967
29.464831999994967
29.464831999994967
29.464831999994967
29.464831999994967
29.464831999994967
29.464831999994967
29.464831999994967
29.464831999994967
29.464831999994967
29.464831999994967
29.464831999994967
29.464831999994967
29.464831999994967
29.464831999994967
29.464831999994967
29.464831999994967
29.464831999994967
29.464831999994967
29.464831999994967
29.464831999994967
29.464831999994967
29.464831999994967
29.464831999994967
29.464831999994967
29.464831999994967
29.464831999994967
29.464831999994967
29.464831999994967
29.464831999994967
29.464831999994967
29.464831999994967
29.464831999994967
29.464831999994967
29.464831999994967
29.464831999994967
29.464831999994967
29.464831999994967
29.464831999994967
29.464831999994967
29.464831999994967
29.464831999994967
29.464831999994967
29.464831999994967
29.464831999994967
29.464831999994967
29.464831999994967
29.464831999994967
29.464831999994967
29.464831999994967
29.464831999994967
29.464831999994967
29.464831999994967
29.464831999994967
29.464831999994967
29.464831999994967
29.464831999994967
29.464831999994967
29.464831999994967
29.464831999994967
29.464831999994967
29.464831999994967
29.464831999994967
29.464831999994967
29.464831999994967
29.464831999994967
29.464831999994967
29.464831999994967
29.464831999994967
29.464831999994967
29.464831999994967
29.464831999994967
29.464831999994967
29.464831999994967
29.464831999994967
29.464831999994967
29.464831999994967
29.464831999994967
29.464831999994967
29.464831999994967
29.464831999994967
29.464831999994967
29.464831999994967
29.464831999994967
29.464831999994967
29.464831999994967
29.464831999994967
29.464831999994967
29.464831999994967
29.464831999994967
29.464831999994967
29.464831999994967
29.464831999994967
29.464831999994967
29.464831999994967
29.464831999994967
29.464831999994967
29.464831999994967
29.464831999994967
29.464831999994967
29.464831999994967
29.464831999994967
29.464831999994967
29.464831999994967
29.464831999994967
29.464831999994967
29.464831999994967
29.464831999994967
29.464831999994967
29.464831999994967
29.464831999994967
29.464831999994967
29.464831999994967
29.464831999994967
29.464831999994967
29.464831999994967
29.464831999994967
29.464831999994967
29.464831999994967
29.464831999994967
29.464831999994967
29.464831999994967
29.464831999994967
29.464831999994967
29.464831999994967
29.464831999994967
29.464831999994967
29.464831999994967
29.464831999994967
29.464831999994967
29.464831999994967
29.464831999994967
29.464831999994967
29.464831999994967
29.464831999994967
29.464831999994967
29.464831999994967
29.464831999994967
29.464831999994967
29.464831999994967
29.464831999994967
29.464831999994967
29.464831999994967
29.464831999994967
29.464831999994967
29.464831999994967
29.464831999994967
29.464831999994967
29.464831999994967
29.464831999994967
29.464831999994967
29.464831999994967
29.464831999994967
29.464831999994967
29.464831999994967
29.464831999994967
29.464831999994967
29.464831999994967
29.464831999994967
29.464831999994967
29.464831999994967
29.464831999994967
29.464831999994967
29.464831999994967
29.464831999994967
29.464831999994967
29.464831999994967
29.464831999994967
29.464831999994967
29.464831999994967
29.464831999994967
29.464831999994967
29.464831999994967
29.464831999994967
29.464831999994967
29.464831999994967
29.464831999994967
29.464831999994967
29.464831999994967
29.464831999994967
29.464831999994967
29.464831999994967
29.464831999994967
29.464831999994967
29.464831999994967
29.464831999994967
29.464831999994967
29.464831999994967
29.464831999994967
29.464831999994967
29.464831999994967
29.464831999994967
29.464831999994967
29.464831999994967
29.464831999994967
29.464831999994967
29.464831999994967
29.464831999994967
29.464831999994967
29.464831999994967
29.464831999994967
29.464831999994967
29.464831999994967
29.464831999994967
29.464831999994967
29.464831999994967
29.464831999994967
29.464831999994967
29.464831999994967
29.464831999994967
29.464831999994967
29.464831999994967
29.464831999994967
29.464831999994967
29.464831999994967
29.464831999994967
29.464831999994967
29.464831999994967
29.464831999994967
29.464831999994967
29.464831999994967
29.464831999994967
29.464831999994967
29.464831999994967
29.464831999994967
29.464831999994967
29.464831999994967
29.464831999994967
29.464831999994967
29.464831999994967
29.464831999994967
29.464831999994967
29.464831999994967
29.464831999994967
29.464831999994967
29.464831999994967
29.464831999994967
29.464831999994967
29.464831999994967
29.464831999994967
29.464831999994967
29.464831999994967
29.464831999994967
29.464831999994967
29.464831999994967
29.464831999994967
29.464831999994967
29.464831999994967
29.464831999994967
29.464831999994967
29.464831999994967
29.464831999994967
29.464831999994967
29.464831999994967
29.464831999994967
29.464831999994967
29.464831999994967
29.464831999994967
29.464831999994967
29.464831999994967
29.464831999994967
29.464831999994967
29.464831999994967
29.464831999994967
29.464831999994967
29.464831999994967
29.464831999994967
29.464831999994967
29.464831999994967
29.464831999994967
29.464831999994967
29.464831999994967
29.464831999994967
29.464831999994967
29.464831999994967
29.464831999994967
29.464831999994967
29.464831999994967
29.464831999994967
29.464831999994967
29.464831999994967
29.464831999994967
29.464831999994967
29.464831999994967
29.464831999994967
29.464831999994967
29.464831999994967
29.464831999994967
29.464831999994967
29.464831999994967
29.464831999994967
29.464831999994967
29.464831999994967
29.464831999994967
29.464831999994967
29.464831999994967
29.464831999994967
29.464831999994967
29.464831999994967
29.464831999994967
29.464831999994967
29.464831999994967
29.464831999994967
29.464831999994967
29.464831999994967
29.464831999994967
29.464831999994967
29.464831999994967
29.464831999994967
29.464831999994967
29.464831999994967
29.464831999994967
29.464831999994967
29.464831999994967
29.464831999994967
29.464831999994967
29.464831999994967
29.464831999994967
29.464831999994967
29.464831999994967
29.464831999994967
29.464831999994967
29.464831999994967
29.464831999994967
29.464831999994967
29.464831999994967
29.464831999994967
29.464831999994967
29.464831999994967
29.464831999994967
29.464831999994967
29.464831999994967
29.464831999994967
29.464831999994967
29.464831999994967
29.464831999994967
29.464831999994967
29.464831999994967
29.464831999994967
29.464831999994967
29.464831999994967
29.464831999994967
29.464831999994967
29.464831999994967
29.464831999994967
29.464831999994967
29.464831999994967
29.464831999994967
29.464831999994967
29.464831999994967
29.464831999994967
29.464831999994967
29.464831999994967
29.464831999994967
29.464831999994967
29.464831999994967
29.464831999994967
29.464831999994967
29.464831999994967
29.464831999994967
29.464831999994967
29.464831999994967
29.464831999994967
29.464831999994967
29.464831999994967
29.464831999994967
29.464831999994967
29.464831999994967
29.464831999994967
29.464831999994967
29.464831999994967
29.464831999994967
29.464831999994967
29.464831999994967
29.464831999994967
29.464831999994967
29.464831999994967
29.464831999994967
29.464831999994967
29.464831999994967
29.464831999994967
29.464831999994967
29.464831999994967
29.464831999994967
29.464831999994967
29.464831999994967
29.464831999994967
29.464831999994967
29.464831999994967
29.464831999994967
29.464831999994967
29.464831999994967
29.464831999994967
29.464831999994967
29.464831999994967
29.464831999994967
29.464831999994967
29.464831999994967
29.464831999994967
29.464831999994967
29.464831999994967
29.464831999994967
29.464831999994967
29.464831999994967
29.464831999994967
29.464831999994967
29.464831999994967
29.464831999994967
29.464831999994967
29.464831999994967
29.464831999994967
29.464831999994967
29.464831999994967
29.464831999994967
29.464831999994967
29.464831999994967
29.464831999994967
29.464831999994967
29.464831999994967
29.464831999994967
29.464831999994967
29.464831999994967
29.464831999994967
29.464831999994967
29.464831999994967
29.464831999994967
29.464831999994967
29.464831999994967
29.464831999994967
29.464831999994967
29.464831999994967
29.464831999994967
29.464831999994967
29.464831999994967
29.464831999994967
29.464831999994967
29.464831999994967
29.464831999994967
29.464831999994967
29.464831999994967
29.464831999994967
29.464831999994967
29.464831999994967
29.464831999994967
29.464831999994967
29.464831999994967
29.464831999994967
29.464831999994967
29.464831999994967
29.464831999994967
29.464831999994967
29.464831999994967
29.464831999994967
29.464831999994967
29.464831999994967
29.464831999994967
29.464831999994967
29.464831999994967
29.464831999994967
29.464831999994967
29.464831999994967
29.464831999994967
29.464831999994967
29.464831999994967
29.464831999994967
29.464831999994967
29.464831999994967
29.464831999994967
29.464831999994967
29.464831999994967
29.464831999994967
29.464831999994967
29.464831999994967
29.464831999994967
29.464831999994967
29.464831999994967
29.464831999994967
29.464831999994967
29.464831999994967
29.464831999994967
29.464831999994967
29.464831999994967
29.464831999994967
29.464831999994967
29.464831999994967
29.464831999994967
29.464831999994967
29.464831999994967
29.464831999994967
29.464831999994967
29.464831999994967
29.464831999994967
29.464831999994967
29.464831999994967
29.464831999994967
29.464831999994967
29.464831999994967
29.464831999994967
29.464831999994967
29.464831999994967
29.464831999994967
29.464831999994967
29.464831999994967
29.464831999994967
29.464831999994967
29.464831999994967
29.464831999994967
29.464831999994967
29.464831999994967
29.464831999994967
29.464831999994967
29.464831999994967
29.464831999994967
29.464831999994967
29.464831999994967
29.464831999994967
29.464831999994967
29.464831999994967
29.464831999994967
29.464831999994967
29.464831999994967
29.464831999994967
29.464831999994967
29.464831999994967
29.464831999994967
29.464831999994967
29.464831999994967
29.464831999994967
29.464831999994967
29.464831999994967
29.464831999994967
29.464831999994967
29.464831999994967
29.464831999994967
29.464831999994967
29.464831999994967
29.464831999994967
29.464831999994967
29.464831999994967
29.464831999994967
29.464831999994967
29.464831999994967
29.464831999994967
29.464831999994967
29.464831999994967
29.464831999994967
29.464831999994967
29.464831999994967
29.464831999994967
29.464831999994967
29.464831999994967
29.464831999994967
29.464831999994967
29.464831999994967
29.464831999994967
29.464831999994967
29.464831999994967
29.464831999994967
29.464831999994967
29.464831999994967
29.464831999994967
29.464831999994967
29.464831999994967
29.464831999994967
29.464831999994967
29.464831999994967
29.464831999994967
29.464831999994967
29.464831999994967
29.464831999994967
29.464831999994967
29.464831999994967
29.464831999994967
29.464831999994967
29.464831999994967
29.464831999994967
29.464831999994967
29.464831999994967
29.464831999994967
29.464831999994967
29.464831999994967
29.464831999994967
29.464831999994967
29.464831999994967
29.464831999994967
29.464831999994967
29.464831999994967
29.464831999994967
29.464831999994967
29.464831999994967
29.464831999994967
29.464831999994967
29.464831999994967
29.464831999994967
29.464831999994967
29.464831999994967
29.464831999994967
29.464831999994967
29.464831999994967
29.464831999994967
29.464831999994967
29.464831999994967
29.464831999994967
29.464831999994967
29.464831999994967
29.464831999994967
29.464831999994967
29.464831999994967
29.464831999994967
29.464831999994967
29.464831999994967
29.464831999994967
29.464831999994967
29.464831999994967
29.464831999994967
29.464831999994967
29.464831999994967
29.464831999994967
29.464831999994967
29.464831999994967
29.464831999994967
29.464831999994967
29.464831999994967
29.464831999994967
29.464831999994967
29.464831999994967
29.464831999994967
29.464831999994967
29.464831999994967
29.464831999994967
29.464831999994967
29.464831999994967
29.464831999994967
29.464831999994967
29.464831999994967
29.464831999994967
29.464831999994967
29.464831999994967
29.464831999994967
29.464831999994967
29.464831999994967
29.464831999994967
29.464831999994967
29.464831999994967
29.464831999994967
29.464831999994967
29.464831999994967
29.464831999994967
29.464831999994967
29.464831999994967
29.464831999994967
29.464831999994967
29.464831999994967
29.464831999994967
29.464831999994967
29.464831999994967
29.464831999994967
29.464831999994967
29.464831999994967
29.464831999994967
29.464831999994967
29.464831999994967
29.464831999994967
29.464831999994967
29.464831999994967
29.464831999994967
29.464831999994967
29.464831999994967
29.464831999994967
29.464831999994967
29.464831999994967
29.464831999994967
29.464831999994967
29.464831999994967
29.464831999994967
29.464831999994967
29.464831999994967
29.464831999994967
29.464831999994967
29.464831999994967
29.464831999994967
29.464831999994967
29.464831999994967
29.464831999994967
29.464831999994967
29.464831999994967
29.464831999994967
29.464831999994967
29.464831999994967
29.464831999994967
29.464831999994967
29.464831999994967
29.464831999994967
29.464831999994967
29.464831999994967
29.464831999994967
29.464831999994967
29.464831999994967
29.464831999994967
29.464831999994967
29.464831999994967
29.464831999994967
29.464831999994967
29.464831999994967
29.464831999994967
29.464831999994967
29.464831999994967
29.464831999994967
29.464831999994967
29.464831999994967
29.464831999994967
29.464831999994967
29.464831999994967
29.464831999994967
29.464831999994967
29.464831999994967
29.464831999994967
29.464831999994967
29.464831999994967
29.464831999994967
29.464831999994967
29.464831999994967
29.464831999994967
29.464831999994967
29.464831999994967
29.464831999994967
29.464831999994967
29.464831999994967
29.464831999994967
29.464831999994967
29.464831999994967
29.464831999994967
29.464831999994967
29.464831999994967
29.464831999994967
29.464831999994967
29.464831999994967
29.464831999994967
29.464831999994967
29.464831999994967
29.464831999994967
29.464831999994967
29.464831999994967
29.464831999994967
29.464831999994967
29.464831999994967
29.464831999994967
29.464831999994967
29.464831999994967
29.464831999994967
29.464831999994967
29.464831999994967
29.464831999994967
29.464831999994967
29.464831999994967
29.464831999994967
29.464831999994967
29.464831999994967
29.464831999994967
29.464831999994967
29.464831999994967
29.464831999994967
29.464831999994967
29.464831999994967
29.464831999994967
29.464831999994967
29.464831999994967
29.464831999994967
29.464831999994967
29.464831999994967
29.464831999994967
29.464831999994967
29.464831999994967
29.464831999994967
29.464831999994967
29.464831999994967
29.464831999994967
29.464831999994967
29.464831999994967
29.464831999994967
29.464831999994967
29.464831999994967
29.464831999994967
29.464831999994967
29.464831999994967
29.464831999994967
29.464831999994967
29.464831999994967
29.464831999994967
29.464831999994967
29.464831999994967
29.464831999994967
29.464831999994967
29.464831999994967
29.464831999994967
29.464831999994967
29.464831999994967
29.464831999994967
29.464831999994967
29.464831999994967
29.464831999994967
29.464831999994967
29.464831999994967
29.464831999994967
29.464831999994967
29.464831999994967
29.464831999994967
29.464831999994967
29.464831999994967
29.464831999994967
29.464831999994967
29.464831999994967
29.464831999994967
29.464831999994967
29.464831999994967
29.464831999994967
29.464831999994967
29.464831999994967
29.464831999994967
29.464831999994967
29.464831999994967
29.464831999994967
29.464831999994967
29.464831999994967
29.464831999994967
29.464831999994967
29.464831999994967
29.464831999994967
29.464831999994967
29.464831999994967
29.464831999994967
29.464831999994967
29.464831999994967
29.464831999994967
29.464831999994967
29.464831999994967
29.464831999994967
29.464831999994967
29.464831999994967
29.464831999994967
29.464831999994967
29.464831999994967
29.464831999994967
29.464831999994967
29.464831999994967
29.464831999994967
29.464831999994967
29.464831999994967
29.464831999994967
29.464831999994967
29.464831999994967
29.464831999994967
29.464831999994967
29.464831999994967
29.464831999994967
29.464831999994967
29.464831999994967
29.464831999994967
29.464831999994967
29.464831999994967
29.464831999994967
29.464831999994967
29.464831999994967
29.464831999994967
29.464831999994967
29.464831999994967
29.464831999994967
29.464831999994967
29.464831999994967
29.464831999994967
29.464831999994967
29.464831999994967
29.464831999994967
29.464831999994967
29.464831999994967
29.464831999994967
29.464831999994967
29.464831999994967
29.464831999994967
29.464831999994967
29.464831999994967
29.464831999994967
29.464831999994967
29.464831999994967
29.464831999994967
29.464831999994967
29.464831999994967
29.464831999994967
29.464831999994967
29.464831999994967
29.464831999994967
29.464831999994967
29.464831999994967
29.464831999994967
29.464831999994967
29.464831999994967
29.464831999994967
29.464831999994967
29.464831999994967
29.464831999994967
29.464831999994967
29.464831999994967
29.464831999994967
29.464831999994967
29.464831999994967
29.464831999994967
29.464831999994967
29.464831999994967
29.464831999994967
29.464831999994967
29.464831999994967
29.464831999994967
29.464831999994967
29.464831999994967
29.464831999994967
29.464831999994967
29.464831999994967
29.464831999994967
29.464831999994967
29.464831999994967
29.464831999994967
29.464831999994967
29.464831999994967
29.464831999994967
29.464831999994967
29.464831999994967
29.464831999994967
29.464831999994967
29.464831999994967
29.464831999994967
29.464831999994967
29.464831999994967
29.464831999994967
29.464831999994967
29.464831999994967
29.464831999994967
29.464831999994967
29.464831999994967
29.464831999994967
29.464831999994967
29.464831999994967
29.464831999994967
29.464831999994967
29.464831999994967
29.464831999994967
29.464831999994967
29.464831999994967
29.464831999994967
29.464831999994967
29.464831999994967
29.464831999994967
29.464831999994967
29.464831999994967
29.464831999994967
29.464831999994967
29.464831999994967
29.464831999994967
29.464831999994967
29.464831999994967
29.464831999994967
29.464831999994967
29.464831999994967
29.464831999994967
29.464831999994967
29.464831999994967
29.464831999994967
29.464831999994967
29.464831999994967
29.464831999994967
29.464831999994967
29.464831999994967
29.464831999994967
29.464831999994967
29.464831999994967
29.464831999994967
29.464831999994967
29.464831999994967
29.464831999994967
29.464831999994967
29.464831999994967
29.464831999994967
29.464831999994967
29.464831999994967
29.464831999994967
29.464831999994967
29.464831999994967
29.464831999994967
29.464831999994967
29.464831999994967
29.464831999994967
29.464831999994967
29.464831999994967
29.464831999994967
29.464831999994967
29.464831999994967
29.464831999994967
29.464831999994967
29.464831999994967
29.464831999994967
29.464831999994967
29.464831999994967
29.464831999994967
29.464831999994967
29.464831999994967
29.464831999994967
29.464831999994967
29.464831999994967
29.464831999994967
29.464831999994967
29.464831999994967
29.464831999994967
29.464831999994967
29.464831999994967
29.464831999994967
29.464831999994967
29.464831999994967
29.464831999994967
29.464831999994967
29.464831999994967
29.464831999994967
29.464831999994967
29.464831999994967
29.464831999994967
29.464831999994967
29.464831999994967
29.464831999994967
29.464831999994967
29.464831999994967
29.464831999994967
29.464831999994967
29.464831999994967
29.464831999994967
29.464831999994967
29.464831999994967
29.464831999994967
29.464831999994967
29.464831999994967
29.464831999994967
29.464831999994967
29.464831999994967
29.464831999994967
29.464831999994967
29.464831999994967
29.464831999994967
29.464831999994967
29.464831999994967
29.464831999994967
29.464831999994967
29.464831999994967
29.464831999994967
29.464831999994967
29.464831999994967
29.464831999994967
29.464831999994967
29.464831999994967
29.464831999994967
29.464831999994967
29.464831999994967
29.464831999994967
29.464831999994967
29.464831999994967
29.464831999994967
29.464831999994967
29.464831999994967
29.464831999994967
29.464831999994967
29.464831999994967
29.464831999994967
29.464831999994967
29.464831999994967
29.464831999994967
29.464831999994967
29.464831999994967
29.464831999994967
29.464831999994967
29.464831999994967
29.464831999994967
29.464831999994967
29.464831999994967
29.464831999994967
29.464831999994967
29.464831999994967
29.464831999994967
29.464831999994967
29.464831999994967
29.464831999994967
29.464831999994967
29.464831999994967
29.464831999994967
29.464831999994967
29.464831999994967
29.464831999994967
29.464831999994967
29.464831999994967
29.464831999994967
29.464831999994967
29.464831999994967
29.464831999994967
29.464831999994967
29.464831999994967
29.464831999994967
29.464831999994967
29.464831999994967
29.464831999994967
29.464831999994967
29.464831999994967
29.464831999994967
29.464831999994967
29.464831999994967
29.464831999994967
29.464831999994967
29.464831999994967
29.464831999994967
29.464831999994967
29.464831999994967
29.464831999994967
29.464831999994967
29.464831999994967
29.464831999994967
29.464831999994967
29.464831999994967
29.464831999994967
29.464831999994967
29.464831999994967
29.464831999994967
29.464831999994967
29.464831999994967
29.464831999994967
29.464831999994967
29.464831999994967
29.464831999994967
29.464831999994967
29.464831999994967
29.464831999994967
29.464831999994967
29.464831999994967
29.464831999994967
29.464831999994967
29.464831999994967
29.464831999994967
29.464831999994967
29.464831999994967
29.464831999994967
29.464831999994967
29.464831999994967
29.464831999994967
29.464831999994967
29.464831999994967
29.464831999994967
29.464831999994967
29.464831999994967
29.464831999994967
29.464831999994967
29.464831999994967
29.464831999994967
29.464831999994967
29.464831999994967
29.464831999994967
29.464831999994967
29.464831999994967
29.464831999994967
29.464831999994967
29.464831999994967
29.464831999994967
29.464831999994967
29.464831999994967
29.464831999994967
29.464831999994967
29.464831999994967
29.464831999994967
29.464831999994967
29.464831999994967
29.464831999994967
29.464831999994967
29.464831999994967
29.464831999994967
29.464831999994967
29.464831999994967
29.464831999994967
29.464831999994967
29.464831999994967
29.464831999994967
29.464831999994967
29.464831999994967
29.464831999994967
29.464831999994967
29.464831999994967
29.464831999994967
29.464831999994967
29.464831999994967
29.464831999994967
29.464831999994967
29.464831999994967
29.464831999994967
29.464831999994967
29.464831999994967
29.464831999994967
29.464831999994967
29.464831999994967
29.464831999994967
29.464831999994967
29.464831999994967
29.464831999994967
29.464831999994967
29.464831999994967
29.464831999994967
29.464831999994967
29.464831999994967
29.464831999994967
29.464831999994967
29.464831999994967
29.464831999994967
29.464831999994967
29.464831999994967
29.464831999994967
29.464831999994967
29.464831999994967
29.464831999994967
29.464831999994967
29.464831999994967
29.464831999994967
29.464831999994967
29.464831999994967
29.464831999994967
29.464831999994967
29.464831999994967
29.464831999994967
29.464831999994967
29.464831999994967
29.464831999994967
29.464831999994967
29.464831999994967
29.464831999994967
29.464831999994967
29.464831999994967
29.464831999994967
29.464831999994967
29.464831999994967
29.464831999994967
29.464831999994967
29.464831999994967
29.464831999994967
29.464831999994967
29.464831999994967
29.464831999994967
29.464831999994967
29.464831999994967
29.464831999994967
29.464831999994967
29.464831999994967
29.464831999994967
29.464831999994967
29.464831999994967
29.464831999994967
29.464831999994967
29.464831999994967
29.464831999994967
29.464831999994967
29.464831999994967
29.464831999994967
29.464831999994967
29.464831999994967
29.464831999994967
29.464831999994967
29.464831999994967
29.464831999994967
29.464831999994967
29.464831999994967
29.464831999994967
29.464831999994967
29.464831999994967
29.464831999994967
29.464831999994967
29.464831999994967
29.464831999994967
29.464831999994967
29.464831999994967
29.464831999994967
29.464831999994967
29.464831999994967
29.464831999994967
29.464831999994967
29.464831999994967
29.464831999994967
29.464831999994967
29.464831999994967
29.464831999994967
29.464831999994967
29.464831999994967
29.464831999994967
29.464831999994967
29.464831999994967
29.464831999994967
29.464831999994967
29.464831999994967
29.464831999994967
29.464831999994967
29.464831999994967
29.464831999994967
29.464831999994967
29.464831999994967
29.464831999994967
29.464831999994967
29.464831999994967
29.464831999994967
29.464831999994967
29.464831999994967
29.464831999994967
29.464831999994967
29.464831999994967
29.464831999994967
29.464831999994967
29.464831999994967
29.464831999994967
29.464831999994967
29.464831999994967
29.464831999994967
29.464831999994967
29.464831999994967
29.464831999994967
29.464831999994967
29.464831999994967
29.464831999994967
29.464831999994967
29.464831999994967
29.464831999994967
29.464831999994967
29.464831999994967
29.464831999994967
29.464831999994967
29.464831999994967
29.464831999994967
29.464831999994967
29.464831999994967
29.464831999994967
29.464831999994967
29.464831999994967
29.464831999994967
29.464831999994967
29.464831999994967
29.464831999994967
29.464831999994967
29.464831999994967
29.464831999994967
29.464831999994967
29.464831999994967
29.464831999994967
29.464831999994967
29.464831999994967
29.464831999994967
29.464831999994967
29.464831999994967
29.464831999994967
29.464831999994967
29.464831999994967
29.464831999994967
29.464831999994967
29.464831999994967
29.464831999994967
29.464831999994967
29.464831999994967
29.464831999994967
29.464831999994967
29.464831999994967
29.464831999994967
29.464831999994967
29.464831999994967
29.464831999994967
29.464831999994967
29.464831999994967
29.464831999994967
29.464831999994967
29.464831999994967
29.464831999994967
29.464831999994967
29.464831999994967
29.464831999994967
29.464831999994967
29.464831999994967
29.464831999994967
29.464831999994967
29.464831999994967
29.464831999994967
29.464831999994967
29.464831999994967
29.464831999994967
29.464831999994967
29.464831999994967
29.464831999994967
29.464831999994967
29.464831999994967
29.464831999994967
29.464831999994967
29.464831999994967
29.464831999994967
29.464831999994967
29.464831999994967
29.464831999994967
29.464831999994967
29.464831999994967
29.464831999994967
29.464831999994967
29.464831999994967
29.464831999994967
29.464831999994967
29.464831999994967
29.464831999994967
29.464831999994967
29.464831999994967
29.464831999994967
29.464831999994967
29.464831999994967
29.464831999994967
29.464831999994967
29.464831999994967
29.464831999994967
29.464831999994967
29.464831999994967
29.464831999994967
29.464831999994967
29.464831999994967
29.464831999994967
29.464831999994967
29.464831999994967
29.464831999994967
29.464831999994967
29.464831999994967
29.464831999994967
29.464831999994967
29.464831999994967
29.464831999994967
29.464831999994967
29.464831999994967
29.464831999994967
29.464831999994967
29.464831999994967
29.464831999994967
29.464831999994967
29.464831999994967
29.464831999994967
29.464831999994967
29.464831999994967
29.464831999994967
29.464831999994967
29.464831999994967
29.464831999994967
29.464831999994967
29.464831999994967
29.464831999994967
29.464831999994967
29.464831999994967
29.464831999994967
29.464831999994967
29.464831999994967
29.464831999994967
29.464831999994967
29.464831999994967
29.464831999994967
29.464831999994967
29.464831999994967
29.464831999994967
29.464831999994967
29.464831999994967
29.464831999994967
29.464831999994967
29.464831999994967
29.464831999994967
29.464831999994967
29.464831999994967
29.464831999994967
29.464831999994967
29.464831999994967
29.464831999994967
29.464831999994967
29.464831999994967
29.464831999994967
29.464831999994967
29.464831999994967
29.464831999994967
29.464831999994967
29.464831999994967
29.464831999994967
29.464831999994967
29.464831999994967
29.464831999994967
29.464831999994967
29.464831999994967
29.464831999994967
29.464831999994967
29.464831999994967
29.464831999994967
29.464831999994967
29.464831999994967
29.464831999994967
29.464831999994967
29.464831999994967
29.464831999994967
29.464831999994967
29.464831999994967
29.464831999994967
29.464831999994967
29.464831999994967
29.464831999994967
29.464831999994967
29.464831999994967
29.464831999994967
29.464831999994967
29.464831999994967
29.464831999994967
29.464831999994967
29.464831999994967
29.464831999994967
29.464831999994967
29.464831999994967
29.464831999994967
29.464831999994967
29.464831999994967
29.464831999994967
29.464831999994967
29.464831999994967
29.464831999994967
29.464831999994967
29.464831999994967
29.464831999994967
29.464831999994967
29.464831999994967
29.464831999994967
29.464831999994967
29.464831999994967
29.464831999994967
29.464831999994967
29.464831999994967
29.464831999994967
29.464831999994967
29.464831999994967
29.464831999994967
29.464831999994967
29.464831999994967
29.464831999994967
29.464831999994967
29.464831999994967
29.464831999994967
29.464831999994967
29.464831999994967
29.464831999994967
29.464831999994967
29.464831999994967
29.464831999994967
29.464831999994967
29.464831999994967
29.464831999994967
29.464831999994967
29.464831999994967
29.464831999994967
29.464831999994967
29.464831999994967
29.464831999994967
29.464831999994967
29.464831999994967
29.464831999994967
29.464831999994967
29.464831999994967
29.464831999994967
29.464831999994967
29.464831999994967
29.464831999994967
29.464831999994967
29.464831999994967
29.464831999994967
29.464831999994967
29.464831999994967
29.464831999994967
29.464831999994967
29.464831999994967
29.464831999994967
29.464831999994967
29.464831999994967
29.464831999994967
29.464831999994967
29.464831999994967
29.464831999994967
29.464831999994967
29.464831999994967
29.464831999994967
29.464831999994967
29.464831999994967
29.464831999994967
29.464831999994967
29.464831999994967
29.464831999994967
29.464831999994967
29.464831999994967
29.464831999994967
29.464831999994967
29.464831999994967
29.464831999994967
29.464831999994967
29.464831999994967
29.464831999994967
29.464831999994967
29.464831999994967
29.464831999994967
29.464831999994967
29.464831999994967
29.464831999994967
29.464831999994967
29.464831999994967
29.464831999994967
29.464831999994967
29.464831999994967
29.464831999994967
29.464831999994967
29.464831999994967
29.464831999994967
29.464831999994967
29.464831999994967
29.464831999994967
29.464831999994967
29.464831999994967
29.464831999994967
29.464831999994967
29.464831999994967
29.464831999994967
29.464831999994967
29.464831999994967
29.464831999994967
29.464831999994967
29.464831999994967
29.464831999994967
29.464831999994967
29.464831999994967
29.464831999994967
29.464831999994967
29.464831999994967
29.464831999994967
29.464831999994967
29.464831999994967
29.464831999994967
29.464831999994967
29.464831999994967
29.464831999994967
29.464831999994967
29.464831999994967
29.464831999994967
29.464831999994967
29.464831999994967
29.464831999994967
29.464831999994967
29.464831999994967
29.464831999994967
29.464831999994967
29.464831999994967
29.464831999994967
29.464831999994967
29.464831999994967
29.464831999994967
29.464831999994967
29.464831999994967
29.464831999994967
29.464831999994967
29.464831999994967
29.464831999994967
29.464831999994967
29.464831999994967
29.464831999994967
29.464831999994967
29.464831999994967
29.464831999994967
29.464831999994967
29.464831999994967
29.464831999994967
29.464831999994967
29.464831999994967
29.464831999994967
29.464831999994967
29.464831999994967
29.464831999994967
29.464831999994967
29.464831999994967
29.464831999994967
29.464831999994967
29.464831999994967
29.464831999994967
29.464831999994967
29.464831999994967
29.464831999994967
29.464831999994967
29.464831999994967
29.464831999994967
29.464831999994967
29.464831999994967
29.464831999994967
29.464831999994967
29.464831999994967
29.464831999994967
29.464831999994967
29.464831999994967
29.464831999994967
29.464831999994967
29.464831999994967
29.464831999994967
29.464831999994967
29.464831999994967
29.464831999994967
29.464831999994967
29.464831999994967
29.464831999994967
29.464831999994967
29.464831999994967
29.464831999994967
29.464831999994967
29.464831999994967
29.464831999994967
29.464831999994967
29.464831999994967
29.464831999994967
29.464831999994967
29.464831999994967
29.464831999994967
29.464831999994967
29.464831999994967
29.464831999994967
29.464831999994967
29.464831999994967
29.464831999994967
29.464831999994967
29.464831999994967
29.464831999994967
29.464831999994967
29.464831999994967
29.464831999994967
29.464831999994967
29.464831999994967
29.464831999994967
29.464831999994967
29.464831999994967
29.464831999994967
29.464831999994967
29.464831999994967
29.464831999994967
29.464831999994967
29.464831999994967
29.464831999994967
29.464831999994967
29.464831999994967
29.464831999994967
29.464831999994967
29.464831999994967
29.464831999994967
29.464831999994967
29.464831999994967
29.464831999994967
29.464831999994967
29.464831999994967
29.464831999994967
29.464831999994967
29.464831999994967
29.464831999994967
29.464831999994967
29.464831999994967
29.464831999994967
29.464831999994967
29.464831999994967
29.464831999994967
29.464831999994967
29.464831999994967
29.464831999994967
29.464831999994967
29.464831999994967
29.464831999994967
29.464831999994967
29.464831999994967
29.464831999994967
29.464831999994967
29.464831999994967
29.464831999994967
29.464831999994967
29.464831999994967
29.464831999994967
29.464831999994967
29.464831999994967
29.464831999994967
29.464831999994967
29.464831999994967
29.464831999994967
29.464831999994967
29.464831999994967
29.464831999994967
29.464831999994967
29.464831999994967
29.464831999994967
29.464831999994967
29.464831999994967
29.464831999994967
29.464831999994967
29.464831999994967
29.464831999994967
29.464831999994967
29.464831999994967
29.464831999994967
29.464831999994967
29.464831999994967
29.464831999994967
29.464831999994967
29.464831999994967
29.464831999994967
29.464831999994967
29.464831999994967
29.464831999994967
29.464831999994967
29.464831999994967
29.464831999994967
29.464831999994967
29.464831999994967
29.464831999994967
29.464831999994967
29.464831999994967
29.464831999994967
29.464831999994967
29.464831999994967
29.464831999994967
29.464831999994967
29.464831999994967
29.464831999994967
29.464831999994967
29.464831999994967
29.464831999994967
29.464831999994967
29.464831999994967
29.464831999994967
29.464831999994967
29.464831999994967
29.464831999994967
29.464831999994967
29.464831999994967
29.464831999994967
29.464831999994967
29.464831999994967
29.464831999994967
29.464831999994967
29.464831999994967
29.464831999994967
29.464831999994967
29.464831999994967
29.464831999994967
29.464831999994967
29.464831999994967
29.464831999994967
29.464831999994967
29.464831999994967
29.464831999994967
29.464831999994967
29.464831999994967
29.464831999994967
29.464831999994967
29.464831999994967
29.464831999994967
29.464831999994967
29.464831999994967
29.464831999994967
29.464831999994967
29.464831999994967
29.464831999994967
29.464831999994967
29.464831999994967
29.464831999994967
29.464831999994967
29.464831999994967
29.464831999994967
29.464831999994967
29.464831999994967
29.464831999994967
29.464831999994967
29.464831999994967
29.464831999994967
29.464831999994967
29.464831999994967
29.464831999994967
29.464831999994967
29.464831999994967
29.464831999994967
29.464831999994967
29.464831999994967
29.464831999994967
29.464831999994967
29.464831999994967
29.464831999994967
29.464831999994967
29.464831999994967
29.464831999994967
29.464831999994967
29.464831999994967
29.464831999994967
29.464831999994967
29.464831999994967
29.464831999994967
29.464831999994967
29.464831999994967
29.464831999994967
29.464831999994967
29.464831999994967
29.464831999994967
29.464831999994967
29.464831999994967
29.464831999994967
29.464831999994967
29.464831999994967
29.464831999994967
29.464831999994967
29.464831999994967
29.464831999994967
29.464831999994967
29.464831999994967
29.464831999994967
29.464831999994967
29.464831999994967
29.464831999994967
29.464831999994967
29.464831999994967
29.464831999994967
29.464831999994967
29.464831999994967
29.464831999994967
29.464831999994967
29.464831999994967
29.464831999994967
29.464831999994967
29.464831999994967
29.464831999994967
29.464831999994967
29.464831999994967
29.464831999994967
29.464831999994967
29.464831999994967
29.464831999994967
29.464831999994967
29.464831999994967
29.464831999994967
29.464831999994967
29.464831999994967
29.464831999994967
29.464831999994967
29.464831999994967
29.464831999994967
29.464831999994967
29.464831999994967
29.464831999994967
29.464831999994967
29.464831999994967
29.464831999994967
29.464831999994967
29.464831999994967
29.464831999994967
29.464831999994967
29.464831999994967
29.464831999994967
29.464831999994967
29.464831999994967
29.464831999994967
29.464831999994967
29.464831999994967
29.464831999994967
29.464831999994967
29.464831999994967
29.464831999994967
29.464831999994967
29.464831999994967
29.464831999994967
29.464831999994967
29.464831999994967
29.464831999994967
29.464831999994967
29.464831999994967
29.464831999994967
29.464831999994967
29.464831999994967
29.464831999994967
29.464831999994967
29.464831999994967
29.464831999994967
29.464831999994967
29.464831999994967
29.464831999994967
29.464831999994967
29.464831999994967
29.464831999994967
29.464831999994967
29.464831999994967
29.464831999994967
29.464831999994967
29.464831999994967
29.464831999994967
29.464831999994967
29.464831999994967
29.464831999994967
29.464831999994967
29.464831999994967
29.464831999994967
29.464831999994967
29.464831999994967
29.464831999994967
29.464831999994967
29.464831999994967
29.464831999994967
29.464831999994967
29.464831999994967
29.464831999994967
29.464831999994967
29.464831999994967
29.464831999994967
29.464831999994967
29.464831999994967
29.464831999994967
29.464831999994967
29.464831999994967
29.464831999994967
29.464831999994967
29.464831999994967
29.464831999994967
29.464831999994967
29.464831999994967
29.464831999994967
29.464831999994967
29.464831999994967
29.464831999994967
29.464831999994967
29.464831999994967
29.464831999994967
29.464831999994967
29.464831999994967
29.464831999994967
29.464831999994967
29.464831999994967
29.464831999994967
29.464831999994967
29.464831999994967
29.464831999994967
29.464831999994967
29.464831999994967
29.464831999994967
29.464831999994967
29.464831999994967
29.464831999994967
29.464831999994967
29.464831999994967
29.464831999994967
29.464831999994967
29.464831999994967
29.464831999994967
29.464831999994967
29.464831999994967
29.464831999994967
29.464831999994967
29.464831999994967
29.464831999994967
29.464831999994967
29.464831999994967
29.464831999994967
29.464831999994967
29.464831999994967
29.464831999994967
29.464831999994967
29.464831999994967
29.464831999994967
29.464831999994967
29.464831999994967
29.464831999994967
29.464831999994967
29.464831999994967
29.464831999994967
29.464831999994967
29.464831999994967
29.464831999994967
29.464831999994967
29.464831999994967
29.464831999994967
29.464831999994967
29.464831999994967
29.464831999994967
29.464831999994967
29.464831999994967
29.464831999994967
29.464831999994967
29.464831999994967
29.464831999994967
29.464831999994967
29.464831999994967
29.464831999994967
29.464831999994967
29.464831999994967
29.464831999994967
29.464831999994967
29.464831999994967
29.464831999994967
29.464831999994967
29.464831999994967
29.464831999994967
29.464831999994967
29.464831999994967
29.464831999994967
29.464831999994967
29.464831999994967
29.464831999994967
29.464831999994967
29.464831999994967
29.464831999994967
29.464831999994967
29.464831999994967
29.464831999994967
29.464831999994967
29.464831999994967
29.464831999994967
29.464831999994967
29.464831999994967
29.464831999994967
29.464831999994967
29.464831999994967
29.464831999994967
29.464831999994967
29.464831999994967
29.464831999994967
29.464831999994967
29.464831999994967
29.464831999994967
29.464831999994967
29.464831999994967
29.464831999994967
29.464831999994967
29.464831999994967
29.464831999994967
29.464831999994967
29.464831999994967
29.464831999994967
29.464831999994967
29.464831999994967
29.464831999994967
29.464831999994967
29.464831999994967
29.464831999994967
29.464831999994967
29.464831999994967
29.464831999994967
29.464831999994967
29.464831999994967
29.464831999994967
29.464831999994967
29.464831999994967
29.464831999994967
29.464831999994967
29.464831999994967
29.464831999994967
29.464831999994967
29.464831999994967
29.464831999994967
29.464831999994967
29.464831999994967
29.464831999994967
29.464831999994967
29.464831999994967
29.464831999994967
29.464831999994967
29.464831999994967
29.464831999994967
29.464831999994967
29.464831999994967
29.464831999994967
29.464831999994967
29.464831999994967
29.464831999994967
29.464831999994967
29.464831999994967
29.464831999994967
29.464831999994967
29.464831999994967
29.464831999994967
29.464831999994967
29.464831999994967
29.464831999994967
29.464831999994967
29.464831999994967
29.464831999994967
29.464831999994967
29.464831999994967
29.464831999994967
29.464831999994967
29.464831999994967
29.464831999994967
29.464831999994967
29.464831999994967
29.464831999994967
29.464831999994967
29.464831999994967
29.464831999994967
29.464831999994967
29.464831999994967
29.464831999994967
29.464831999994967
29.464831999994967
29.464831999994967
29.464831999994967
29.464831999994967
29.464831999994967
29.464831999994967
29.464831999994967
29.464831999994967
29.464831999994967
29.464831999994967
29.464831999994967
29.464831999994967
29.464831999994967
29.464831999994967
29.464831999994967
29.464831999994967
29.464831999994967
29.464831999994967
29.464831999994967
29.464831999994967
29.464831999994967
29.464831999994967
29.464831999994967
29.464831999994967
29.464831999994967
29.464831999994967
29.464831999994967
29.464831999994967
29.464831999994967
29.464831999994967
29.464831999994967
29.464831999994967
29.464831999994967
29.464831999994967
29.464831999994967
29.464831999994967
29.464831999994967
29.464831999994967
29.464831999994967
29.464831999994967
29.464831999994967
29.464831999994967
29.464831999994967
29.464831999994967
29.464831999994967
29.464831999994967
29.464831999994967
29.464831999994967
29.464831999994967
29.464831999994967
29.464831999994967
29.464831999994967
29.464831999994967
29.464831999994967
29.464831999994967
29.464831999994967
29.464831999994967
29.464831999994967
29.464831999994967
29.464831999994967
29.464831999994967
29.464831999994967
29.464831999994967
29.464831999994967
29.464831999994967
29.464831999994967
29.464831999994967
29.464831999994967
29.464831999994967
29.464831999994967
29.464831999994967
29.464831999994967
29.464831999994967
29.464831999994967
29.464831999994967
29.464831999994967
29.464831999994967
29.464831999994967
29.464831999994967
29.464831999994967
29.464831999994967
29.464831999994967
29.464831999994967
29.464831999994967
29.464831999994967
29.464831999994967
29.464831999994967
29.464831999994967
29.464831999994967
29.464831999994967
29.464831999994967
29.464831999994967
29.464831999994967
29.464831999994967
29.464831999994967
29.464831999994967
29.464831999994967
29.464831999994967
29.464831999994967
29.464831999994967
29.464831999994967
29.464831999994967
29.464831999994967
29.464831999994967
29.464831999994967
29.464831999994967
29.464831999994967
29.464831999994967
29.464831999994967
29.464831999994967
29.464831999994967
29.464831999994967
29.464831999994967
29.464831999994967
29.464831999994967
29.464831999994967
29.464831999994967
29.464831999994967
29.464831999994967
29.464831999994967
29.464831999994967
29.464831999994967
29.464831999994967
29.464831999994967
29.464831999994967
29.464831999994967
29.464831999994967
29.464831999994967
29.464831999994967
29.464831999994967
29.464831999994967
29.464831999994967
29.464831999994967
29.464831999994967
29.464831999994967
29.464831999994967
29.464831999994967
29.464831999994967
29.464831999994967
29.464831999994967
29.464831999994967
29.464831999994967
29.464831999994967
29.464831999994967
29.464831999994967
29.464831999994967
29.464831999994967
29.464831999994967
29.464831999994967
29.464831999994967
29.464831999994967
29.464831999994967
29.464831999994967
29.464831999994967
29.464831999994967
29.464831999994967
29.464831999994967
29.464831999994967
29.464831999994967
29.464831999994967
29.464831999994967
29.464831999994967
29.464831999994967
29.464831999994967
29.464831999994967
29.464831999994967
29.464831999994967
29.464831999994967
29.464831999994967
29.464831999994967
29.464831999994967
29.464831999994967
29.464831999994967
29.464831999994967
29.464831999994967
29.464831999994967
29.464831999994967
29.464831999994967
29.464831999994967
29.464831999994967
29.464831999994967
29.464831999994967
29.464831999994967
29.464831999994967
29.464831999994967
29.464831999994967
29.464831999994967
29.464831999994967
29.464831999994967
29.464831999994967
29.464831999994967
29.464831999994967
29.464831999994967
29.464831999994967
29.464831999994967
29.464831999994967
29.464831999994967
29.464831999994967
29.464831999994967
29.464831999994967
29.464831999994967
29.464831999994967
29.464831999994967
29.464831999994967
29.464831999994967
29.464831999994967
29.464831999994967
29.464831999994967
29.464831999994967
29.464831999994967
29.464831999994967
29.464831999994967
29.464831999994967
29.464831999994967
29.464831999994967
29.464831999994967
29.464831999994967
29.464831999994967
29.464831999994967
29.464831999994967
29.464831999994967
29.464831999994967
29.464831999994967
29.464831999994967
29.464831999994967
29.464831999994967
29.464831999994967
29.464831999994967
29.464831999994967
29.464831999994967
29.464831999994967
29.464831999994967
29.464831999994967
29.464831999994967
29.464831999994967
29.464831999994967
29.464831999994967
29.464831999994967
29.464831999994967
29.464831999994967
29.464831999994967
29.464831999994967
29.464831999994967
29.464831999994967
29.464831999994967
29.464831999994967
29.464831999994967
29.464831999994967
29.464831999994967
29.464831999994967
29.464831999994967
29.464831999994967
29.464831999994967
29.464831999994967
29.464831999994967
29.464831999994967
29.464831999994967
29.464831999994967
29.464831999994967
29.464831999994967
29.464831999994967
29.464831999994967
29.464831999994967
29.464831999994967
29.464831999994967
29.464831999994967
29.464831999994967
29.464831999994967
29.464831999994967
29.464831999994967
29.464831999994967
29.464831999994967
29.464831999994967
29.464831999994967
29.464831999994967
29.464831999994967
29.464831999994967
29.464831999994967
29.464831999994967
29.464831999994967
29.464831999994967
29.464831999994967
29.464831999994967
29.464831999994967
29.464831999994967
29.464831999994967
29.464831999994967
29.464831999994967
29.464831999994967
29.464831999994967
29.464831999994967
29.464831999994967
29.464831999994967
29.464831999994967
29.464831999994967
29.464831999994967
29.464831999994967
29.464831999994967
29.464831999994967
29.464831999994967
29.464831999994967
29.464831999994967
29.464831999994967
29.464831999994967
29.464831999994967
29.464831999994967
29.464831999994967
29.464831999994967
29.464831999994967
29.464831999994967
29.464831999994967
29.464831999994967
29.464831999994967
29.464831999994967
29.464831999994967
29.464831999994967
29.464831999994967
29.464831999994967
29.464831999994967
29.464831999994967
29.464831999994967
29.464831999994967
29.464831999994967
29.464831999994967
29.464831999994967
29.464831999994967
29.464831999994967
29.464831999994967
29.464831999994967
29.464831999994967
29.464831999994967
29.464831999994967
29.464831999994967
29.464831999994967
29.464831999994967
29.464831999994967
29.464831999994967
29.464831999994967
29.464831999994967
29.464831999994967
29.464831999994967
29.464831999994967
29.464831999994967
29.464831999994967
29.464831999994967
29.464831999994967
29.464831999994967
29.464831999994967
29.464831999994967
29.464831999994967
29.464831999994967
29.464831999994967
29.464831999994967
29.464831999994967
29.464831999994967
29.464831999994967
29.464831999994967
29.464831999994967
29.464831999994967
29.464831999994967
29.464831999994967
29.464831999994967
29.464831999994967
29.464831999994967
29.464831999994967
29.464831999994967
29.464831999994967
29.464831999994967
29.464831999994967
29.464831999994967
29.464831999994967
29.464831999994967
29.464831999994967
29.464831999994967
29.464831999994967
29.464831999994967
29.464831999994967
29.464831999994967
29.464831999994967
29.464831999994967
29.464831999994967
29.464831999994967
29.464831999994967
29.464831999994967
29.464831999994967
29.464831999994967
29.464831999994967
29.464831999994967
29.464831999994967
29.464831999994967
29.464831999994967
29.464831999994967
29.464831999994967
29.464831999994967
29.464831999994967
29.464831999994967
29.464831999994967
29.464831999994967
29.464831999994967
29.464831999994967
29.464831999994967
29.464831999994967
29.464831999994967
29.464831999994967
29.464831999994967
29.464831999994967
29.464831999994967
29.464831999994967
29.464831999994967
29.464831999994967
29.464831999994967
29.464831999994967
29.464831999994967
29.464831999994967
29.464831999994967
29.464831999994967
29.464831999994967
29.464831999994967
29.464831999994967
29.464831999994967
29.464831999994967
29.464831999994967
29.464831999994967
29.464831999994967
29.464831999994967
29.464831999994967
29.464831999994967
29.464831999994967
29.464831999994967
29.464831999994967
29.464831999994967
29.464831999994967
29.464831999994967
29.464831999994967
29.464831999994967
29.464831999994967
29.464831999994967
29.464831999994967
29.464831999994967
29.464831999994967
29.464831999994967
29.464831999994967
29.464831999994967
29.464831999994967
29.464831999994967
29.464831999994967
29.464831999994967
29.464831999994967
29.464831999994967
29.464831999994967
29.464831999994967
29.464831999994967
29.464831999994967
29.464831999994967
29.464831999994967
29.464831999994967
29.464831999994967
29.464831999994967
29.464831999994967
29.464831999994967
29.464831999994967
29.464831999994967
29.464831999994967
29.464831999994967
29.464831999994967
29.464831999994967
29.464831999994967
29.464831999994967
29.464831999994967
29.464831999994967
29.464831999994967
29.464831999994967
29.464831999994967
29.464831999994967
29.464831999994967
29.464831999994967
29.464831999994967
29.464831999994967
29.464831999994967
29.464831999994967
29.464831999994967
29.464831999994967
29.464831999994967
29.464831999994967
29.464831999994967
29.464831999994967
29.464831999994967
29.464831999994967
29.464831999994967
29.464831999994967
29.464831999994967
29.464831999994967
29.464831999994967
29.464831999994967
29.464831999994967
29.464831999994967
29.464831999994967
29.464831999994967
29.464831999994967
29.464831999994967
29.464831999994967
29.464831999994967
29.464831999994967
29.464831999994967
29.464831999994967
29.464831999994967
29.464831999994967
29.464831999994967
29.464831999994967
29.464831999994967
29.464831999994967
29.464831999994967
29.464831999994967
29.464831999994967
29.464831999994967
29.464831999994967
29.464831999994967
29.464831999994967
29.464831999994967
29.464831999994967
29.464831999994967
29.464831999994967
29.464831999994967
29.464831999994967
29.464831999994967
29.464831999994967
29.464831999994967
29.464831999994967
29.464831999994967
29.464831999994967
29.464831999994967
29.464831999994967
29.464831999994967
29.464831999994967
29.464831999994967
29.464831999994967
29.464831999994967
29.464831999994967
29.464831999994967
29.464831999994967
29.464831999994967
29.464831999994967
29.464831999994967
29.464831999994967
29.464831999994967
29.464831999994967
29.464831999994967
29.464831999994967
29.464831999994967
29.464831999994967
29.464831999994967
29.464831999994967
29.464831999994967
29.464831999994967
29.464831999994967
29.464831999994967
29.464831999994967
29.464831999994967
29.464831999994967
29.464831999994967
29.464831999994967
29.464831999994967
29.464831999994967
29.464831999994967
29.464831999994967
29.464831999994967
29.464831999994967
29.464831999994967
29.464831999994967
29.464831999994967
29.464831999994967
29.464831999994967
29.464831999994967
29.464831999994967
29.464831999994967
29.464831999994967
29.464831999994967
29.464831999994967
29.464831999994967
29.464831999994967
29.464831999994967
29.464831999994967
29.464831999994967
29.464831999994967
29.464831999994967
29.464831999994967
29.464831999994967
29.464831999994967
29.464831999994967
29.464831999994967
29.464831999994967
29.464831999994967
29.464831999994967
29.464831999994967
29.464831999994967
29.464831999994967
29.464831999994967
29.464831999994967
29.464831999994967
29.464831999994967
29.464831999994967
29.464831999994967
29.464831999994967
29.464831999994967
29.464831999994967
29.464831999994967
29.464831999994967
29.464831999994967
29.464831999994967
29.464831999994967
29.464831999994967
29.464831999994967
29.464831999994967
29.464831999994967
29.464831999994967
29.464831999994967
29.464831999994967
29.464831999994967
29.464831999994967
29.464831999994967
29.464831999994967
29.464831999994967
29.464831999994967
29.464831999994967
29.464831999994967
29.464831999994967
29.464831999994967
29.464831999994967
29.464831999994967
29.464831999994967
29.464831999994967
29.464831999994967
29.464831999994967
29.464831999994967
29.464831999994967
29.464831999994967
29.464831999994967
29.464831999994967
29.464831999994967
29.464831999994967
29.464831999994967
29.464831999994967
29.464831999994967
29.464831999994967
29.464831999994967
29.464831999994967
29.464831999994967
29.464831999994967
29.464831999994967
29.464831999994967
29.464831999994967
29.464831999994967
29.464831999994967
29.464831999994967
29.464831999994967
29.464831999994967
29.464831999994967
29.464831999994967
29.464831999994967
29.464831999994967
29.464831999994967
29.464831999994967
29.464831999994967
29.464831999994967
29.464831999994967
29.464831999994967
29.464831999994967
29.464831999994967
29.464831999994967
29.464831999994967
29.464831999994967
29.464831999994967
29.464831999994967
29.464831999994967
29.464831999994967
29.464831999994967
29.464831999994967
29.464831999994967
29.464831999994967
29.464831999994967
29.464831999994967
29.464831999994967
29.464831999994967
29.464831999994967
29.464831999994967
29.464831999994967
29.464831999994967
29.464831999994967
29.464831999994967
29.464831999994967
29.464831999994967
29.464831999994967
29.464831999994967
29.464831999994967
29.464831999994967
29.464831999994967
29.464831999994967
29.464831999994967
29.464831999994967
29.464831999994967
29.464831999994967
29.464831999994967
29.464831999994967
29.464831999994967
29.464831999994967
29.464831999994967
29.464831999994967
29.464831999994967
29.464831999994967
29.464831999994967
29.464831999994967
29.464831999994967
29.464831999994967
29.464831999994967
29.464831999994967
29.464831999994967
29.464831999994967
29.464831999994967
29.464831999994967
29.464831999994967
29.464831999994967
29.464831999994967
29.464831999994967
29.464831999994967
29.464831999994967
29.464831999994967
29.464831999994967
29.464831999994967
29.464831999994967
29.464831999994967
29.464831999994967
29.464831999994967
29.464831999994967
29.464831999994967
29.464831999994967
29.464831999994967
29.464831999994967
29.464831999994967
29.464831999994967
29.464831999994967
29.464831999994967
29.464831999994967
29.464831999994967
29.464831999994967
29.464831999994967
29.464831999994967
29.464831999994967
29.464831999994967
29.464831999994967
29.464831999994967
29.464831999994967
29.464831999994967
29.464831999994967
29.464831999994967
29.464831999994967
29.464831999994967
29.464831999994967
29.464831999994967
29.464831999994967
29.464831999994967
29.464831999994967
29.464831999994967
29.464831999994967
29.464831999994967
29.464831999994967
29.464831999994967
29.464831999994967
29.464831999994967
29.464831999994967
29.464831999994967
29.464831999994967
29.464831999994967
29.464831999994967
29.464831999994967
29.464831999994967
29.464831999994967
29.464831999994967
29.464831999994967
29.464831999994967
29.464831999994967
29.464831999994967
29.464831999994967
29.464831999994967
29.464831999994967
29.464831999994967
29.464831999994967
29.464831999994967
29.464831999994967
29.464831999994967
29.464831999994967
29.464831999994967
29.464831999994967
29.464831999994967
29.464831999994967
29.464831999994967
29.464831999994967
29.464831999994967
29.464831999994967
29.464831999994967
29.464831999994967
29.464831999994967
29.464831999994967
29.464831999994967
29.464831999994967
29.464831999994967
29.464831999994967
29.464831999994967
29.464831999994967
29.464831999994967
29.464831999994967
29.464831999994967
29.464831999994967
29.464831999994967
29.464831999994967
29.464831999994967
29.464831999994967
29.464831999994967
29.464831999994967
29.464831999994967
29.464831999994967
29.464831999994967
29.464831999994967
29.464831999994967
29.464831999994967
29.464831999994967
29.464831999994967
29.464831999994967
29.464831999994967
29.464831999994967
29.464831999994967
29.464831999994967
29.464831999994967
29.464831999994967
29.464831999994967
29.464831999994967
29.464831999994967
29.464831999994967
29.464831999994967
29.464831999994967
29.464831999994967
29.464831999994967
29.464831999994967
29.464831999994967
29.464831999994967
29.464831999994967
29.464831999994967
29.464831999994967
29.464831999994967
29.464831999994967
29.464831999994967
29.464831999994967
29.464831999994967
29.464831999994967
29.464831999994967
29.464831999994967
29.464831999994967
29.464831999994967
29.464831999994967
29.464831999994967
29.464831999994967
29.464831999994967
29.464831999994967
29.464831999994967
29.464831999994967
29.464831999994967
29.464831999994967
29.464831999994967
29.464831999994967
29.464831999994967
29.464831999994967
29.464831999994967
29.464831999994967
29.464831999994967
29.464831999994967
29.464831999994967
29.464831999994967
29.464831999994967
29.464831999994967
29.464831999994967
29.464831999994967
29.464831999994967
29.464831999994967
29.464831999994967
29.464831999994967
29.464831999994967
29.464831999994967
29.464831999994967
29.464831999994967
29.464831999994967
29.464831999994967
29.464831999994967
29.464831999994967
29.464831999994967
29.464831999994967
29.464831999994967
29.464831999994967
29.464831999994967
29.464831999994967
29.464831999994967
29.464831999994967
29.464831999994967
29.464831999994967
29.464831999994967
29.464831999994967
29.464831999994967
29.464831999994967
29.464831999994967
29.464831999994967
29.464831999994967
29.464831999994967
29.464831999994967
29.464831999994967
29.464831999994967
29.464831999994967
29.464831999994967
29.464831999994967
29.464831999994967
29.464831999994967
29.464831999994967
29.464831999994967
29.464831999994967
29.464831999994967
29.464831999994967
29.464831999994967
29.464831999994967
29.464831999994967
29.464831999994967
29.464831999994967
29.464831999994967
29.464831999994967
29.464831999994967
29.464831999994967
29.464831999994967
29.464831999994967
29.464831999994967
29.464831999994967
29.464831999994967
29.464831999994967
29.464831999994967
29.464831999994967
29.464831999994967
29.464831999994967
29.464831999994967
29.464831999994967
29.464831999994967
29.464831999994967
29.464831999994967
29.464831999994967
29.464831999994967
29.464831999994967
29.464831999994967
29.464831999994967
29.464831999994967
29.464831999994967
29.464831999994967
29.464831999994967
29.464831999994967
29.464831999994967
29.464831999994967
29.464831999994967
29.464831999994967
29.464831999994967
29.464831999994967
29.464831999994967
29.464831999994967
29.464831999994967
29.464831999994967
29.464831999994967
29.464831999994967
29.464831999994967
29.464831999994967
29.464831999994967
29.464831999994967
29.464831999994967
29.464831999994967
29.464831999994967
29.464831999994967
29.464831999994967
29.464831999994967
29.464831999994967
29.464831999994967
29.464831999994967
29.464831999994967
29.464831999994967
29.464831999994967
29.464831999994967
29.464831999994967
29.464831999994967
29.464831999994967
29.464831999994967
29.464831999994967
29.464831999994967
29.464831999994967
29.464831999994967
29.464831999994967
29.464831999994967
29.464831999994967
29.464831999994967
29.464831999994967
29.464831999994967
29.464831999994967
29.464831999994967
29.464831999994967
29.464831999994967
29.464831999994967
29.464831999994967
29.464831999994967
29.464831999994967
29.464831999994967
29.464831999994967
29.464831999994967
29.464831999994967
29.464831999994967
29.464831999994967
29.464831999994967
29.464831999994967
29.464831999994967
29.464831999994967
29.464831999994967
29.464831999994967
29.464831999994967
29.464831999994967
29.464831999994967
29.464831999994967
29.464831999994967
29.464831999994967
29.464831999994967
29.464831999994967
29.464831999994967
29.464831999994967
29.464831999994967
29.464831999994967
29.464831999994967
29.464831999994967
29.464831999994967
29.464831999994967
29.464831999994967
29.464831999994967
29.464831999994967
29.464831999994967
29.464831999994967
29.464831999994967
29.464831999994967
29.464831999994967
29.464831999994967
29.464831999994967
29.464831999994967
29.464831999994967
29.464831999994967
29.464831999994967
29.464831999994967
29.464831999994967
29.464831999994967
29.464831999994967
29.464831999994967
29.464831999994967
29.464831999994967
29.464831999994967
29.464831999994967
29.464831999994967
29.464831999994967
29.464831999994967
29.464831999994967
29.464831999994967
29.464831999994967
29.464831999994967
29.464831999994967
29.464831999994967
29.464831999994967
29.464831999994967
29.464831999994967
29.464831999994967
29.464831999994967
29.464831999994967
29.464831999994967
29.464831999994967
29.464831999994967
29.464831999994967
29.464831999994967
29.464831999994967
29.464831999994967
29.464831999994967
29.464831999994967
29.464831999994967
29.464831999994967
29.464831999994967
29.464831999994967
29.464831999994967
29.464831999994967
29.464831999994967
29.464831999994967
29.464831999994967
29.464831999994967
29.464831999994967
29.464831999994967
29.464831999994967
29.464831999994967
29.464831999994967
29.464831999994967
29.464831999994967
29.464831999994967
29.464831999994967
29.464831999994967
29.464831999994967
29.464831999994967
29.464831999994967
29.464831999994967
29.464831999994967
29.464831999994967
29.464831999994967
29.464831999994967
29.464831999994967
29.464831999994967
29.464831999994967
29.464831999994967
29.464831999994967
29.464831999994967
29.464831999994967
29.464831999994967
29.464831999994967
29.464831999994967
29.464831999994967
29.464831999994967
29.464831999994967
29.464831999994967
29.464831999994967
29.464831999994967
29.464831999994967
29.464831999994967
29.464831999994967
29.464831999994967
29.464831999994967
29.464831999994967
29.464831999994967
29.464831999994967
29.464831999994967
29.464831999994967
29.464831999994967
29.464831999994967
29.464831999994967
29.464831999994967
29.464831999994967
29.464831999994967
29.464831999994967
29.464831999994967
29.464831999994967
29.464831999994967
29.464831999994967
29.464831999994967
29.464831999994967
29.464831999994967
29.464831999994967
29.464831999994967
29.464831999994967
29.464831999994967
29.464831999994967
29.464831999994967
29.464831999994967
29.464831999994967
29.464831999994967
29.464831999994967
29.464831999994967
29.464831999994967
29.464831999994967
29.464831999994967
29.464831999994967
29.464831999994967
29.464831999994967
29.464831999994967
29.464831999994967
29.464831999994967
29.464831999994967
29.464831999994967
29.464831999994967
29.464831999994967
29.464831999994967
29.464831999994967
29.464831999994967
29.464831999994967
29.464831999994967
29.464831999994967
29.464831999994967
29.464831999994967
29.464831999994967
29.464831999994967
29.464831999994967
29.464831999994967
29.464831999994967
29.464831999994967
29.464831999994967
29.464831999994967
29.464831999994967
29.464831999994967
29.464831999994967
29.464831999994967
29.464831999994967
29.464831999994967
29.464831999994967
29.464831999994967
29.464831999994967
29.464831999994967
29.464831999994967
29.464831999994967
29.464831999994967
29.464831999994967
29.464831999994967
29.464831999994967
29.464831999994967
29.464831999994967
29.464831999994967
29.464831999994967
29.464831999994967
29.464831999994967
29.464831999994967
29.464831999994967
29.464831999994967
29.464831999994967
29.464831999994967
29.464831999994967
29.464831999994967
29.464831999994967
29.464831999994967
29.464831999994967
29.464831999994967
29.464831999994967
29.464831999994967
29.464831999994967
29.464831999994967
29.464831999994967
29.464831999994967
29.464831999994967
29.464831999994967
29.464831999994967
29.464831999994967
29.464831999994967
29.464831999994967
29.464831999994967
29.464831999994967
29.464831999994967
29.464831999994967
29.464831999994967
29.464831999994967
29.464831999994967
29.464831999994967
29.464831999994967
29.464831999994967
29.464831999994967
29.464831999994967
29.464831999994967
29.464831999994967
29.464831999994967
29.464831999994967
29.464831999994967
29.464831999994967
29.464831999994967
29.464831999994967
29.464831999994967
29.464831999994967
29.464831999994967
29.464831999994967
29.464831999994967
29.464831999994967
29.464831999994967
29.464831999994967
29.464831999994967
29.464831999994967
29.464831999994967
29.464831999994967
29.464831999994967
29.464831999994967
29.464831999994967
29.464831999994967
29.464831999994967
29.464831999994967
29.464831999994967
29.464831999994967
29.464831999994967
29.464831999994967
29.464831999994967
29.464831999994967
29.464831999994967
29.464831999994967
29.464831999994967
29.464831999994967
29.464831999994967
29.464831999994967
29.464831999994967
29.464831999994967
29.464831999994967
29.464831999994967
29.464831999994967
29.464831999994967
29.464831999994967
29.464831999994967
29.464831999994967
29.464831999994967
29.464831999994967
29.464831999994967
29.464831999994967
29.464831999994967
29.464831999994967
29.464831999994967
29.464831999994967
29.464831999994967
29.464831999994967
29.464831999994967
29.464831999994967
29.464831999994967
29.464831999994967
29.464831999994967
29.464831999994967
29.464831999994967
29.464831999994967
29.464831999994967
29.464831999994967
29.464831999994967
29.464831999994967
29.464831999994967
29.464831999994967
29.464831999994967
29.464831999994967
29.464831999994967
29.464831999994967
29.464831999994967
29.464831999994967
29.464831999994967
29.464831999994967
29.464831999994967
29.464831999994967
29.464831999994967
29.464831999994967
29.464831999994967
29.464831999994967
29.464831999994967
29.464831999994967
29.464831999994967
29.464831999994967
29.464831999994967
29.464831999994967
29.464831999994967
29.464831999994967
29.464831999994967
29.464831999994967
29.464831999994967
29.464831999994967
29.464831999994967
29.464831999994967
29.464831999994967
29.464831999994967
29.464831999994967
29.464831999994967
29.464831999994967
29.464831999994967
29.464831999994967
29.464831999994967
29.464831999994967
29.464831999994967
29.464831999994967
29.464831999994967
29.464831999994967
29.464831999994967
29.464831999994967
29.464831999994967
29.464831999994967
29.464831999994967
29.464831999994967
29.464831999994967
29.464831999994967
29.464831999994967
29.464831999994967
29.464831999994967
29.464831999994967
29.464831999994967
29.464831999994967
29.464831999994967
29.464831999994967
29.464831999994967
29.464831999994967
29.464831999994967
29.464831999994967
29.464831999994967
29.464831999994967
29.464831999994967
29.464831999994967
29.464831999994967
29.464831999994967
29.464831999994967
29.464831999994967
29.464831999994967
29.464831999994967
29.464831999994967
29.464831999994967
29.464831999994967
29.464831999994967
29.464831999994967
29.464831999994967
29.464831999994967
29.464831999994967
29.464831999994967
29.464831999994967
29.464831999994967
29.464831999994967
29.464831999994967
29.464831999994967
29.464831999994967
29.464831999994967
29.464831999994967
29.464831999994967
29.464831999994967
29.464831999994967
29.464831999994967
29.464831999994967
29.464831999994967
29.464831999994967
29.464831999994967
29.464831999994967
29.464831999994967
29.464831999994967
29.464831999994967
29.464831999994967
29.464831999994967
29.464831999994967
29.464831999994967
29.464831999994967
29.464831999994967
29.464831999994967
29.464831999994967
29.464831999994967
29.464831999994967
29.464831999994967
29.464831999994967
29.464831999994967
29.464831999994967
29.464831999994967
29.464831999994967
29.464831999994967
29.464831999994967
29.464831999994967
29.464831999994967
29.464831999994967
29.464831999994967
29.464831999994967
29.464831999994967
29.464831999994967
29.464831999994967
29.464831999994967
29.464831999994967
29.464831999994967
29.464831999994967
29.464831999994967
29.464831999994967
29.464831999994967
29.464831999994967
29.464831999994967
29.464831999994967
29.464831999994967
29.464831999994967
29.464831999994967
29.464831999994967
29.464831999994967
29.464831999994967
29.464831999994967
29.464831999994967
29.464831999994967
29.464831999994967
29.464831999994967
29.464831999994967
29.464831999994967
29.464831999994967
29.464831999994967
29.464831999994967
29.464831999994967
29.464831999994967
29.464831999994967
29.464831999994967
29.464831999994967
29.464831999994967
29.464831999994967
29.464831999994967
29.464831999994967
29.464831999994967
29.464831999994967
29.464831999994967
29.464831999994967
29.464831999994967
29.464831999994967
29.464831999994967
29.464831999994967
29.464831999994967
29.464831999994967
29.464831999994967
29.464831999994967
29.464831999994967
29.464831999994967
29.464831999994967
29.464831999994967
29.464831999994967
29.464831999994967
29.464831999994967
29.464831999994967
29.464831999994967
29.464831999994967
29.464831999994967
29.464831999994967
29.464831999994967
29.464831999994967
29.464831999994967
29.464831999994967
29.464831999994967
29.464831999994967
29.464831999994967
29.464831999994967
29.464831999994967
29.464831999994967
29.464831999994967
29.464831999994967
29.464831999994967
29.464831999994967
29.464831999994967
29.464831999994967
29.464831999994967
29.464831999994967
29.464831999994967
29.464831999994967
29.464831999994967
29.464831999994967
29.464831999994967
29.464831999994967
29.464831999994967
29.464831999994967
29.464831999994967
29.464831999994967
29.464831999994967
29.464831999994967
29.464831999994967
29.464831999994967
29.464831999994967
29.464831999994967
29.464831999994967
29.464831999994967
29.464831999994967
29.464831999994967
29.464831999994967
29.464831999994967
29.464831999994967
29.464831999994967
29.464831999994967
29.464831999994967
29.464831999994967
29.464831999994967
29.464831999994967
29.464831999994967
29.464831999994967
29.464831999994967
29.464831999994967
29.464831999994967
29.464831999994967
29.464831999994967
29.464831999994967
29.464831999994967
29.464831999994967
29.464831999994967
29.464831999994967
29.464831999994967
29.464831999994967
29.464831999994967
29.464831999994967
29.464831999994967
29.464831999994967
29.464831999994967
29.464831999994967
29.464831999994967
29.464831999994967
29.464831999994967
29.464831999994967
29.464831999994967
29.464831999994967
29.464831999994967
29.464831999994967
29.464831999994967
29.464831999994967
29.464831999994967
29.464831999994967
29.464831999994967
29.464831999994967
29.464831999994967
29.464831999994967
29.464831999994967
29.464831999994967
29.464831999994967
29.464831999994967
29.464831999994967
29.464831999994967
29.464831999994967
29.464831999994967
29.464831999994967
29.464831999994967
29.464831999994967
29.464831999994967
29.464831999994967
29.464831999994967
29.464831999994967
29.464831999994967
29.464831999994967
29.464831999994967
29.464831999994967
29.464831999994967
29.464831999994967
29.464831999994967
29.464831999994967
29.464831999994967
29.464831999994967
29.464831999994967
29.464831999994967
29.464831999994967
29.464831999994967
29.464831999994967
29.464831999994967
29.464831999994967
29.464831999994967
29.464831999994967
29.464831999994967
29.464831999994967
29.464831999994967
29.464831999994967
29.464831999994967
29.464831999994967
29.464831999994967
29.464831999994967
29.464831999994967
29.464831999994967
29.464831999994967
29.464831999994967
29.464831999994967
29.464831999994967
29.464831999994967
29.464831999994967
29.464831999994967
29.464831999994967
29.464831999994967
29.464831999994967
29.464831999994967
29.464831999994967
29.464831999994967
29.464831999994967
29.464831999994967
29.464831999994967
29.464831999994967
29.464831999994967
29.464831999994967
29.464831999994967
29.464831999994967
29.464831999994967
29.464831999994967
29.464831999994967
29.464831999994967
29.464831999994967
29.464831999994967
29.464831999994967
29.464831999994967
29.464831999994967
29.464831999994967
29.464831999994967
29.464831999994967
29.464831999994967
29.464831999994967
29.464831999994967
29.464831999994967
29.464831999994967
29.464831999994967
29.464831999994967
29.464831999994967
29.464831999994967
29.464831999994967
29.464831999994967
29.464831999994967
29.464831999994967
29.464831999994967
29.464831999994967
29.464831999994967
29.464831999994967
29.464831999994967
29.464831999994967
29.464831999994967
29.464831999994967
29.464831999994967
29.464831999994967
29.464831999994967
29.464831999994967
29.464831999994967
29.464831999994967
29.464831999994967
29.464831999994967
29.464831999994967
29.464831999994967
29.464831999994967
29.464831999994967
29.464831999994967
29.464831999994967
29.464831999994967
29.464831999994967
29.464831999994967
29.464831999994967
29.464831999994967
29.464831999994967
29.464831999994967
29.464831999994967
29.464831999994967
29.464831999994967
29.464831999994967
29.464831999994967
29.464831999994967
29.464831999994967
29.464831999994967
29.464831999994967
29.464831999994967
29.464831999994967
29.464831999994967
29.464831999994967
29.464831999994967
29.464831999994967
29.464831999994967
29.464831999994967
29.464831999994967
29.464831999994967
29.464831999994967
29.464831999994967
29.464831999994967
29.464831999994967
29.464831999994967
29.464831999994967
29.464831999994967
29.464831999994967
29.464831999994967
29.464831999994967
29.464831999994967
29.464831999994967
29.464831999994967
29.464831999994967
29.464831999994967
29.464831999994967
29.464831999994967
29.464831999994967
29.464831999994967
29.464831999994967
29.464831999994967
29.464831999994967
29.464831999994967
29.464831999994967
29.464831999994967
29.464831999994967
29.464831999994967
29.464831999994967
29.464831999994967
29.464831999994967
29.464831999994967
29.464831999994967
29.464831999994967
29.464831999994967
29.464831999994967
29.464831999994967
29.464831999994967
29.464831999994967
29.464831999994967
29.464831999994967
29.464831999994967
29.464831999994967
29.464831999994967
29.464831999994967
29.464831999994967
29.464831999994967
29.464831999994967
29.464831999994967
29.464831999994967
29.464831999994967
29.464831999994967
29.464831999994967
29.464831999994967
29.464831999994967
29.464831999994967
29.464831999994967
29.464831999994967
29.464831999994967
29.464831999994967
29.464831999994967
29.464831999994967
29.464831999994967
29.464831999994967
29.464831999994967
29.464831999994967
29.464831999994967
29.464831999994967
29.464831999994967
29.464831999994967
29.464831999994967
29.464831999994967
29.464831999994967
29.464831999994967
29.464831999994967
29.464831999994967
29.464831999994967
29.464831999994967
29.464831999994967
29.464831999994967
29.464831999994967
29.464831999994967
29.464831999994967
29.464831999994967
29.464831999994967
29.464831999994967
29.464831999994967
29.464831999994967
29.464831999994967
29.464831999994967
29.464831999994967
29.464831999994967
29.464831999994967
29.464831999994967
29.464831999994967
29.464831999994967
29.464831999994967
29.464831999994967
29.464831999994967
29.464831999994967
29.464831999994967
29.464831999994967
29.464831999994967
29.464831999994967
29.464831999994967
29.464831999994967
29.464831999994967
29.464831999994967
29.464831999994967
29.464831999994967
29.464831999994967
29.464831999994967
29.464831999994967
29.464831999994967
29.464831999994967
29.464831999994967
29.464831999994967
29.464831999994967
29.464831999994967
29.464831999994967
29.464831999994967
29.464831999994967
29.464831999994967
29.464831999994967
29.464831999994967
29.464831999994967
29.464831999994967
29.464831999994967
29.464831999994967
29.464831999994967
29.464831999994967
29.464831999994967
29.464831999994967
29.464831999994967
29.464831999994967
29.464831999994967
29.464831999994967
29.464831999994967
29.464831999994967
29.464831999994967
29.464831999994967
29.464831999994967
29.464831999994967
29.464831999994967
29.464831999994967
29.464831999994967
29.464831999994967
29.464831999994967
29.464831999994967
29.464831999994967
29.464831999994967
29.464831999994967
29.464831999994967
29.464831999994967
29.464831999994967
29.464831999994967
29.464831999994967
29.464831999994967
29.464831999994967
29.464831999994967
29.464831999994967
29.464831999994967
29.464831999994967
29.464831999994967
29.464831999994967
29.464831999994967
29.464831999994967
29.464831999994967
29.464831999994967
29.464831999994967
29.464831999994967
29.464831999994967
29.464831999994967
29.464831999994967
29.464831999994967
29.464831999994967
29.464831999994967
29.464831999994967
29.464831999994967
29.464831999994967
29.464831999994967
29.464831999994967
29.464831999994967
29.464831999994967
29.464831999994967
29.464831999994967
29.464831999994967
29.464831999994967
29.464831999994967
29.464831999994967
29.464831999994967
29.464831999994967
29.464831999994967
29.464831999994967
29.464831999994967
29.464831999994967
29.464831999994967
29.464831999994967
29.464831999994967
29.464831999994967
29.464831999994967
29.464831999994967
29.464831999994967
29.464831999994967
29.464831999994967
29.464831999994967
29.464831999994967
29.464831999994967
29.464831999994967
29.464831999994967
29.464831999994967
29.464831999994967
29.464831999994967
29.464831999994967
29.464831999994967
29.464831999994967
29.464831999994967
29.464831999994967
29.464831999994967
29.464831999994967
29.464831999994967
29.464831999994967
29.464831999994967
29.464831999994967
29.464831999994967
29.464831999994967
29.464831999994967
29.464831999994967
29.464831999994967
29.464831999994967
29.464831999994967
29.464831999994967
29.464831999994967
29.464831999994967
29.464831999994967
29.464831999994967
29.464831999994967
29.464831999994967
29.464831999994967
29.464831999994967
29.464831999994967
29.464831999994967
29.464831999994967
29.464831999994967
29.464831999994967
29.464831999994967
29.464831999994967
29.464831999994967
29.464831999994967
29.464831999994967
29.464831999994967
29.464831999994967
29.464831999994967
29.464831999994967
29.464831999994967
29.464831999994967
29.464831999994967
29.464831999994967
29.464831999994967
29.464831999994967
29.464831999994967
29.464831999994967
29.464831999994967
29.464831999994967
29.464831999994967
29.464831999994967
29.464831999994967
29.464831999994967
29.464831999994967
29.464831999994967
29.464831999994967
29.464831999994967
29.464831999994967
29.464831999994967
29.464831999994967
29.464831999994967
29.464831999994967
29.464831999994967
29.464831999994967
29.464831999994967
29.464831999994967
29.464831999994967
29.464831999994967
29.464831999994967
29.464831999994967
29.464831999994967
29.464831999994967
29.464831999994967
29.464831999994967
29.464831999994967
29.464831999994967
29.464831999994967
29.464831999994967
29.464831999994967
29.464831999994967
29.464831999994967
29.464831999994967
29.464831999994967
29.464831999994967
29.464831999994967
29.464831999994967
29.464831999994967
29.464831999994967
29.464831999994967
29.464831999994967
29.464831999994967
29.464831999994967
29.464831999994967
29.464831999994967
29.464831999994967
29.464831999994967
29.464831999994967
29.464831999994967
29.464831999994967
29.464831999994967
29.464831999994967
29.464831999994967
29.464831999994967
29.464831999994967
29.464831999994967
29.464831999994967
29.464831999994967
29.464831999994967
29.464831999994967
29.464831999994967
29.464831999994967
29.464831999994967
29.464831999994967
29.464831999994967
29.464831999994967
29.464831999994967
29.464831999994967
29.464831999994967
29.464831999994967
29.464831999994967
29.464831999994967
29.464831999994967
29.464831999994967
29.464831999994967
29.464831999994967
29.464831999994967
29.464831999994967
29.464831999994967
29.464831999994967
29.464831999994967
29.464831999994967
29.464831999994967
29.464831999994967
29.464831999994967
29.464831999994967
29.464831999994967
29.464831999994967
29.464831999994967
29.464831999994967
29.464831999994967
29.464831999994967
29.464831999994967
29.464831999994967
29.464831999994967
29.464831999994967
29.464831999994967
29.464831999994967
29.464831999994967
29.464831999994967
29.464831999994967
29.464831999994967
29.464831999994967
29.464831999994967
29.464831999994967
29.464831999994967
29.464831999994967
29.464831999994967
29.464831999994967
29.464831999994967
29.464831999994967
29.464831999994967
29.464831999994967
29.464831999994967
29.464831999994967
29.464831999994967
29.464831999994967
29.464831999994967
29.464831999994967
29.464831999994967
29.464831999994967
29.464831999994967
29.464831999994967
29.464831999994967
29.464831999994967
29.464831999994967
29.464831999994967
29.464831999994967
29.464831999994967
29.464831999994967
29.464831999994967
29.464831999994967
29.464831999994967
29.464831999994967
29.464831999994967
29.464831999994967
29.464831999994967
29.464831999994967
29.464831999994967
29.464831999994967
29.464831999994967
29.464831999994967
29.464831999994967
29.464831999994967
29.464831999994967
29.464831999994967
29.464831999994967
29.464831999994967
29.464831999994967
29.464831999994967
29.464831999994967
29.464831999994967
29.464831999994967
29.464831999994967
29.464831999994967
29.464831999994967
29.464831999994967
29.464831999994967
29.464831999994967
29.464831999994967
29.464831999994967
29.464831999994967
29.464831999994967
29.464831999994967
29.464831999994967
29.464831999994967
29.464831999994967
29.464831999994967
29.464831999994967
29.464831999994967
29.464831999994967
29.464831999994967
29.464831999994967
29.464831999994967
29.464831999994967
29.464831999994967
29.464831999994967
29.464831999994967
29.464831999994967
29.464831999994967
29.464831999994967
29.464831999994967
29.464831999994967
29.464831999994967
29.464831999994967
29.464831999994967
29.464831999994967
29.464831999994967
29.464831999994967
29.464831999994967
29.464831999994967
29.464831999994967
29.464831999994967
29.464831999994967
29.464831999994967
29.464831999994967
29.464831999994967
29.464831999994967
29.464831999994967
29.464831999994967
29.464831999994967
29.464831999994967
29.464831999994967
29.464831999994967
29.464831999994967
29.464831999994967
29.464831999994967
29.464831999994967
29.464831999994967
29.464831999994967
29.464831999994967
29.464831999994967
29.464831999994967
29.464831999994967
29.464831999994967
29.464831999994967
29.464831999994967
29.464831999994967
29.464831999994967
29.464831999994967
29.464831999994967
29.464831999994967
29.464831999994967
29.464831999994967
29.464831999994967
29.464831999994967
29.464831999994967
29.464831999994967
29.464831999994967
29.464831999994967
29.464831999994967
29.464831999994967
29.464831999994967
29.464831999994967
29.464831999994967
29.464831999994967
29.464831999994967
29.464831999994967
29.464831999994967
29.464831999994967
29.464831999994967
29.464831999994967
29.464831999994967
29.464831999994967
29.464831999994967
29.464831999994967
29.464831999994967
29.464831999994967
29.464831999994967
29.464831999994967
29.464831999994967
29.464831999994967
29.464831999994967
29.464831999994967
29.464831999994967
29.464831999994967
29.464831999994967
29.464831999994967
29.464831999994967
29.464831999994967
29.464831999994967
29.464831999994967
29.464831999994967
29.464831999994967
29.464831999994967
29.464831999994967
29.464831999994967
29.464831999994967
29.464831999994967
29.464831999994967
29.464831999994967
29.464831999994967
29.464831999994967
29.464831999994967
29.464831999994967
29.464831999994967
29.464831999994967
29.464831999994967
29.464831999994967
29.464831999994967
29.464831999994967
29.464831999994967
29.464831999994967
29.464831999994967
29.464831999994967
29.464831999994967
29.464831999994967
29.464831999994967
29.464831999994967
29.464831999994967
29.464831999994967
29.464831999994967
29.464831999994967
29.464831999994967
29.464831999994967
29.464831999994967
29.464831999994967
29.464831999994967
29.464831999994967
29.464831999994967
29.464831999994967
29.464831999994967
29.464831999994967
29.464831999994967
29.464831999994967
29.464831999994967
29.464831999994967
29.464831999994967
29.464831999994967
29.464831999994967
29.464831999994967
29.464831999994967
29.464831999994967
29.464831999994967
29.464831999994967
29.464831999994967
29.464831999994967
29.464831999994967
29.464831999994967
29.464831999994967
29.464831999994967
29.464831999994967
29.464831999994967
29.464831999994967
29.464831999994967
29.464831999994967
29.464831999994967
29.464831999994967
29.464831999994967
29.464831999994967
29.464831999994967
29.464831999994967
29.464831999994967
29.464831999994967
29.464831999994967
29.464831999994967
29.464831999994967
29.464831999994967
29.464831999994967
29.464831999994967
29.464831999994967
29.464831999994967
29.464831999994967
29.464831999994967
29.464831999994967
29.464831999994967
29.464831999994967
29.464831999994967
29.464831999994967
29.464831999994967
29.464831999994967
29.464831999994967
29.464831999994967
29.464831999994967
29.464831999994967
29.464831999994967
29.464831999994967
29.464831999994967
29.464831999994967
29.464831999994967
29.464831999994967
29.464831999994967
29.464831999994967
29.464831999994967
29.464831999994967
29.464831999994967
29.464831999994967
29.464831999994967
29.464831999994967
29.464831999994967
29.464831999994967
29.464831999994967
29.464831999994967
29.464831999994967
29.464831999994967
29.464831999994967
29.464831999994967
29.464831999994967
29.464831999994967
29.464831999994967
29.464831999994967
29.464831999994967
29.464831999994967
29.464831999994967
29.464831999994967
29.464831999994967
29.464831999994967
29.464831999994967
29.464831999994967
29.464831999994967
29.464831999994967
29.464831999994967
29.464831999994967
29.464831999994967
29.464831999994967
29.464831999994967
29.464831999994967
29.464831999994967
29.464831999994967
29.464831999994967
29.464831999994967
29.464831999994967
29.464831999994967
29.464831999994967
29.464831999994967
29.464831999994967
29.464831999994967
29.464831999994967
29.464831999994967
29.464831999994967
29.464831999994967
29.464831999994967
29.464831999994967
29.464831999994967
29.464831999994967
29.464831999994967
29.464831999994967
29.464831999994967
29.464831999994967
29.464831999994967
29.464831999994967
29.464831999994967
29.464831999994967
29.464831999994967
29.464831999994967
29.464831999994967
29.464831999994967
29.464831999994967
29.464831999994967
29.464831999994967
29.464831999994967
29.464831999994967
29.464831999994967
29.464831999994967
29.464831999994967
29.464831999994967
29.464831999994967
29.464831999994967
29.464831999994967
29.464831999994967
29.464831999994967
29.464831999994967
29.464831999994967
29.464831999994967
29.464831999994967
29.464831999994967
29.464831999994967
29.464831999994967
29.464831999994967
29.464831999994967
29.464831999994967
29.464831999994967
29.464831999994967
29.464831999994967
29.464831999994967
29.464831999994967
29.464831999994967
29.464831999994967
29.464831999994967
29.464831999994967
29.464831999994967
29.464831999994967
29.464831999994967
29.464831999994967
29.464831999994967
29.464831999994967
29.464831999994967
29.464831999994967
29.464831999994967
29.464831999994967
29.464831999994967
29.464831999994967
29.464831999994967
29.464831999994967
29.464831999994967
29.464831999994967
29.464831999994967
29.464831999994967
29.464831999994967
29.464831999994967
29.464831999994967
29.464831999994967
29.464831999994967
29.464831999994967
29.464831999994967
29.464831999994967
29.464831999994967
29.464831999994967
29.464831999994967
29.464831999994967
29.464831999994967
29.464831999994967
29.464831999994967
29.464831999994967
29.464831999994967
29.464831999994967
29.464831999994967
29.464831999994967
29.464831999994967
29.464831999994967
29.464831999994967
29.464831999994967
29.464831999994967
29.464831999994967
29.464831999994967
29.464831999994967
29.464831999994967
29.464831999994967
29.464831999994967
29.464831999994967
29.464831999994967
29.464831999994967
29.464831999994967
29.464831999994967
29.464831999994967
29.464831999994967
29.464831999994967
29.464831999994967
29.464831999994967
29.464831999994967
29.464831999994967
29.464831999994967
29.464831999994967
29.464831999994967
29.464831999994967
29.464831999994967
29.464831999994967
29.464831999994967
29.464831999994967
29.464831999994967
29.464831999994967
29.464831999994967
29.464831999994967
29.464831999994967
29.464831999994967
29.464831999994967
29.464831999994967
29.464831999994967
29.464831999994967
29.464831999994967
29.464831999994967
29.464831999994967
29.464831999994967
29.464831999994967
29.464831999994967
29.464831999994967
29.464831999994967
29.464831999994967
29.464831999994967
29.464831999994967
29.464831999994967
29.464831999994967
29.464831999994967
29.464831999994967
29.464831999994967
29.464831999994967
29.464831999994967
29.464831999994967
29.464831999994967
29.464831999994967
29.464831999994967
29.464831999994967
29.464831999994967
29.464831999994967
29.464831999994967
29.464831999994967
29.464831999994967
29.464831999994967
29.464831999994967
29.464831999994967
29.464831999994967
29.464831999994967
29.464831999994967
29.464831999994967
29.464831999994967
29.464831999994967
29.464831999994967
29.464831999994967
29.464831999994967
29.464831999994967
29.464831999994967
29.464831999994967
29.464831999994967
29.464831999994967
29.464831999994967
29.464831999994967
29.464831999994967
29.464831999994967
29.464831999994967
29.464831999994967
29.464831999994967
29.464831999994967
29.464831999994967
29.464831999994967
29.464831999994967
29.464831999994967
29.464831999994967
29.464831999994967
29.464831999994967
29.464831999994967
29.464831999994967
29.464831999994967
29.464831999994967
29.464831999994967
29.464831999994967
29.464831999994967
29.464831999994967
29.464831999994967
29.464831999994967
29.464831999994967
29.464831999994967
29.464831999994967
29.464831999994967
29.464831999994967
29.464831999994967
29.464831999994967
29.464831999994967
29.464831999994967
29.464831999994967
29.464831999994967
29.464831999994967
29.464831999994967
29.464831999994967
29.464831999994967
29.464831999994967
29.464831999994967
29.464831999994967
29.464831999994967
29.464831999994967
29.464831999994967
29.464831999994967
29.464831999994967
29.464831999994967
29.464831999994967
29.464831999994967
29.464831999994967
29.464831999994967
29.464831999994967
29.464831999994967
29.464831999994967
29.464831999994967
29.464831999994967
29.464831999994967
29.464831999994967
29.464831999994967
29.464831999994967
29.464831999994967
29.464831999994967
29.464831999994967
29.464831999994967
29.464831999994967
29.464831999994967
29.464831999994967
29.464831999994967
29.464831999994967
29.464831999994967
29.464831999994967
29.464831999994967
29.464831999994967
29.464831999994967
29.464831999994967
29.464831999994967
29.464831999994967
29.464831999994967
29.464831999994967
29.464831999994967
29.464831999994967
29.464831999994967
29.464831999994967
29.464831999994967
29.464831999994967
29.464831999994967
29.464831999994967
29.464831999994967
29.464831999994967
29.464831999994967
29.464831999994967
29.464831999994967
29.464831999994967
29.464831999994967
29.464831999994967
29.464831999994967
29.464831999994967
29.464831999994967
29.464831999994967
29.464831999994967
29.464831999994967
29.464831999994967
29.464831999994967
29.464831999994967
29.464831999994967
29.464831999994967
29.464831999994967
29.464831999994967
29.464831999994967
29.464831999994967
29.464831999994967
29.464831999994967
29.464831999994967
29.464831999994967
29.464831999994967
29.464831999994967
29.464831999994967
29.464831999994967
29.464831999994967
29.464831999994967
29.464831999994967
29.464831999994967
29.464831999994967
29.464831999994967
29.464831999994967
29.464831999994967
29.464831999994967
29.464831999994967
29.464831999994967
29.464831999994967
29.464831999994967
29.464831999994967
29.464831999994967
29.464831999994967
29.464831999994967
29.464831999994967
29.464831999994967
29.464831999994967
29.464831999994967
29.464831999994967
29.464831999994967
29.464831999994967
29.464831999994967
29.464831999994967
29.464831999994967
29.464831999994967
29.464831999994967
29.464831999994967
29.464831999994967
29.464831999994967
29.464831999994967
29.464831999994967
29.464831999994967
29.464831999994967
29.464831999994967
29.464831999994967
29.464831999994967
29.464831999994967
29.464831999994967
29.464831999994967
29.464831999994967
29.464831999994967
29.464831999994967
29.464831999994967
29.464831999994967
29.464831999994967
29.464831999994967
29.464831999994967
29.464831999994967
29.464831999994967
29.464831999994967
29.464831999994967
29.464831999994967
29.464831999994967
29.464831999994967
29.464831999994967
29.464831999994967
29.464831999994967
29.464831999994967
29.464831999994967
29.464831999994967
29.464831999994967
29.464831999994967
29.464831999994967
29.464831999994967
29.464831999994967
29.464831999994967
29.464831999994967
29.464831999994967
29.464831999994967
29.464831999994967
29.464831999994967
29.464831999994967
29.464831999994967
29.464831999994967
29.464831999994967
29.464831999994967
29.464831999994967
29.464831999994967
29.464831999994967
29.464831999994967
29.464831999994967
29.464831999994967
29.464831999994967
29.464831999994967
29.464831999994967
29.464831999994967
29.464831999994967
29.464831999994967
29.464831999994967
29.464831999994967
29.464831999994967
29.464831999994967
29.464831999994967
29.464831999994967
29.464831999994967
29.464831999994967
29.464831999994967
29.464831999994967
29.464831999994967
29.464831999994967
29.464831999994967
29.464831999994967
29.464831999994967
29.464831999994967
29.464831999994967
29.464831999994967
29.464831999994967
29.464831999994967
29.464831999994967
29.464831999994967
29.464831999994967
29.464831999994967
29.464831999994967
29.464831999994967
29.464831999994967
29.464831999994967
29.464831999994967
29.464831999994967
29.464831999994967
29.464831999994967
29.464831999994967
29.464831999994967
29.464831999994967
29.464831999994967
29.464831999994967
29.464831999994967
29.464831999994967
29.464831999994967
29.464831999994967
29.464831999994967
29.464831999994967
29.464831999994967
29.464831999994967
29.464831999994967
29.464831999994967
29.464831999994967
29.464831999994967
29.464831999994967
29.464831999994967
29.464831999994967
29.464831999994967
29.464831999994967
29.464831999994967
29.464831999994967
29.464831999994967
29.464831999994967
29.464831999994967
29.464831999994967
29.464831999994967
29.464831999994967
29.464831999994967
29.464831999994967
29.464831999994967
29.464831999994967
29.464831999994967
29.464831999994967
29.464831999994967
29.464831999994967
29.464831999994967
29.464831999994967
29.464831999994967
29.464831999994967
29.464831999994967
29.464831999994967
29.464831999994967
29.464831999994967
29.464831999994967
29.464831999994967
29.464831999994967
29.464831999994967
29.464831999994967
29.464831999994967
29.464831999994967
29.464831999994967
29.464831999994967
29.464831999994967
29.464831999994967
29.464831999994967
29.464831999994967
29.464831999994967
29.464831999994967
29.464831999994967
29.464831999994967
29.464831999994967
29.464831999994967
29.464831999994967
29.464831999994967
29.464831999994967
29.464831999994967
29.464831999994967
29.464831999994967
29.464831999994967
29.464831999994967
29.464831999994967
29.464831999994967
29.464831999994967
29.464831999994967
29.464831999994967
29.464831999994967
29.464831999994967
29.464831999994967
29.464831999994967
29.464831999994967
29.464831999994967
29.464831999994967
29.464831999994967
29.464831999994967
29.464831999994967
29.464831999994967
29.464831999994967
29.464831999994967
29.464831999994967
29.464831999994967
29.464831999994967
29.464831999994967
29.464831999994967
29.464831999994967
29.464831999994967
29.464831999994967
29.464831999994967
29.464831999994967
29.464831999994967
29.464831999994967
29.464831999994967
29.464831999994967
29.464831999994967
29.464831999994967
29.464831999994967
29.464831999994967
29.464831999994967
29.464831999994967
29.464831999994967
29.464831999994967
29.464831999994967
29.464831999994967
29.464831999994967
29.464831999994967
29.464831999994967
29.464831999994967
29.464831999994967
29.464831999994967
29.464831999994967
29.464831999994967
29.464831999994967
29.464831999994967
29.464831999994967
29.464831999994967
29.464831999994967
29.464831999994967
29.464831999994967
29.464831999994967
29.464831999994967
29.464831999994967
29.464831999994967
29.464831999994967
29.464831999994967
29.464831999994967
29.464831999994967
29.464831999994967
29.464831999994967
29.464831999994967
29.464831999994967
29.464831999994967
29.464831999994967
29.464831999994967
29.464831999994967
29.464831999994967
29.464831999994967
29.464831999994967
29.464831999994967
29.464831999994967
29.464831999994967
29.464831999994967
29.464831999994967
29.464831999994967
29.464831999994967
29.464831999994967
29.464831999994967
29.464831999994967
29.464831999994967
29.464831999994967
29.464831999994967
29.464831999994967
29.464831999994967
29.464831999994967
29.464831999994967
29.464831999994967
29.464831999994967
29.464831999994967
29.464831999994967
29.464831999994967
29.464831999994967
29.464831999994967
29.464831999994967
29.464831999994967
29.464831999994967
29.464831999994967
29.464831999994967
29.464831999994967
29.464831999994967
29.464831999994967
29.464831999994967
29.464831999994967
29.464831999994967
29.464831999994967
29.464831999994967
29.464831999994967
29.464831999994967
29.464831999994967
29.464831999994967
29.464831999994967
29.464831999994967
29.464831999994967
29.464831999994967
29.464831999994967
29.464831999994967
29.464831999994967
29.464831999994967
29.464831999994967
29.464831999994967
29.464831999994967
29.464831999994967
29.464831999994967
29.464831999994967
29.464831999994967
29.464831999994967
29.464831999994967
29.464831999994967
29.464831999994967
29.464831999994967
29.464831999994967
29.464831999994967
29.464831999994967
29.464831999994967
29.464831999994967
29.464831999994967
29.464831999994967
29.464831999994967
29.464831999994967
29.464831999994967
29.464831999994967
29.464831999994967
29.464831999994967
29.464831999994967
29.464831999994967
29.464831999994967
29.464831999994967
29.464831999994967
29.464831999994967
29.464831999994967
29.464831999994967
29.464831999994967
29.464831999994967
29.464831999994967
29.464831999994967
29.464831999994967
29.464831999994967
29.464831999994967
29.464831999994967
29.464831999994967
29.464831999994967
29.464831999994967
29.464831999994967
29.464831999994967
29.464831999994967
29.464831999994967
29.464831999994967
29.464831999994967
29.464831999994967
29.464831999994967
29.464831999994967
29.464831999994967
29.464831999994967
29.464831999994967
29.464831999994967
29.464831999994967
29.464831999994967
29.464831999994967
29.464831999994967
29.464831999994967
29.464831999994967
29.464831999994967
29.464831999994967
29.464831999994967
29.464831999994967
29.464831999994967
29.464831999994967
29.464831999994967
29.464831999994967
29.464831999994967
29.464831999994967
29.464831999994967
29.464831999994967
29.464831999994967
29.464831999994967
29.464831999994967
29.464831999994967
29.464831999994967
29.464831999994967
29.464831999994967
29.464831999994967
29.464831999994967
29.464831999994967
29.464831999994967
29.464831999994967
29.464831999994967
29.464831999994967
29.464831999994967
29.464831999994967
29.464831999994967
29.464831999994967
29.464831999994967
29.464831999994967
29.464831999994967
29.464831999994967
29.464831999994967
29.464831999994967
29.464831999994967
29.464831999994967
29.464831999994967
29.464831999994967
29.464831999994967
29.464831999994967
29.464831999994967
29.464831999994967
29.464831999994967
29.464831999994967
29.464831999994967
29.464831999994967
29.464831999994967
29.464831999994967
29.464831999994967
29.464831999994967
29.464831999994967
29.464831999994967
29.464831999994967
29.464831999994967
29.464831999994967
29.464831999994967
29.464831999994967
29.464831999994967
29.464831999994967
29.464831999994967
29.464831999994967
29.464831999994967
29.464831999994967
29.464831999994967
29.464831999994967
29.464831999994967
29.464831999994967
29.464831999994967
29.464831999994967
29.464831999994967
29.464831999994967
29.464831999994967
29.464831999994967
29.464831999994967
29.464831999994967
29.464831999994967
29.464831999994967
29.464831999994967
29.464831999994967
29.464831999994967
29.464831999994967
29.464831999994967
29.464831999994967
29.464831999994967
29.464831999994967
29.464831999994967
29.464831999994967
29.464831999994967
29.464831999994967
29.464831999994967
29.464831999994967
29.464831999994967
29.464831999994967
29.464831999994967
29.464831999994967
29.464831999994967
29.464831999994967
29.464831999994967
29.464831999994967
29.464831999994967
29.464831999994967
29.464831999994967
29.464831999994967
29.464831999994967
29.464831999994967
29.464831999994967
29.464831999994967
29.464831999994967
29.464831999994967
29.464831999994967
29.464831999994967
29.464831999994967
29.464831999994967
29.464831999994967
29.464831999994967
29.464831999994967
29.464831999994967
29.464831999994967
29.464831999994967
29.464831999994967
29.464831999994967
29.464831999994967
29.464831999994967
29.464831999994967
29.464831999994967
29.464831999994967
29.464831999994967
29.464831999994967
29.464831999994967
29.464831999994967
29.464831999994967
29.464831999994967
29.464831999994967
29.464831999994967
29.464831999994967
29.464831999994967
29.464831999994967
29.464831999994967
29.464831999994967
29.464831999994967
29.464831999994967
29.464831999994967
29.464831999994967
29.464831999994967
29.464831999994967
29.464831999994967
29.464831999994967
29.464831999994967
29.464831999994967
29.464831999994967
29.464831999994967
29.464831999994967
29.464831999994967
29.464831999994967
29.464831999994967
29.464831999994967
29.464831999994967
29.464831999994967
29.464831999994967
29.464831999994967
29.464831999994967
29.464831999994967
29.464831999994967
29.464831999994967
29.464831999994967
29.464831999994967
29.464831999994967
29.464831999994967
29.464831999994967
29.464831999994967
29.464831999994967
29.464831999994967
29.464831999994967
29.464831999994967
29.464831999994967
29.464831999994967
29.464831999994967
29.464831999994967
29.464831999994967
29.464831999994967
29.464831999994967
29.464831999994967
29.464831999994967
29.464831999994967
29.464831999994967
29.464831999994967
29.464831999994967
29.464831999994967
29.464831999994967
29.464831999994967
29.464831999994967
29.464831999994967
29.464831999994967
29.464831999994967
29.464831999994967
29.464831999994967
29.464831999994967
29.464831999994967
29.464831999994967
29.464831999994967
29.464831999994967
29.464831999994967
29.464831999994967
29.464831999994967
29.464831999994967
29.464831999994967
29.464831999994967
29.464831999994967
29.464831999994967
29.464831999994967
29.464831999994967
29.464831999994967
29.464831999994967
29.464831999994967
29.464831999994967
29.464831999994967
29.464831999994967
29.464831999994967
29.464831999994967
29.464831999994967
29.464831999994967
29.464831999994967
29.464831999994967
29.464831999994967
29.464831999994967
29.464831999994967
29.464831999994967
29.464831999994967
29.464831999994967
29.464831999994967
29.464831999994967
29.464831999994967
29.464831999994967
29.464831999994967
29.464831999994967
29.464831999994967
29.464831999994967
29.464831999994967
29.464831999994967
29.464831999994967
29.464831999994967
29.464831999994967
29.464831999994967
29.464831999994967
29.464831999994967
29.464831999994967
29.464831999994967
29.464831999994967
29.464831999994967
29.464831999994967
29.464831999994967
29.464831999994967
29.464831999994967
29.464831999994967
29.464831999994967
29.464831999994967
29.464831999994967
29.464831999994967
29.464831999994967
29.464831999994967
29.464831999994967
29.464831999994967
29.464831999994967
29.464831999994967
29.464831999994967
29.464831999994967
29.464831999994967
29.464831999994967
29.464831999994967
29.464831999994967
29.464831999994967
29.464831999994967
29.464831999994967
29.464831999994967
29.464831999994967
29.464831999994967
29.464831999994967
29.464831999994967
29.464831999994967
29.464831999994967
29.464831999994967
29.464831999994967
29.464831999994967
29.464831999994967
29.464831999994967
29.464831999994967
29.464831999994967
29.464831999994967
29.464831999994967
29.464831999994967
29.464831999994967
29.464831999994967
29.464831999994967
29.464831999994967
29.464831999994967
29.464831999994967
29.464831999994967
29.464831999994967
29.464831999994967
29.464831999994967
29.464831999994967
29.464831999994967
29.464831999994967
29.464831999994967
29.464831999994967
29.464831999994967
29.464831999994967
29.464831999994967
29.464831999994967
29.464831999994967
29.464831999994967
29.464831999994967
29.464831999994967
29.464831999994967
29.464831999994967
29.464831999994967
29.464831999994967
29.464831999994967
29.464831999994967
29.464831999994967
29.464831999994967
29.464831999994967
29.464831999994967
29.464831999994967
29.464831999994967
29.464831999994967
29.464831999994967
29.464831999994967
29.464831999994967
29.464831999994967
29.464831999994967
29.464831999994967
29.464831999994967
29.464831999994967
29.464831999994967
29.464831999994967
29.464831999994967
29.464831999994967
29.464831999994967
29.464831999994967
29.464831999994967
29.464831999994967
29.464831999994967
29.464831999994967
29.464831999994967
29.464831999994967
29.464831999994967
29.464831999994967
29.464831999994967
29.464831999994967
29.464831999994967
29.464831999994967
29.464831999994967
29.464831999994967
29.464831999994967
29.464831999994967
29.464831999994967
29.464831999994967
29.464831999994967
29.464831999994967
29.464831999994967
29.464831999994967
29.464831999994967
29.464831999994967
29.464831999994967
29.464831999994967
29.464831999994967
29.464831999994967
29.464831999994967
29.464831999994967
29.464831999994967
29.464831999994967
29.464831999994967
29.464831999994967
29.464831999994967
29.464831999994967
29.464831999994967
29.464831999994967
29.464831999994967
29.464831999994967
29.464831999994967
29.464831999994967
29.464831999994967
29.464831999994967
29.464831999994967
29.464831999994967
29.464831999994967
29.464831999994967
29.464831999994967
29.464831999994967
29.464831999994967
29.464831999994967
29.464831999994967
29.464831999994967
29.464831999994967
29.464831999994967
29.464831999994967
29.464831999994967
29.464831999994967
29.464831999994967
29.464831999994967
29.464831999994967
29.464831999994967
29.464831999994967
29.464831999994967
29.464831999994967
29.464831999994967
29.464831999994967
29.464831999994967
29.464831999994967
29.464831999994967
29.464831999994967
29.464831999994967
29.464831999994967
29.464831999994967
29.464831999994967
29.464831999994967
29.464831999994967
29.464831999994967
29.464831999994967
29.464831999994967
29.464831999994967
29.464831999994967
29.464831999994967
29.464831999994967
29.464831999994967
29.464831999994967
29.464831999994967
29.464831999994967
29.464831999994967
29.464831999994967
29.464831999994967
29.464831999994967
29.464831999994967
29.464831999994967
29.464831999994967
29.464831999994967
29.464831999994967
29.464831999994967
29.464831999994967
29.464831999994967
29.464831999994967
29.464831999994967
29.464831999994967
29.464831999994967
29.464831999994967
29.464831999994967
29.464831999994967
29.464831999994967
29.464831999994967
29.464831999994967
29.464831999994967
29.464831999994967
29.464831999994967
29.464831999994967
29.464831999994967
29.464831999994967
29.464831999994967
29.464831999994967
29.464831999994967
29.464831999994967
29.464831999994967
29.464831999994967
29.464831999994967
29.464831999994967
29.464831999994967
29.464831999994967
29.464831999994967
29.464831999994967
29.464831999994967
29.464831999994967
29.464831999994967
29.464831999994967
29.464831999994967
29.464831999994967
29.464831999994967
29.464831999994967
29.464831999994967
29.464831999994967
29.464831999994967
29.464831999994967
29.464831999994967
29.464831999994967
29.464831999994967
29.464831999994967
29.464831999994967
29.464831999994967
29.464831999994967
29.464831999994967
29.464831999994967
29.464831999994967
29.464831999994967
29.464831999994967
29.464831999994967
29.464831999994967
29.464831999994967
29.464831999994967
29.464831999994967
29.464831999994967
29.464831999994967
29.464831999994967
29.464831999994967
29.464831999994967
29.464831999994967
29.464831999994967
29.464831999994967
29.464831999994967
29.464831999994967
29.464831999994967
29.464831999994967
29.464831999994967
29.464831999994967
29.464831999994967
29.464831999994967
29.464831999994967
29.464831999994967
29.464831999994967
29.464831999994967
29.464831999994967
29.464831999994967
29.464831999994967
29.464831999994967
29.464831999994967
29.464831999994967
29.464831999994967
29.464831999994967
29.464831999994967
29.464831999994967
29.464831999994967
29.464831999994967
29.464831999994967
29.464831999994967
29.464831999994967
29.464831999994967
29.464831999994967
29.464831999994967
29.464831999994967
29.464831999994967
29.464831999994967
29.464831999994967
29.464831999994967
29.464831999994967
29.464831999994967
29.464831999994967
29.464831999994967
29.464831999994967
29.464831999994967
29.464831999994967
29.464831999994967
29.464831999994967
29.464831999994967
29.464831999994967
29.464831999994967
29.464831999994967
29.464831999994967
29.464831999994967
29.464831999994967
29.464831999994967
29.464831999994967
29.464831999994967
29.464831999994967
29.464831999994967
29.464831999994967
29.464831999994967
29.464831999994967
29.464831999994967
29.464831999994967
29.464831999994967
29.464831999994967
29.464831999994967
29.464831999994967
29.464831999994967
29.464831999994967
29.464831999994967
29.464831999994967
29.464831999994967
29.464831999994967
29.464831999994967
29.464831999994967
29.464831999994967
29.464831999994967
29.464831999994967
29.464831999994967
29.464831999994967
29.464831999994967
29.464831999994967
29.464831999994967
29.464831999994967
29.464831999994967
29.464831999994967
29.464831999994967
29.464831999994967
29.464831999994967
29.464831999994967
29.464831999994967
29.464831999994967
29.464831999994967
29.464831999994967
29.464831999994967
29.464831999994967
29.464831999994967
29.464831999994967
29.464831999994967
29.464831999994967
29.464831999994967
29.464831999994967
29.464831999994967
29.464831999994967
29.464831999994967
29.464831999994967
29.464831999994967
29.464831999994967
29.464831999994967
29.464831999994967
29.464831999994967
29.464831999994967
29.464831999994967
29.464831999994967
29.464831999994967
29.464831999994967
29.464831999994967
29.464831999994967
29.464831999994967
29.464831999994967
29.464831999994967
29.464831999994967
29.464831999994967
29.464831999994967
29.464831999994967
29.464831999994967
29.464831999994967
29.464831999994967
29.464831999994967
29.464831999994967
29.464831999994967
29.464831999994967
29.464831999994967
29.464831999994967
29.464831999994967
29.464831999994967
29.464831999994967
29.464831999994967
29.464831999994967
29.464831999994967
29.464831999994967
29.464831999994967
29.464831999994967
29.464831999994967
29.464831999994967
29.464831999994967
29.464831999994967
29.464831999994967
29.464831999994967
29.464831999994967
29.464831999994967
29.464831999994967
29.464831999994967
29.464831999994967
29.464831999994967
29.464831999994967
29.464831999994967
29.464831999994967
29.464831999994967
29.464831999994967
29.464831999994967
29.464831999994967
29.464831999994967
29.464831999994967
29.464831999994967
29.464831999994967
29.464831999994967
29.464831999994967
29.464831999994967
29.464831999994967
29.464831999994967
29.464831999994967
29.464831999994967
29.464831999994967
29.464831999994967
29.464831999994967
29.464831999994967
29.464831999994967
29.464831999994967
29.464831999994967
29.464831999994967
29.464831999994967
29.464831999994967
29.464831999994967
29.464831999994967
29.464831999994967
29.464831999994967
29.464831999994967
29.464831999994967
29.464831999994967
29.464831999994967
29.464831999994967
29.464831999994967
29.464831999994967
29.464831999994967
29.464831999994967
29.464831999994967
29.464831999994967
29.464831999994967
29.464831999994967
29.464831999994967
29.464831999994967
29.464831999994967
29.464831999994967
29.464831999994967
29.464831999994967
29.464831999994967
29.464831999994967
29.464831999994967
29.464831999994967
29.464831999994967
29.464831999994967
29.464831999994967
29.464831999994967
29.464831999994967
29.464831999994967
29.464831999994967
29.464831999994967
29.464831999994967
29.464831999994967
29.464831999994967
29.464831999994967
29.464831999994967
29.464831999994967
29.464831999994967
29.464831999994967
29.464831999994967
29.464831999994967
29.464831999994967
29.464831999994967
29.464831999994967
29.464831999994967
29.464831999994967
29.464831999994967
29.464831999994967
29.464831999994967
29.464831999994967
29.464831999994967
29.464831999994967
29.464831999994967
29.464831999994967
29.464831999994967
29.464831999994967
29.464831999994967
29.464831999994967
29.464831999994967
29.464831999994967
29.464831999994967
29.464831999994967
29.464831999994967
29.464831999994967
29.464831999994967
29.464831999994967
29.464831999994967
29.464831999994967
29.464831999994967
29.464831999994967
29.464831999994967
29.464831999994967
29.464831999994967
29.464831999994967
29.464831999994967
29.464831999994967
29.464831999994967
29.464831999994967
29.464831999994967
29.464831999994967
29.464831999994967
29.464831999994967
29.464831999994967
29.464831999994967
29.464831999994967
29.464831999994967
29.464831999994967
29.464831999994967
29.464831999994967
29.464831999994967
29.464831999994967
29.464831999994967
29.464831999994967
29.464831999994967
29.464831999994967
29.464831999994967
29.464831999994967
29.464831999994967
29.464831999994967
29.464831999994967
29.464831999994967
29.464831999994967
29.464831999994967
29.464831999994967
29.464831999994967
29.464831999994967
29.464831999994967
29.464831999994967
29.464831999994967
29.464831999994967
29.464831999994967
29.464831999994967
29.464831999994967
29.464831999994967
29.464831999994967
29.464831999994967
29.464831999994967
29.464831999994967
29.464831999994967
29.464831999994967
29.464831999994967
29.464831999994967
29.464831999994967
29.464831999994967
29.464831999994967
29.464831999994967
29.464831999994967
29.464831999994967
29.464831999994967
29.464831999994967
29.464831999994967
29.464831999994967
29.464831999994967
29.464831999994967
29.464831999994967
29.464831999994967
29.464831999994967
29.464831999994967
29.464831999994967
29.464831999994967
29.464831999994967
29.464831999994967
29.464831999994967
29.464831999994967
29.464831999994967
29.464831999994967
29.464831999994967
29.464831999994967
29.464831999994967
29.464831999994967
29.464831999994967
29.464831999994967
29.464831999994967
29.464831999994967
29.464831999994967
29.464831999994967
29.464831999994967
29.464831999994967
29.464831999994967
29.464831999994967
29.464831999994967
29.464831999994967
29.464831999994967
29.464831999994967
29.464831999994967
29.464831999994967
29.464831999994967
29.464831999994967
29.464831999994967
29.464831999994967
29.464831999994967
29.464831999994967
29.464831999994967
29.464831999994967
29.464831999994967
29.464831999994967
29.464831999994967
29.464831999994967
29.464831999994967
29.464831999994967
29.464831999994967
29.464831999994967
29.464831999994967
29.464831999994967
29.464831999994967
29.464831999994967
29.464831999994967
29.464831999994967
29.464831999994967
29.464831999994967
29.464831999994967
29.464831999994967
29.464831999994967
29.464831999994967
29.464831999994967
29.464831999994967
29.464831999994967
29.464831999994967
29.464831999994967
29.464831999994967
29.464831999994967
29.464831999994967
29.464831999994967
29.464831999994967
29.464831999994967
29.464831999994967
29.464831999994967
29.464831999994967
29.464831999994967
29.464831999994967
29.464831999994967
29.464831999994967
29.464831999994967
29.464831999994967
29.464831999994967
29.464831999994967
29.464831999994967
29.464831999994967
29.464831999994967
29.464831999994967
29.464831999994967
29.464831999994967
29.464831999994967
29.464831999994967
29.464831999994967
29.464831999994967
29.464831999994967
29.464831999994967
29.464831999994967
29.464831999994967
29.464831999994967
29.464831999994967
29.464831999994967
29.464831999994967
29.464831999994967
29.464831999994967
29.464831999994967
29.464831999994967
29.464831999994967
29.464831999994967
29.464831999994967
29.464831999994967
29.464831999994967
29.464831999994967
29.464831999994967
29.464831999994967
29.464831999994967
29.464831999994967
29.464831999994967
29.464831999994967
29.464831999994967
29.464831999994967
29.464831999994967
29.464831999994967
29.464831999994967
29.464831999994967
29.464831999994967
29.464831999994967
29.464831999994967
29.464831999994967
29.464831999994967
29.464831999994967
29.464831999994967
29.464831999994967
29.464831999994967
29.464831999994967
29.464831999994967
29.464831999994967
29.464831999994967
29.464831999994967
29.464831999994967
29.464831999994967
29.464831999994967
29.464831999994967
29.464831999994967
29.464831999994967
29.464831999994967
29.464831999994967
29.464831999994967
29.464831999994967
29.464831999994967
29.464831999994967
29.464831999994967
29.464831999994967
29.464831999994967
29.464831999994967
29.464831999994967
29.464831999994967
29.464831999994967
29.464831999994967
29.464831999994967
29.464831999994967
29.464831999994967
29.464831999994967
29.464831999994967
29.464831999994967
29.464831999994967
29.464831999994967
29.464831999994967
29.464831999994967
29.464831999994967
29.464831999994967
29.464831999994967
29.464831999994967
29.464831999994967
29.464831999994967
29.464831999994967
29.464831999994967
29.464831999994967
29.464831999994967
29.464831999994967
29.464831999994967
29.464831999994967
29.464831999994967
29.464831999994967
29.464831999994967
29.464831999994967
29.464831999994967
29.464831999994967
29.464831999994967
29.464831999994967
29.464831999994967
29.464831999994967
29.464831999994967
29.464831999994967
29.464831999994967
29.464831999994967
29.464831999994967
29.464831999994967
29.464831999994967
29.464831999994967
29.464831999994967
29.464831999994967
29.464831999994967
29.464831999994967
29.464831999994967
29.464831999994967
29.464831999994967
29.464831999994967
29.464831999994967
29.464831999994967
29.464831999994967
29.464831999994967
29.464831999994967
29.464831999994967
29.464831999994967
29.464831999994967
29.464831999994967
29.464831999994967
29.464831999994967
29.464831999994967
29.464831999994967
29.464831999994967
29.464831999994967
29.464831999994967
29.464831999994967
29.464831999994967
29.464831999994967
29.464831999994967
29.464831999994967
29.464831999994967
29.464831999994967
29.464831999994967
29.464831999994967
29.464831999994967
29.464831999994967
29.464831999994967
29.464831999994967
29.464831999994967
29.464831999994967
29.464831999994967
29.464831999994967
29.464831999994967
29.464831999994967
29.464831999994967
29.464831999994967
29.464831999994967
29.464831999994967
29.464831999994967
29.464831999994967
29.464831999994967
29.464831999994967
29.464831999994967
29.464831999994967
29.464831999994967
29.464831999994967
29.464831999994967
29.464831999994967
29.464831999994967
29.464831999994967
29.464831999994967
29.464831999994967
29.464831999994967
29.464831999994967
29.464831999994967
29.464831999994967
29.464831999994967
29.464831999994967
29.464831999994967
29.464831999994967
29.464831999994967
29.464831999994967
29.464831999994967
29.464831999994967
29.464831999994967
29.464831999994967
29.464831999994967
29.464831999994967
29.464831999994967
29.464831999994967
29.464831999994967
29.464831999994967
29.464831999994967
29.464831999994967
29.464831999994967
29.464831999994967
29.464831999994967
29.464831999994967
29.464831999994967
29.464831999994967
29.464831999994967
29.464831999994967
29.464831999994967
29.464831999994967
29.464831999994967
29.464831999994967
29.464831999994967
29.464831999994967
29.464831999994967
29.464831999994967
29.464831999994967
29.464831999994967
29.464831999994967
29.464831999994967
29.464831999994967
29.464831999994967
29.464831999994967
29.464831999994967
29.464831999994967
29.464831999994967
29.464831999994967
29.464831999994967
29.464831999994967
29.464831999994967
29.464831999994967
29.464831999994967
29.464831999994967
29.464831999994967
29.464831999994967
29.464831999994967
29.464831999994967
29.464831999994967
29.464831999994967
29.464831999994967
29.464831999994967
29.464831999994967
29.464831999994967
29.464831999994967
29.464831999994967
29.464831999994967
29.464831999994967
29.464831999994967
29.464831999994967
29.464831999994967
29.464831999994967
29.464831999994967
29.464831999994967
29.464831999994967
29.464831999994967
29.464831999994967
29.464831999994967
29.464831999994967
29.464831999994967
29.464831999994967
29.464831999994967
29.464831999994967
29.464831999994967
29.464831999994967
29.464831999994967
29.464831999994967
29.464831999994967
29.464831999994967
29.464831999994967
29.464831999994967
29.464831999994967
29.464831999994967
29.464831999994967
29.464831999994967
29.464831999994967
29.464831999994967
29.464831999994967
29.464831999994967
29.464831999994967
29.464831999994967
29.464831999994967
29.464831999994967
29.464831999994967
29.464831999994967
29.464831999994967
29.464831999994967
29.464831999994967
29.464831999994967
29.464831999994967
29.464831999994967
29.464831999994967
29.464831999994967
29.464831999994967
29.464831999994967
29.464831999994967
29.464831999994967
29.464831999994967
29.464831999994967
29.464831999994967
29.464831999994967
29.464831999994967
29.464831999994967
29.464831999994967
29.464831999994967
29.464831999994967
29.464831999994967
29.464831999994967
29.464831999994967
29.464831999994967
29.464831999994967
29.464831999994967
29.464831999994967
29.464831999994967
29.464831999994967
29.464831999994967
29.464831999994967
29.464831999994967
29.464831999994967
29.464831999994967
29.464831999994967
29.464831999994967
29.464831999994967
29.464831999994967
29.464831999994967
29.464831999994967
29.464831999994967
29.464831999994967
29.464831999994967
29.464831999994967
29.464831999994967
29.464831999994967
29.464831999994967
29.464831999994967
29.464831999994967
29.464831999994967
29.464831999994967
29.464831999994967
29.464831999994967
29.464831999994967
29.464831999994967
29.464831999994967
29.464831999994967
29.464831999994967
29.464831999994967
29.464831999994967
29.464831999994967
29.464831999994967
29.464831999994967
29.464831999994967
29.464831999994967
29.464831999994967
29.464831999994967
29.464831999994967
29.464831999994967
29.464831999994967
29.464831999994967
29.464831999994967
29.464831999994967
29.464831999994967
29.464831999994967
29.464831999994967
29.464831999994967
29.464831999994967
29.464831999994967
29.464831999994967
29.464831999994967
29.464831999994967
29.464831999994967
29.464831999994967
29.464831999994967
29.464831999994967
29.464831999994967
29.464831999994967
29.464831999994967
29.464831999994967
29.464831999994967
29.464831999994967
29.464831999994967
29.464831999994967
29.464831999994967
29.464831999994967
29.464831999994967
29.464831999994967
29.464831999994967
29.464831999994967
29.464831999994967
29.464831999994967
29.464831999994967
29.464831999994967
29.464831999994967
29.464831999994967
29.464831999994967
29.464831999994967
29.464831999994967
29.464831999994967
29.464831999994967
29.464831999994967
29.464831999994967
29.464831999994967
29.464831999994967
29.464831999994967
29.464831999994967
29.464831999994967
29.464831999994967
29.464831999994967
29.464831999994967
29.464831999994967
29.464831999994967
29.464831999994967
29.464831999994967
29.464831999994967
29.464831999994967
29.464831999994967
29.464831999994967
29.464831999994967
29.464831999994967
29.464831999994967
29.464831999994967
29.464831999994967
29.464831999994967
29.464831999994967
29.464831999994967
29.464831999994967
29.464831999994967
29.464831999994967
29.464831999994967
29.464831999994967
29.464831999994967
29.464831999994967
29.464831999994967
29.464831999994967
29.464831999994967
29.464831999994967
29.464831999994967
29.464831999994967
29.464831999994967
29.464831999994967
29.464831999994967
29.464831999994967
29.464831999994967
29.464831999994967
29.464831999994967
29.464831999994967
29.464831999994967
29.464831999994967
29.464831999994967
29.464831999994967
29.464831999994967
29.464831999994967
29.464831999994967
29.464831999994967
29.464831999994967
29.464831999994967
29.464831999994967
29.464831999994967
29.464831999994967
29.464831999994967
29.464831999994967
29.464831999994967
29.464831999994967
29.464831999994967
29.464831999994967
29.464831999994967
29.464831999994967
29.464831999994967
29.464831999994967
29.464831999994967
29.464831999994967
29.464831999994967
29.464831999994967
29.464831999994967
29.464831999994967
29.464831999994967
29.464831999994967
29.464831999994967
29.464831999994967
29.464831999994967
29.464831999994967
29.464831999994967
29.464831999994967
29.464831999994967
29.464831999994967
29.464831999994967
29.464831999994967
29.464831999994967
29.464831999994967
29.464831999994967
29.464831999994967
29.464831999994967
29.464831999994967
29.464831999994967
29.464831999994967
29.464831999994967
29.464831999994967
29.464831999994967
29.464831999994967
29.464831999994967
29.464831999994967
29.464831999994967
29.464831999994967
29.464831999994967
29.464831999994967
29.464831999994967
29.464831999994967
29.464831999994967
29.464831999994967
29.464831999994967
29.464831999994967
29.464831999994967
29.464831999994967
29.464831999994967
29.464831999994967
29.464831999994967
29.464831999994967
29.464831999994967
29.464831999994967
29.464831999994967
29.464831999994967
29.464831999994967
29.464831999994967
29.464831999994967
29.464831999994967
29.464831999994967
29.464831999994967
29.464831999994967
29.464831999994967
29.464831999994967
29.464831999994967
29.464831999994967
29.464831999994967
29.464831999994967
29.464831999994967
29.464831999994967
29.464831999994967
29.464831999994967
29.464831999994967
29.464831999994967
29.464831999994967
29.464831999994967
29.464831999994967
29.464831999994967
29.464831999994967
29.464831999994967
29.464831999994967
29.464831999994967
29.464831999994967
29.464831999994967
29.464831999994967
29.464831999994967
29.464831999994967
29.464831999994967
29.464831999994967
29.464831999994967
29.464831999994967
29.464831999994967
29.464831999994967
29.464831999994967
29.464831999994967
29.464831999994967
29.464831999994967
29.464831999994967
29.464831999994967
29.464831999994967
29.464831999994967
29.464831999994967
29.464831999994967
29.464831999994967
29.464831999994967
29.464831999994967
29.464831999994967
29.464831999994967
29.464831999994967
29.464831999994967
29.464831999994967
29.464831999994967
29.464831999994967
29.464831999994967
29.464831999994967
29.464831999994967
29.464831999994967
29.464831999994967
29.464831999994967
29.464831999994967
29.464831999994967
29.464831999994967
29.464831999994967
29.464831999994967
29.464831999994967
29.464831999994967
29.464831999994967
29.464831999994967
29.464831999994967
29.464831999994967
29.464831999994967
29.464831999994967
29.464831999994967
29.464831999994967
29.464831999994967
29.464831999994967
29.464831999994967
29.464831999994967
29.464831999994967
29.464831999994967
29.464831999994967
29.464831999994967
29.464831999994967
29.464831999994967
29.464831999994967
29.464831999994967
29.464831999994967
29.464831999994967
29.464831999994967
29.464831999994967
29.464831999994967
29.464831999994967
29.464831999994967
29.464831999994967
29.464831999994967
29.464831999994967
29.464831999994967
29.464831999994967
29.464831999994967
29.464831999994967
29.464831999994967
29.464831999994967
29.464831999994967
29.464831999994967
29.464831999994967
29.464831999994967
29.464831999994967
29.464831999994967
29.464831999994967
29.464831999994967
29.464831999994967
29.464831999994967
29.464831999994967
29.464831999994967
29.464831999994967
29.464831999994967
29.464831999994967
29.464831999994967
29.464831999994967
29.464831999994967
29.464831999994967
29.464831999994967
29.464831999994967
29.464831999994967
29.464831999994967
29.464831999994967
29.464831999994967
29.464831999994967
29.464831999994967
29.464831999994967
29.464831999994967
29.464831999994967
29.464831999994967
29.464831999994967
29.464831999994967
29.464831999994967
29.464831999994967
29.464831999994967
29.464831999994967
29.464831999994967
29.464831999994967
29.464831999994967
29.464831999994967
29.464831999994967
29.464831999994967
29.464831999994967
29.464831999994967
29.464831999994967
29.464831999994967
29.464831999994967
29.464831999994967
29.464831999994967
29.464831999994967
29.464831999994967
29.464831999994967
29.464831999994967
29.464831999994967
29.464831999994967
29.464831999994967
29.464831999994967
29.464831999994967
29.464831999994967
29.464831999994967
29.464831999994967
29.464831999994967
29.464831999994967
29.464831999994967
29.464831999994967
29.464831999994967
29.464831999994967
29.464831999994967
29.464831999994967
29.464831999994967
29.464831999994967
29.464831999994967
29.464831999994967
29.464831999994967
29.464831999994967
29.464831999994967
29.464831999994967
29.464831999994967
29.464831999994967
29.464831999994967
29.464831999994967
29.464831999994967
29.464831999994967
29.464831999994967
29.464831999994967
29.464831999994967
29.464831999994967
29.464831999994967
29.464831999994967
29.464831999994967
29.464831999994967
29.464831999994967
29.464831999994967
29.464831999994967
29.464831999994967
29.464831999994967
29.464831999994967
29.464831999994967
29.464831999994967
29.464831999994967
29.464831999994967
29.464831999994967
29.464831999994967
29.464831999994967
29.464831999994967
29.464831999994967
29.464831999994967
29.464831999994967
29.464831999994967
29.464831999994967
29.464831999994967
29.464831999994967
29.464831999994967
29.464831999994967
29.464831999994967
29.464831999994967
29.464831999994967
29.464831999994967
29.464831999994967
29.464831999994967
29.464831999994967
29.464831999994967
29.464831999994967
29.464831999994967
29.464831999994967
29.464831999994967
29.464831999994967
29.464831999994967
29.464831999994967
29.464831999994967
29.464831999994967
29.464831999994967
29.464831999994967
29.464831999994967
29.464831999994967
29.464831999994967
29.464831999994967
29.464831999994967
29.464831999994967
29.464831999994967
29.464831999994967
29.464831999994967
29.464831999994967
29.464831999994967
29.464831999994967
29.464831999994967
29.464831999994967
29.464831999994967
29.464831999994967
29.464831999994967
29.464831999994967
29.464831999994967
29.464831999994967
29.464831999994967
29.464831999994967
29.464831999994967
29.464831999994967
29.464831999994967
29.464831999994967
29.464831999994967
29.464831999994967
29.464831999994967
29.464831999994967
29.464831999994967
29.464831999994967
29.464831999994967
29.464831999994967
29.464831999994967
29.464831999994967
29.464831999994967
29.464831999994967
29.464831999994967
29.464831999994967
29.464831999994967
29.464831999994967
29.464831999994967
29.464831999994967
29.464831999994967
29.464831999994967
29.464831999994967
29.464831999994967
29.464831999994967
29.464831999994967
29.464831999994967
29.464831999994967
29.464831999994967
29.464831999994967
29.464831999994967
29.464831999994967
29.464831999994967
29.464831999994967
29.464831999994967
29.464831999994967
29.464831999994967
29.464831999994967
29.464831999994967
29.464831999994967
29.464831999994967
29.464831999994967
29.464831999994967
29.464831999994967
29.464831999994967
29.464831999994967
29.464831999994967
29.464831999994967
29.464831999994967
29.464831999994967
29.464831999994967
29.464831999994967
29.464831999994967
29.464831999994967
29.464831999994967
29.464831999994967
29.464831999994967
29.464831999994967
29.464831999994967
29.464831999994967
29.464831999994967
29.464831999994967
29.464831999994967
29.464831999994967
29.464831999994967
29.464831999994967
29.464831999994967
29.464831999994967
29.464831999994967
29.464831999994967
29.464831999994967
29.464831999994967
29.464831999994967
29.464831999994967
29.464831999994967
29.464831999994967
29.464831999994967
29.464831999994967
29.464831999994967
29.464831999994967
29.464831999994967
29.464831999994967
29.464831999994967
29.464831999994967
29.464831999994967
29.464831999994967
29.464831999994967
29.464831999994967
29.464831999994967
29.464831999994967
29.464831999994967
29.464831999994967
29.464831999994967
29.464831999994967
29.464831999994967
29.464831999994967
29.464831999994967
29.464831999994967
29.464831999994967
29.464831999994967
29.464831999994967
29.464831999994967
29.464831999994967
29.464831999994967
29.464831999994967
29.464831999994967
29.464831999994967
29.464831999994967
29.464831999994967
29.464831999994967
29.464831999994967
29.464831999994967
29.464831999994967
29.464831999994967
29.464831999994967
29.464831999994967
29.464831999994967
29.464831999994967
29.464831999994967
29.464831999994967
29.464831999994967
29.464831999994967
29.464831999994967
29.464831999994967
29.464831999994967
29.464831999994967
29.464831999994967
29.464831999994967
29.464831999994967
29.464831999994967
29.464831999994967
29.464831999994967
29.464831999994967
29.464831999994967
29.464831999994967
29.464831999994967
29.464831999994967
29.464831999994967
29.464831999994967
29.464831999994967
29.464831999994967
29.464831999994967
29.464831999994967
29.464831999994967
29.464831999994967
29.464831999994967
29.464831999994967
29.464831999994967
29.464831999994967
29.464831999994967
29.464831999994967
29.464831999994967
29.464831999994967
29.464831999994967
29.464831999994967
29.464831999994967
29.464831999994967
29.464831999994967
29.464831999994967
29.464831999994967
29.464831999994967
29.464831999994967
29.464831999994967
29.464831999994967
29.464831999994967
29.464831999994967
29.464831999994967
29.464831999994967
29.464831999994967
29.464831999994967
29.464831999994967
29.464831999994967
29.464831999994967
29.464831999994967
29.464831999994967
29.464831999994967
29.464831999994967
29.464831999994967
29.464831999994967
29.464831999994967
29.464831999994967
29.464831999994967
29.464831999994967
29.464831999994967
29.464831999994967
29.464831999994967
29.464831999994967
29.464831999994967
29.464831999994967
29.464831999994967
29.464831999994967
29.464831999994967
29.464831999994967
29.464831999994967
29.464831999994967
29.464831999994967
29.464831999994967
29.464831999994967
29.464831999994967
29.464831999994967
29.464831999994967
29.464831999994967
29.464831999994967
29.464831999994967
29.464831999994967
29.464831999994967
29.464831999994967
29.464831999994967
29.464831999994967
29.464831999994967
29.464831999994967
29.464831999994967
29.464831999994967
29.464831999994967
29.464831999994967
29.464831999994967
29.464831999994967
29.464831999994967
29.464831999994967
29.464831999994967
29.464831999994967
29.464831999994967
29.464831999994967
29.464831999994967
29.464831999994967
29.464831999994967
29.464831999994967
29.464831999994967
29.464831999994967
29.464831999994967
29.464831999994967
29.464831999994967
29.464831999994967
29.464831999994967
29.464831999994967
29.464831999994967
29.464831999994967
29.464831999994967
29.464831999994967
29.464831999994967
29.464831999994967
29.464831999994967
29.464831999994967
29.464831999994967
29.464831999994967
29.464831999994967
29.464831999994967
29.464831999994967
29.464831999994967
29.464831999994967
29.464831999994967
29.464831999994967
29.464831999994967
29.464831999994967
29.464831999994967
29.464831999994967
29.464831999994967
29.464831999994967
29.464831999994967
29.464831999994967
29.464831999994967
29.464831999994967
29.464831999994967
29.464831999994967
29.464831999994967
29.464831999994967
29.464831999994967
29.464831999994967
29.464831999994967
29.464831999994967
29.464831999994967
29.464831999994967
29.464831999994967
29.464831999994967
29.464831999994967
29.464831999994967
29.464831999994967
29.464831999994967
29.464831999994967
29.464831999994967
29.464831999994967
29.464831999994967
29.464831999994967
29.464831999994967
29.464831999994967
29.464831999994967
29.464831999994967
29.464831999994967
29.464831999994967
29.464831999994967
29.464831999994967
29.464831999994967
29.464831999994967
29.464831999994967
29.464831999994967
29.464831999994967
29.464831999994967
29.464831999994967
29.464831999994967
29.464831999994967
29.464831999994967
29.464831999994967
29.464831999994967
29.464831999994967
29.464831999994967
29.464831999994967
29.464831999994967
29.464831999994967
29.464831999994967
29.464831999994967
29.464831999994967
29.464831999994967
29.464831999994967
29.464831999994967
29.464831999994967
29.464831999994967
29.464831999994967
29.464831999994967
29.464831999994967
29.464831999994967
29.464831999994967
29.464831999994967
29.464831999994967
29.464831999994967
29.464831999994967
29.464831999994967
29.464831999994967
29.464831999994967
29.464831999994967
29.464831999994967
29.464831999994967
29.464831999994967
29.464831999994967
29.464831999994967
29.464831999994967
29.464831999994967
29.464831999994967
29.464831999994967
29.464831999994967
29.464831999994967
29.464831999994967
29.464831999994967
29.464831999994967
29.464831999994967
29.464831999994967
29.464831999994967
29.464831999994967
29.464831999994967
29.464831999994967
29.464831999994967
29.464831999994967
29.464831999994967
29.464831999994967
29.464831999994967
29.464831999994967
29.464831999994967
29.464831999994967
29.464831999994967
29.464831999994967
29.464831999994967
29.464831999994967
29.464831999994967
29.464831999994967
29.464831999994967
29.464831999994967
29.464831999994967
29.464831999994967
29.464831999994967
29.464831999994967
29.464831999994967
29.464831999994967
29.464831999994967
29.464831999994967
29.464831999994967
29.464831999994967
29.464831999994967
29.464831999994967
29.464831999994967
29.464831999994967
29.464831999994967
29.464831999994967
29.464831999994967
29.464831999994967
29.464831999994967
29.464831999994967
29.464831999994967
29.464831999994967
29.464831999994967
29.464831999994967
29.464831999994967
29.464831999994967
29.464831999994967
29.464831999994967
29.464831999994967
29.464831999994967
29.464831999994967
29.464831999994967
29.464831999994967
29.464831999994967
29.464831999994967
29.464831999994967
29.464831999994967
29.464831999994967
29.464831999994967
29.464831999994967
29.464831999994967
29.464831999994967
29.464831999994967
29.464831999994967
29.464831999994967
29.464831999994967
29.464831999994967
29.464831999994967
29.464831999994967
29.464831999994967
29.464831999994967
29.464831999994967
29.464831999994967
29.464831999994967
29.464831999994967
29.464831999994967
29.464831999994967
29.464831999994967
29.464831999994967
29.464831999994967
29.464831999994967
29.464831999994967
29.464831999994967
29.464831999994967
29.464831999994967
29.464831999994967
29.464831999994967
29.464831999994967
29.464831999994967
29.464831999994967
29.464831999994967
29.464831999994967
29.464831999994967
29.464831999994967
29.464831999994967
29.464831999994967
29.464831999994967
29.464831999994967
29.464831999994967
29.464831999994967
29.464831999994967
29.464831999994967
29.464831999994967
29.464831999994967
29.464831999994967
29.464831999994967
29.464831999994967
29.464831999994967
29.464831999994967
29.464831999994967
29.464831999994967
29.464831999994967
29.464831999994967
29.464831999994967
29.464831999994967
29.464831999994967
29.464831999994967
29.464831999994967
29.464831999994967
29.464831999994967
29.464831999994967
29.464831999994967
29.464831999994967
29.464831999994967
29.464831999994967
29.464831999994967
29.464831999994967
29.464831999994967
29.464831999994967
29.464831999994967
29.464831999994967
29.464831999994967
29.464831999994967
29.464831999994967
29.464831999994967
29.464831999994967
29.464831999994967
29.464831999994967
29.464831999994967
29.464831999994967
29.464831999994967
29.464831999994967
29.464831999994967
29.464831999994967
29.464831999994967
29.464831999994967
29.464831999994967
29.464831999994967
29.464831999994967
29.464831999994967
29.464831999994967
29.464831999994967
29.464831999994967
29.464831999994967
29.464831999994967
29.464831999994967
29.464831999994967
29.464831999994967
29.464831999994967
29.464831999994967
29.464831999994967
29.464831999994967
29.464831999994967
29.464831999994967
29.464831999994967
29.464831999994967
29.464831999994967
29.464831999994967
29.464831999994967
29.464831999994967
29.464831999994967
29.464831999994967
29.464831999994967
29.464831999994967
29.464831999994967
29.464831999994967
29.464831999994967
29.464831999994967
29.464831999994967
29.464831999994967
29.464831999994967
29.464831999994967
29.464831999994967
29.464831999994967
29.464831999994967
29.464831999994967
29.464831999994967
29.464831999994967
29.464831999994967
29.464831999994967
29.464831999994967
29.464831999994967
29.464831999994967
29.464831999994967
29.464831999994967
29.464831999994967
29.464831999994967
29.464831999994967
29.464831999994967
29.464831999994967
29.464831999994967
29.464831999994967
29.464831999994967
29.464831999994967
29.464831999994967
29.464831999994967
29.464831999994967
29.464831999994967
29.464831999994967
29.464831999994967
29.464831999994967
29.464831999994967
29.464831999994967
29.464831999994967
29.464831999994967
29.464831999994967
29.464831999994967
29.464831999994967
29.464831999994967
29.464831999994967
29.464831999994967
29.464831999994967
29.464831999994967
29.464831999994967
29.464831999994967
29.464831999994967
29.464831999994967
29.464831999994967
29.464831999994967
29.464831999994967
29.464831999994967
29.464831999994967
29.464831999994967
29.464831999994967
29.464831999994967
29.464831999994967
29.464831999994967
29.464831999994967
29.464831999994967
29.464831999994967
29.464831999994967
29.464831999994967
29.464831999994967
29.464831999994967
29.464831999994967
29.464831999994967
29.464831999994967
29.464831999994967
29.464831999994967
29.464831999994967
29.464831999994967
29.464831999994967
29.464831999994967
29.464831999994967
29.464831999994967
29.464831999994967
29.464831999994967
29.464831999994967
29.464831999994967
29.464831999994967
29.464831999994967
29.464831999994967
29.464831999994967
29.464831999994967
29.464831999994967
29.464831999994967
29.464831999994967
29.464831999994967
29.464831999994967
29.464831999994967
29.464831999994967
29.464831999994967
29.464831999994967
29.464831999994967
29.464831999994967
29.464831999994967
29.464831999994967
29.464831999994967
29.464831999994967
29.464831999994967
29.464831999994967
29.464831999994967
29.464831999994967
29.464831999994967
29.464831999994967
29.464831999994967
29.464831999994967
29.464831999994967
29.464831999994967
29.464831999994967
29.464831999994967
29.464831999994967
29.464831999994967
29.464831999994967
29.464831999994967
29.464831999994967
29.464831999994967
29.464831999994967
29.464831999994967
29.464831999994967
29.464831999994967
29.464831999994967
29.464831999994967
29.464831999994967
29.464831999994967
29.464831999994967
29.464831999994967
29.464831999994967
29.464831999994967
29.464831999994967
29.464831999994967
29.464831999994967
29.464831999994967
29.464831999994967
29.464831999994967
29.464831999994967
29.464831999994967
29.464831999994967
29.464831999994967
29.464831999994967
29.464831999994967
29.464831999994967
29.464831999994967
29.464831999994967
29.464831999994967
29.464831999994967
29.464831999994967
29.464831999994967
29.464831999994967
29.464831999994967
29.464831999994967
29.464831999994967
29.464831999994967
29.464831999994967
29.464831999994967
29.464831999994967
29.464831999994967
29.464831999994967
29.464831999994967
29.464831999994967
29.464831999994967
29.464831999994967
29.464831999994967
29.464831999994967
29.464831999994967
29.464831999994967
29.464831999994967
29.464831999994967
29.464831999994967
29.464831999994967
29.464831999994967
29.464831999994967
29.464831999994967
29.464831999994967
29.464831999994967
29.464831999994967
29.464831999994967
29.464831999994967
29.464831999994967
29.464831999994967
29.464831999994967
29.464831999994967
29.464831999994967
29.464831999994967
29.464831999994967
29.464831999994967
29.464831999994967
29.464831999994967
29.464831999994967
29.464831999994967
29.464831999994967
29.464831999994967
29.464831999994967
29.464831999994967
29.464831999994967
29.464831999994967
29.464831999994967
29.464831999994967
29.464831999994967
29.464831999994967
29.464831999994967
29.464831999994967
29.464831999994967
29.464831999994967
29.464831999994967
29.464831999994967
29.464831999994967
29.464831999994967
29.464831999994967
29.464831999994967
29.464831999994967
29.464831999994967
29.464831999994967
29.464831999994967
29.464831999994967
29.464831999994967
29.464831999994967
29.464831999994967
29.464831999994967
29.464831999994967
29.464831999994967
29.464831999994967
29.464831999994967
29.464831999994967
29.464831999994967
29.464831999994967
29.464831999994967
29.464831999994967
29.464831999994967
29.464831999994967
29.464831999994967
29.464831999994967
29.464831999994967
29.464831999994967
29.464831999994967
29.464831999994967
29.464831999994967
29.464831999994967
29.464831999994967
29.464831999994967
29.464831999994967
29.464831999994967
29.464831999994967
29.464831999994967
29.464831999994967
29.464831999994967
29.464831999994967
29.464831999994967
29.464831999994967
29.464831999994967
29.464831999994967
29.464831999994967
29.464831999994967
29.464831999994967
29.464831999994967
29.464831999994967
29.464831999994967
29.464831999994967
29.464831999994967
29.464831999994967
29.464831999994967
29.464831999994967
29.464831999994967
29.464831999994967
29.464831999994967
29.464831999994967
29.464831999994967
29.464831999994967
29.464831999994967
29.464831999994967
29.464831999994967
29.464831999994967
29.464831999994967
29.464831999994967
29.464831999994967
29.464831999994967
29.464831999994967
29.464831999994967
29.464831999994967
29.464831999994967
29.464831999994967
29.464831999994967
29.464831999994967
29.464831999994967
29.464831999994967
29.464831999994967
29.464831999994967
29.464831999994967
29.464831999994967
29.464831999994967
29.464831999994967
29.464831999994967
29.464831999994967
29.464831999994967
29.464831999994967
29.464831999994967
29.464831999994967
29.464831999994967
29.464831999994967
29.464831999994967
29.464831999994967
29.464831999994967
29.464831999994967
29.464831999994967
29.464831999994967
29.464831999994967
29.464831999994967
29.464831999994967
29.464831999994967
29.464831999994967
29.464831999994967
29.464831999994967
29.464831999994967
29.464831999994967
29.464831999994967
29.464831999994967
29.464831999994967
29.464831999994967
29.464831999994967
29.464831999994967
29.464831999994967
29.464831999994967
29.464831999994967
29.464831999994967
29.464831999994967
29.464831999994967
29.464831999994967
29.464831999994967
29.464831999994967
29.464831999994967
29.464831999994967
29.464831999994967
29.464831999994967
29.464831999994967
29.464831999994967
29.464831999994967
29.464831999994967
29.464831999994967
29.464831999994967
29.464831999994967
29.464831999994967
29.464831999994967
29.464831999994967
29.464831999994967
29.464831999994967
29.464831999994967
29.464831999994967
29.464831999994967
29.464831999994967
29.464831999994967
29.464831999994967
29.464831999994967
29.464831999994967
29.464831999994967
29.464831999994967
29.464831999994967
29.464831999994967
29.464831999994967
29.464831999994967
29.464831999994967
29.464831999994967
29.464831999994967
29.464831999994967
29.464831999994967
29.464831999994967
29.464831999994967
29.464831999994967
29.464831999994967
29.464831999994967
29.464831999994967
29.464831999994967
29.464831999994967
29.464831999994967
29.464831999994967
29.464831999994967
29.464831999994967
29.464831999994967
29.464831999994967
29.464831999994967
29.464831999994967
29.464831999994967
29.464831999994967
29.464831999994967
29.464831999994967
29.464831999994967
29.464831999994967
29.464831999994967
29.464831999994967
29.464831999994967
29.464831999994967
29.464831999994967
29.464831999994967
29.464831999994967
29.464831999994967
29.464831999994967
29.464831999994967
29.464831999994967
29.464831999994967
29.464831999994967
29.464831999994967
29.464831999994967
29.464831999994967
29.464831999994967
29.464831999994967
29.464831999994967
29.464831999994967
29.464831999994967
29.464831999994967
29.464831999994967
29.464831999994967
29.464831999994967
29.464831999994967
29.464831999994967
29.464831999994967
29.464831999994967
29.464831999994967
29.464831999994967
29.464831999994967
29.464831999994967
29.464831999994967
29.464831999994967
29.464831999994967
29.464831999994967
29.464831999994967
29.464831999994967
29.464831999994967
29.464831999994967
29.464831999994967
29.464831999994967
29.464831999994967
29.464831999994967
29.464831999994967
29.464831999994967
29.464831999994967
29.464831999994967
29.464831999994967
29.464831999994967
29.464831999994967
29.464831999994967
29.464831999994967
29.464831999994967
29.464831999994967
29.464831999994967
29.464831999994967
29.464831999994967
29.464831999994967
29.464831999994967
29.464831999994967
29.464831999994967
29.464831999994967
29.464831999994967
29.464831999994967
29.464831999994967
29.464831999994967
29.464831999994967
29.464831999994967
29.464831999994967
29.464831999994967
29.464831999994967
29.464831999994967
29.464831999994967
29.464831999994967
29.464831999994967
29.464831999994967
29.464831999994967
29.464831999994967
29.464831999994967
29.464831999994967
29.464831999994967
29.464831999994967
29.464831999994967
29.464831999994967
29.464831999994967
29.464831999994967
29.464831999994967
29.464831999994967
29.464831999994967
29.464831999994967
29.464831999994967
29.464831999994967
29.464831999994967
29.464831999994967
29.464831999994967
29.464831999994967
29.464831999994967
29.464831999994967
29.464831999994967
29.464831999994967
29.464831999994967
29.464831999994967
29.464831999994967
29.464831999994967
29.464831999994967
29.464831999994967
29.464831999994967
29.464831999994967
29.464831999994967
29.464831999994967
29.464831999994967
29.464831999994967
29.464831999994967
29.464831999994967
29.464831999994967
29.464831999994967
29.464831999994967
29.464831999994967
29.464831999994967
29.464831999994967
29.464831999994967
29.464831999994967
29.464831999994967
29.464831999994967
29.464831999994967
29.464831999994967
29.464831999994967
29.464831999994967
29.464831999994967
29.464831999994967
29.464831999994967
29.464831999994967
29.464831999994967
29.464831999994967
29.464831999994967
29.464831999994967
29.464831999994967
29.464831999994967
29.464831999994967
29.464831999994967
29.464831999994967
29.464831999994967
29.464831999994967
29.464831999994967
29.464831999994967
29.464831999994967
29.464831999994967
29.464831999994967
29.464831999994967
29.464831999994967
29.464831999994967
29.464831999994967
29.464831999994967
29.464831999994967
29.464831999994967
29.464831999994967
29.464831999994967
29.464831999994967
29.464831999994967
29.464831999994967
29.464831999994967
29.464831999994967
29.464831999994967
29.464831999994967
29.464831999994967
29.464831999994967
29.464831999994967
29.464831999994967
29.464831999994967
29.464831999994967
29.464831999994967
29.464831999994967
29.464831999994967
29.464831999994967
29.464831999994967
29.464831999994967
29.464831999994967
29.464831999994967
29.464831999994967
29.464831999994967
29.464831999994967
29.464831999994967
29.464831999994967
29.464831999994967
29.464831999994967
29.464831999994967
29.464831999994967
29.464831999994967
29.464831999994967
29.464831999994967
29.464831999994967
29.464831999994967
29.464831999994967
29.464831999994967
29.464831999994967
29.464831999994967
29.464831999994967
29.464831999994967
29.464831999994967
29.464831999994967
29.464831999994967
29.464831999994967
29.464831999994967
29.464831999994967
29.464831999994967
29.464831999994967
29.464831999994967
29.464831999994967
29.464831999994967
29.464831999994967
29.464831999994967
29.464831999994967
29.464831999994967
29.464831999994967
29.464831999994967
29.464831999994967
29.464831999994967
29.464831999994967
29.464831999994967
29.464831999994967
29.464831999994967
29.464831999994967
29.464831999994967
29.464831999994967
29.464831999994967
29.464831999994967
29.464831999994967
29.464831999994967
29.464831999994967
29.464831999994967
29.464831999994967
29.464831999994967
29.464831999994967
29.464831999994967
29.464831999994967
29.464831999994967
29.464831999994967
29.464831999994967
29.464831999994967
29.464831999994967
29.464831999994967
29.464831999994967
29.464831999994967
29.464831999994967
29.464831999994967
29.464831999994967
29.464831999994967
29.464831999994967
29.464831999994967
29.464831999994967
29.464831999994967
29.464831999994967
29.464831999994967
29.464831999994967
29.464831999994967
29.464831999994967
29.464831999994967
29.464831999994967
29.464831999994967
29.464831999994967
29.464831999994967
29.464831999994967
29.464831999994967
29.464831999994967
29.464831999994967
29.464831999994967
29.464831999994967
29.464831999994967
29.464831999994967
29.464831999994967
29.464831999994967
29.464831999994967
29.464831999994967
29.464831999994967
29.464831999994967
29.464831999994967
29.464831999994967
29.464831999994967
29.464831999994967
29.464831999994967
29.464831999994967
29.464831999994967
29.464831999994967
29.464831999994967
29.464831999994967
29.464831999994967
29.464831999994967
29.464831999994967
29.464831999994967
29.464831999994967
29.464831999994967
29.464831999994967
29.464831999994967
29.464831999994967
29.464831999994967
29.464831999994967
29.464831999994967
29.464831999994967
29.464831999994967
29.464831999994967
29.464831999994967
29.464831999994967
29.464831999994967
29.464831999994967
29.464831999994967
29.464831999994967
29.464831999994967
29.464831999994967
29.464831999994967
29.464831999994967
29.464831999994967
29.464831999994967
29.464831999994967
29.464831999994967
29.464831999994967
29.464831999994967
29.464831999994967
29.464831999994967
29.464831999994967
29.464831999994967
29.464831999994967
29.464831999994967
29.464831999994967
29.464831999994967
29.464831999994967
29.464831999994967
29.464831999994967
29.464831999994967
29.464831999994967
29.464831999994967
29.464831999994967
29.464831999994967
29.464831999994967
29.464831999994967
29.464831999994967
29.464831999994967
29.464831999994967
29.464831999994967
29.464831999994967
29.464831999994967
29.464831999994967
29.464831999994967
29.464831999994967
29.464831999994967
29.464831999994967
29.464831999994967
29.464831999994967
29.464831999994967
29.464831999994967
29.464831999994967
29.464831999994967
29.464831999994967
29.464831999994967
29.464831999994967
29.464831999994967
29.464831999994967
29.464831999994967
29.464831999994967
29.464831999994967
29.464831999994967
29.464831999994967
29.464831999994967
29.464831999994967
29.464831999994967
29.464831999994967
29.464831999994967
29.464831999994967
29.464831999994967
29.464831999994967
29.464831999994967
29.464831999994967
29.464831999994967
29.464831999994967
29.464831999994967
29.464831999994967
29.464831999994967
29.464831999994967
29.464831999994967
29.464831999994967
29.464831999994967
29.464831999994967
29.464831999994967
29.464831999994967
29.464831999994967
29.464831999994967
29.464831999994967
29.464831999994967
29.464831999994967
29.464831999994967
29.464831999994967
29.464831999994967
29.464831999994967
29.464831999994967
29.464831999994967
29.464831999994967
29.464831999994967
29.464831999994967
29.464831999994967
29.464831999994967
29.464831999994967
29.464831999994967
29.464831999994967
29.464831999994967
29.464831999994967
29.464831999994967
29.464831999994967
29.464831999994967
29.464831999994967
29.464831999994967
29.464831999994967
29.464831999994967
29.464831999994967
29.464831999994967
29.464831999994967
29.464831999994967
29.464831999994967
29.464831999994967
29.464831999994967
29.464831999994967
29.464831999994967
29.464831999994967
29.464831999994967
29.464831999994967
29.464831999994967
29.464831999994967
29.464831999994967
29.464831999994967
29.464831999994967
29.464831999994967
29.464831999994967
29.464831999994967
29.464831999994967
29.464831999994967
29.464831999994967
29.464831999994967
29.464831999994967
29.464831999994967
29.464831999994967
29.464831999994967
29.464831999994967
29.464831999994967
29.464831999994967
29.464831999994967
29.464831999994967
29.464831999994967
29.464831999994967
29.464831999994967
29.464831999994967
29.464831999994967
29.464831999994967
29.464831999994967
29.464831999994967
29.464831999994967
29.464831999994967
29.464831999994967
29.464831999994967
29.464831999994967
29.464831999994967
29.464831999994967
29.464831999994967
29.464831999994967
29.464831999994967
29.464831999994967
29.464831999994967
29.464831999994967
29.464831999994967
29.464831999994967
29.464831999994967
29.464831999994967
29.464831999994967
29.464831999994967
29.464831999994967
29.464831999994967
29.464831999994967
29.464831999994967
29.464831999994967
29.464831999994967
29.464831999994967
29.464831999994967
29.464831999994967
29.464831999994967
29.464831999994967
29.464831999994967
29.464831999994967
29.464831999994967
29.464831999994967
29.464831999994967
29.464831999994967
29.464831999994967
29.464831999994967
29.464831999994967
29.464831999994967
29.464831999994967
29.464831999994967
29.464831999994967
29.464831999994967
29.464831999994967
29.464831999994967
29.464831999994967
29.464831999994967
29.464831999994967
29.464831999994967
29.464831999994967
29.464831999994967
29.464831999994967
29.464831999994967
29.464831999994967
29.464831999994967
29.464831999994967
29.464831999994967
29.464831999994967
29.464831999994967
29.464831999994967
29.464831999994967
29.464831999994967
29.464831999994967
29.464831999994967
29.464831999994967
29.464831999994967
29.464831999994967
29.464831999994967
29.464831999994967
29.464831999994967
29.464831999994967
29.464831999994967
29.464831999994967
29.464831999994967
29.464831999994967
29.464831999994967
29.464831999994967
29.464831999994967
29.464831999994967
29.464831999994967
29.464831999994967
29.464831999994967
29.464831999994967
29.464831999994967
29.464831999994967
29.464831999994967
29.464831999994967
29.464831999994967
29.464831999994967
29.464831999994967
29.464831999994967
29.464831999994967
29.464831999994967
29.464831999994967
29.464831999994967
29.464831999994967
29.464831999994967
29.464831999994967
29.464831999994967
29.464831999994967
29.464831999994967
29.464831999994967
29.464831999994967
29.464831999994967
29.464831999994967
29.464831999994967
29.464831999994967
29.464831999994967
29.464831999994967
29.464831999994967
29.464831999994967
29.464831999994967
29.464831999994967
29.464831999994967
29.464831999994967
29.464831999994967
29.464831999994967
29.464831999994967
29.464831999994967
29.464831999994967
29.464831999994967
29.464831999994967
29.464831999994967
29.464831999994967
29.464831999994967
29.464831999994967
29.464831999994967
29.464831999994967
29.464831999994967
29.464831999994967
29.464831999994967
29.464831999994967
29.464831999994967
29.464831999994967
29.464831999994967
29.464831999994967
29.464831999994967
29.464831999994967
29.464831999994967
29.464831999994967
29.464831999994967
29.464831999994967
29.464831999994967
29.464831999994967
29.464831999994967
29.464831999994967
29.464831999994967
29.464831999994967
29.464831999994967
29.464831999994967
29.464831999994967
29.464831999994967
29.464831999994967
29.464831999994967
29.464831999994967
29.464831999994967
29.464831999994967
29.464831999994967
29.464831999994967
29.464831999994967
29.464831999994967
29.464831999994967
29.464831999994967
29.464831999994967
29.464831999994967
29.464831999994967
29.464831999994967
29.464831999994967
29.464831999994967
29.464831999994967
29.464831999994967
29.464831999994967
29.464831999994967
29.464831999994967
29.464831999994967
29.464831999994967
29.464831999994967
29.464831999994967
29.464831999994967
29.464831999994967
29.464831999994967
29.464831999994967
29.464831999994967
29.464831999994967
29.464831999994967
29.464831999994967
29.464831999994967
29.464831999994967
29.464831999994967
29.464831999994967
29.464831999994967
29.464831999994967
29.464831999994967
29.464831999994967
29.464831999994967
29.464831999994967
29.464831999994967
29.464831999994967
29.464831999994967
29.464831999994967
29.464831999994967
29.464831999994967
29.464831999994967
29.464831999994967
29.464831999994967
29.464831999994967
29.464831999994967
29.464831999994967
29.464831999994967
29.464831999994967
29.464831999994967
29.464831999994967
29.464831999994967
29.464831999994967
29.464831999994967
29.464831999994967
29.464831999994967
29.464831999994967
29.464831999994967
29.464831999994967
29.464831999994967
29.464831999994967
29.464831999994967
29.464831999994967
29.464831999994967
29.464831999994967
29.464831999994967
29.464831999994967
29.464831999994967
29.464831999994967
29.464831999994967
29.464831999994967
29.464831999994967
29.464831999994967
29.464831999994967
29.464831999994967
29.464831999994967
29.464831999994967
29.464831999994967
29.464831999994967
29.464831999994967
29.464831999994967
29.464831999994967
29.464831999994967
29.464831999994967
29.464831999994967
29.464831999994967
29.464831999994967
29.464831999994967
29.464831999994967
29.464831999994967
29.464831999994967
29.464831999994967
29.464831999994967
29.464831999994967
29.464831999994967
29.464831999994967
29.464831999994967
29.464831999994967
29.464831999994967
29.464831999994967
29.464831999994967
29.464831999994967
29.464831999994967
29.464831999994967
29.464831999994967
29.464831999994967
29.464831999994967
29.464831999994967
29.464831999994967
29.464831999994967
29.464831999994967
29.464831999994967
29.464831999994967
29.464831999994967
29.464831999994967
29.464831999994967
29.464831999994967
29.464831999994967
29.464831999994967
29.464831999994967
29.464831999994967
29.464831999994967
29.464831999994967
29.464831999994967
29.464831999994967
29.464831999994967
29.464831999994967
29.464831999994967
29.464831999994967
29.464831999994967
29.464831999994967
29.464831999994967
29.464831999994967
29.464831999994967
29.464831999994967
29.464831999994967
29.464831999994967
29.464831999994967
29.464831999994967
29.464831999994967
29.464831999994967
29.464831999994967
29.464831999994967
29.464831999994967
29.464831999994967
29.464831999994967
29.464831999994967
29.464831999994967
29.464831999994967
29.464831999994967
29.464831999994967
29.464831999994967
29.464831999994967
29.464831999994967
29.464831999994967
29.464831999994967
29.464831999994967
29.464831999994967
29.464831999994967
29.464831999994967
29.464831999994967
29.464831999994967
29.464831999994967
29.464831999994967
29.464831999994967
29.464831999994967
29.464831999994967
29.464831999994967
29.464831999994967
29.464831999994967
29.464831999994967
29.464831999994967
29.464831999994967
29.464831999994967
29.464831999994967
29.464831999994967
29.464831999994967
29.464831999994967
29.464831999994967
29.464831999994967
29.464831999994967
29.464831999994967
29.464831999994967
29.464831999994967
29.464831999994967
29.464831999994967
29.464831999994967
29.464831999994967
29.464831999994967
29.464831999994967
29.464831999994967
29.464831999994967
29.464831999994967
29.464831999994967
29.464831999994967
29.464831999994967
29.464831999994967
29.464831999994967
29.464831999994967
29.464831999994967
29.464831999994967
29.464831999994967
29.464831999994967
29.464831999994967
29.464831999994967
29.464831999994967
29.464831999994967
29.464831999994967
29.464831999994967
29.464831999994967
29.464831999994967
29.464831999994967
29.464831999994967
29.464831999994967
29.464831999994967
29.464831999994967
29.464831999994967
29.464831999994967
29.464831999994967
29.464831999994967
29.464831999994967
29.464831999994967
29.464831999994967
29.464831999994967
29.464831999994967
29.464831999994967
29.464831999994967
29.464831999994967
29.464831999994967
29.464831999994967
29.464831999994967
29.464831999994967
29.464831999994967
29.464831999994967
29.464831999994967
29.464831999994967
29.464831999994967
29.464831999994967
29.464831999994967
29.464831999994967
29.464831999994967
29.464831999994967
29.464831999994967
29.464831999994967
29.464831999994967
29.464831999994967
29.464831999994967
29.464831999994967
29.464831999994967
29.464831999994967
29.464831999994967
29.464831999994967
29.464831999994967
29.464831999994967
29.464831999994967
29.464831999994967
29.464831999994967
29.464831999994967
29.464831999994967
29.464831999994967
29.464831999994967
29.464831999994967
29.464831999994967
29.464831999994967
29.464831999994967
29.464831999994967
29.464831999994967
29.464831999994967
29.464831999994967
29.464831999994967
29.464831999994967
29.464831999994967
29.464831999994967
29.464831999994967
29.464831999994967
29.464831999994967
29.464831999994967
29.464831999994967
29.464831999994967
29.464831999994967
29.464831999994967
29.464831999994967
29.464831999994967
29.464831999994967
29.464831999994967
29.464831999994967
29.464831999994967
29.464831999994967
29.464831999994967
29.464831999994967
29.464831999994967
29.464831999994967
29.464831999994967
29.464831999994967
29.464831999994967
29.464831999994967
29.464831999994967
29.464831999994967
29.464831999994967
29.464831999994967
29.464831999994967
29.464831999994967
29.464831999994967
29.464831999994967
29.464831999994967
29.464831999994967
29.464831999994967
29.464831999994967
29.464831999994967
29.464831999994967
29.464831999994967
29.464831999994967
29.464831999994967
29.464831999994967
29.464831999994967
29.464831999994967
29.464831999994967
29.464831999994967
29.464831999994967
29.464831999994967
29.464831999994967
29.464831999994967
29.464831999994967
29.464831999994967
29.464831999994967
29.464831999994967
29.464831999994967
29.464831999994967
29.464831999994967
29.464831999994967
29.464831999994967
29.464831999994967
29.464831999994967
29.464831999994967
29.464831999994967
29.464831999994967
29.464831999994967
29.464831999994967
29.464831999994967
29.464831999994967
29.464831999994967
29.464831999994967
29.464831999994967
29.464831999994967
29.464831999994967
29.464831999994967
29.464831999994967
29.464831999994967
29.464831999994967
29.464831999994967
29.464831999994967
29.464831999994967
29.464831999994967
29.464831999994967
29.464831999994967
29.464831999994967
29.464831999994967
29.464831999994967
29.464831999994967
29.464831999994967
29.464831999994967
29.464831999994967
29.464831999994967
29.464831999994967
29.464831999994967
29.464831999994967
29.464831999994967
29.464831999994967
29.464831999994967
29.464831999994967
29.464831999994967
29.464831999994967
29.464831999994967
29.464831999994967
29.464831999994967
29.464831999994967
29.464831999994967
29.464831999994967
29.464831999994967
29.464831999994967
29.464831999994967
29.464831999994967
29.464831999994967
29.464831999994967
29.464831999994967
29.464831999994967
29.464831999994967
29.464831999994967
29.464831999994967
29.464831999994967
29.464831999994967
29.464831999994967
29.464831999994967
29.464831999994967
29.464831999994967
29.464831999994967
29.464831999994967
29.464831999994967
29.464831999994967
29.464831999994967
29.464831999994967
29.464831999994967
29.464831999994967
29.464831999994967
29.464831999994967
29.464831999994967
29.464831999994967
29.464831999994967
29.464831999994967
29.464831999994967
29.464831999994967
29.464831999994967
29.464831999994967
29.464831999994967
29.464831999994967
29.464831999994967
29.464831999994967
29.464831999994967
29.464831999994967
29.464831999994967
29.464831999994967
29.464831999994967
29.464831999994967
29.464831999994967
29.464831999994967
29.464831999994967
29.464831999994967
29.464831999994967
29.464831999994967
29.464831999994967
29.464831999994967
29.464831999994967
29.464831999994967
29.464831999994967
29.464831999994967
29.464831999994967
29.464831999994967
29.464831999994967
29.464831999994967
29.464831999994967
29.464831999994967
29.464831999994967
29.464831999994967
29.464831999994967
29.464831999994967
29.464831999994967
29.464831999994967
29.464831999994967
29.464831999994967
29.464831999994967
29.464831999994967
29.464831999994967
29.464831999994967
29.464831999994967
29.464831999994967
29.464831999994967
29.464831999994967
29.464831999994967
29.464831999994967
29.464831999994967
29.464831999994967
29.464831999994967
29.464831999994967
29.464831999994967
29.464831999994967
29.464831999994967
29.464831999994967
29.464831999994967
29.464831999994967
29.464831999994967
29.464831999994967
29.464831999994967
29.464831999994967
29.464831999994967
29.464831999994967
29.464831999994967
29.464831999994967
29.464831999994967
29.464831999994967
29.464831999994967
29.464831999994967
29.464831999994967
29.464831999994967
29.464831999994967
29.464831999994967
29.464831999994967
29.464831999994967
29.464831999994967
29.464831999994967
29.464831999994967
29.464831999994967
29.464831999994967
29.464831999994967
29.464831999994967
29.464831999994967
29.464831999994967
29.464831999994967
29.464831999994967
29.464831999994967
29.464831999994967
29.464831999994967
29.464831999994967
29.464831999994967
29.464831999994967
29.464831999994967
29.464831999994967
29.464831999994967
29.464831999994967
29.464831999994967
29.464831999994967
29.464831999994967
29.464831999994967
29.464831999994967
29.464831999994967
29.464831999994967
29.464831999994967
29.464831999994967
29.464831999994967
29.464831999994967
29.464831999994967
29.464831999994967
29.464831999994967
29.464831999994967
29.464831999994967
29.464831999994967
29.464831999994967
29.464831999994967
29.464831999994967
29.464831999994967
29.464831999994967
29.464831999994967
29.464831999994967
29.464831999994967
29.464831999994967
29.464831999994967
29.464831999994967
29.464831999994967
29.464831999994967
29.464831999994967
29.464831999994967
29.464831999994967
29.464831999994967
29.464831999994967
29.464831999994967
29.464831999994967
29.464831999994967
29.464831999994967
29.464831999994967
29.464831999994967
29.464831999994967
29.464831999994967
29.464831999994967
29.464831999994967
29.464831999994967
29.464831999994967
29.464831999994967
29.464831999994967
29.464831999994967
29.464831999994967
29.464831999994967
29.464831999994967
29.464831999994967
29.464831999994967
29.464831999994967
29.464831999994967
29.464831999994967
29.464831999994967
29.464831999994967
29.464831999994967
29.464831999994967
29.464831999994967
29.464831999994967
29.464831999994967
29.464831999994967
29.464831999994967
29.464831999994967
29.464831999994967
29.464831999994967
29.464831999994967
29.464831999994967
29.464831999994967
29.464831999994967
29.464831999994967
29.464831999994967
29.464831999994967
29.464831999994967
29.464831999994967
29.464831999994967
29.464831999994967
29.464831999994967
29.464831999994967
29.464831999994967
29.464831999994967
29.464831999994967
29.464831999994967
29.464831999994967
29.464831999994967
29.464831999994967
29.464831999994967
29.464831999994967
29.464831999994967
29.464831999994967
29.464831999994967
29.464831999994967
29.464831999994967
29.464831999994967
29.464831999994967
29.464831999994967
29.464831999994967
29.464831999994967
29.464831999994967
29.464831999994967
29.464831999994967
29.464831999994967
29.464831999994967
29.464831999994967
29.464831999994967
29.464831999994967
29.464831999994967
29.464831999994967
29.464831999994967
29.464831999994967
29.464831999994967
29.464831999994967
29.464831999994967
29.464831999994967
29.464831999994967
29.464831999994967
29.464831999994967
29.464831999994967
29.464831999994967
29.464831999994967
29.464831999994967
29.464831999994967
29.464831999994967
29.464831999994967
29.464831999994967
29.464831999994967
29.464831999994967
29.464831999994967
29.464831999994967
29.464831999994967
29.464831999994967
29.464831999994967
29.464831999994967
29.464831999994967
29.464831999994967
29.464831999994967
29.464831999994967
29.464831999994967
29.464831999994967
29.464831999994967
29.464831999994967
29.464831999994967
29.464831999994967
29.464831999994967
29.464831999994967
29.464831999994967
29.464831999994967
29.464831999994967
29.464831999994967
29.464831999994967
29.464831999994967
29.464831999994967
29.464831999994967
29.464831999994967
29.464831999994967
29.464831999994967
29.464831999994967
29.464831999994967
29.464831999994967
29.464831999994967
29.464831999994967
29.464831999994967
29.464831999994967
29.464831999994967
29.464831999994967
29.464831999994967
29.464831999994967
29.464831999994967
29.464831999994967
29.464831999994967
29.464831999994967
29.464831999994967
29.464831999994967
29.464831999994967
29.464831999994967
29.464831999994967
29.464831999994967
29.464831999994967
29.464831999994967
29.464831999994967
29.464831999994967
29.464831999994967
29.464831999994967
29.464831999994967
29.464831999994967
29.464831999994967
29.464831999994967
29.464831999994967
29.464831999994967
29.464831999994967
29.464831999994967
29.464831999994967
29.464831999994967
29.464831999994967
29.464831999994967
29.464831999994967
29.464831999994967
29.464831999994967
29.464831999994967
29.464831999994967
29.464831999994967
29.464831999994967
29.464831999994967
29.464831999994967
29.464831999994967
29.464831999994967
29.464831999994967
29.464831999994967
29.464831999994967
29.464831999994967
29.464831999994967
29.464831999994967
29.464831999994967
29.464831999994967
29.464831999994967
29.464831999994967
29.464831999994967
29.464831999994967
29.464831999994967
29.464831999994967
29.464831999994967
29.464831999994967
29.464831999994967
29.464831999994967
29.464831999994967
29.464831999994967
29.464831999994967
29.464831999994967
29.464831999994967
29.464831999994967
29.464831999994967
29.464831999994967
29.464831999994967
29.464831999994967
29.464831999994967
29.464831999994967
29.464831999994967
29.464831999994967
29.464831999994967
29.464831999994967
29.464831999994967
29.464831999994967
29.464831999994967
29.464831999994967
29.464831999994967
29.464831999994967
29.464831999994967
29.464831999994967
29.464831999994967
29.464831999994967
29.464831999994967
29.464831999994967
29.464831999994967
29.464831999994967
29.464831999994967
29.464831999994967
29.464831999994967
29.464831999994967
29.464831999994967
29.464831999994967
29.464831999994967
29.464831999994967
29.464831999994967
29.464831999994967
29.464831999994967
29.464831999994967
29.464831999994967
29.464831999994967
29.464831999994967
29.464831999994967
29.464831999994967
29.464831999994967
29.464831999994967
29.464831999994967
29.464831999994967
29.464831999994967
29.464831999994967
29.464831999994967
29.464831999994967
29.464831999994967
29.464831999994967
29.464831999994967
29.464831999994967
29.464831999994967
29.464831999994967
29.464831999994967
29.464831999994967
29.464831999994967
29.464831999994967
29.464831999994967
29.464831999994967
29.464831999994967
29.464831999994967
29.464831999994967
29.464831999994967
29.464831999994967
29.464831999994967
29.464831999994967
29.464831999994967
29.464831999994967
29.464831999994967
29.464831999994967
29.464831999994967
29.464831999994967
29.464831999994967
29.464831999994967
29.464831999994967
29.464831999994967
29.464831999994967
29.464831999994967
29.464831999994967
29.464831999994967
29.464831999994967
29.464831999994967
29.464831999994967
29.464831999994967
29.464831999994967
29.464831999994967
29.464831999994967
29.464831999994967
29.464831999994967
29.464831999994967
29.464831999994967
29.464831999994967
29.464831999994967
29.464831999994967
29.464831999994967
29.464831999994967
29.464831999994967
29.464831999994967
29.464831999994967
29.464831999994967
29.464831999994967
29.464831999994967
29.464831999994967
29.464831999994967
29.464831999994967
29.464831999994967
29.464831999994967
29.464831999994967
29.464831999994967
29.464831999994967
29.464831999994967
29.464831999994967
29.464831999994967
29.464831999994967
29.464831999994967
29.464831999994967
29.464831999994967
29.464831999994967
29.464831999994967
29.464831999994967
29.464831999994967
29.464831999994967
29.464831999994967
29.464831999994967
29.464831999994967
29.464831999994967
29.464831999994967
29.464831999994967
29.464831999994967
29.464831999994967
29.464831999994967
29.464831999994967
29.464831999994967
29.464831999994967
29.464831999994967
29.464831999994967
29.464831999994967
29.464831999994967
29.464831999994967
29.464831999994967
29.464831999994967
29.464831999994967
29.464831999994967
29.464831999994967
29.464831999994967
29.464831999994967
29.464831999994967
29.464831999994967
29.464831999994967
29.464831999994967
29.464831999994967
29.464831999994967
29.464831999994967
29.464831999994967
29.464831999994967
29.464831999994967
29.464831999994967
29.464831999994967
29.464831999994967
29.464831999994967
29.464831999994967
29.464831999994967
29.464831999994967
29.464831999994967
29.464831999994967
29.464831999994967
29.464831999994967
29.464831999994967
29.464831999994967
29.464831999994967
29.464831999994967
29.464831999994967
29.464831999994967
29.464831999994967
29.464831999994967
29.464831999994967
29.464831999994967
29.464831999994967
29.464831999994967
29.464831999994967
29.464831999994967
29.464831999994967
29.464831999994967
29.464831999994967
29.464831999994967
29.464831999994967
29.464831999994967
29.464831999994967
29.464831999994967
29.464831999994967
29.464831999994967
29.464831999994967
29.464831999994967
29.464831999994967
29.464831999994967
29.464831999994967
29.464831999994967
29.464831999994967
29.464831999994967
29.464831999994967
29.464831999994967
29.464831999994967
29.464831999994967
29.464831999994967
29.464831999994967
29.464831999994967
29.464831999994967
29.464831999994967
29.464831999994967
29.464831999994967
29.464831999994967
29.464831999994967
29.464831999994967
29.464831999994967
29.464831999994967
29.464831999994967
29.464831999994967
29.464831999994967
29.464831999994967
29.464831999994967
29.464831999994967
29.464831999994967
29.464831999994967
29.464831999994967
29.464831999994967
29.464831999994967
29.464831999994967
29.464831999994967
29.464831999994967
29.464831999994967
29.464831999994967
29.464831999994967
29.464831999994967
29.464831999994967
29.464831999994967
29.464831999994967
29.464831999994967
29.464831999994967
29.464831999994967
29.464831999994967
29.464831999994967
29.464831999994967
29.464831999994967
29.464831999994967
29.464831999994967
29.464831999994967
29.464831999994967
29.464831999994967
29.464831999994967
29.464831999994967
29.464831999994967
29.464831999994967
29.464831999994967
29.464831999994967
29.464831999994967
29.464831999994967
29.464831999994967
29.464831999994967
29.464831999994967
29.464831999994967
29.464831999994967
29.464831999994967
29.464831999994967
29.464831999994967
29.464831999994967
29.464831999994967
29.464831999994967
29.464831999994967
29.464831999994967
29.464831999994967
29.464831999994967
29.464831999994967
29.464831999994967
29.464831999994967
29.464831999994967
29.464831999994967
29.464831999994967
29.464831999994967
29.464831999994967
29.464831999994967
29.464831999994967
29.464831999994967
29.464831999994967
29.464831999994967
29.464831999994967
29.464831999994967
29.464831999994967
29.464831999994967
29.464831999994967
29.464831999994967
29.464831999994967
29.464831999994967
29.464831999994967
29.464831999994967
29.464831999994967
29.464831999994967
29.464831999994967
29.464831999994967
29.464831999994967
29.464831999994967
29.464831999994967
29.464831999994967
29.464831999994967
29.464831999994967
29.464831999994967
29.464831999994967
29.464831999994967
29.464831999994967
29.464831999994967
29.464831999994967
29.464831999994967
29.464831999994967
29.464831999994967
29.464831999994967
29.464831999994967
29.464831999994967
29.464831999994967
29.464831999994967
29.464831999994967
29.464831999994967
29.464831999994967
29.464831999994967
29.464831999994967
29.464831999994967
29.464831999994967
29.464831999994967
29.464831999994967
29.464831999994967
29.464831999994967
29.464831999994967
29.464831999994967
29.464831999994967
29.464831999994967
29.464831999994967
29.464831999994967
29.464831999994967
29.464831999994967
29.464831999994967
29.464831999994967
29.464831999994967
29.464831999994967
29.464831999994967
29.464831999994967
29.464831999994967
29.464831999994967
29.464831999994967
29.464831999994967
29.464831999994967
29.464831999994967
29.464831999994967
29.464831999994967
29.464831999994967
29.464831999994967
29.464831999994967
29.464831999994967
29.464831999994967
29.464831999994967
29.464831999994967
29.464831999994967
29.464831999994967
29.464831999994967
29.464831999994967
29.464831999994967
29.464831999994967
29.464831999994967
29.464831999994967
29.464831999994967
29.464831999994967
29.464831999994967
29.464831999994967
29.464831999994967
29.464831999994967
29.464831999994967
29.464831999994967
29.464831999994967
29.464831999994967
29.464831999994967
29.464831999994967
29.464831999994967
29.464831999994967
29.464831999994967
29.464831999994967
29.464831999994967
29.464831999994967
29.464831999994967
29.464831999994967
29.464831999994967
29.464831999994967
29.464831999994967
29.464831999994967
29.464831999994967
29.464831999994967
29.464831999994967
29.464831999994967
29.464831999994967
29.464831999994967
29.464831999994967
29.464831999994967
29.464831999994967
29.464831999994967
29.464831999994967
29.464831999994967
29.464831999994967
29.464831999994967
29.464831999994967
29.464831999994967
29.464831999994967
29.464831999994967
29.464831999994967
29.464831999994967
29.464831999994967
29.464831999994967
29.464831999994967
29.464831999994967
29.464831999994967
29.464831999994967
29.464831999994967
29.464831999994967
29.464831999994967
29.464831999994967
29.464831999994967
29.464831999994967
29.464831999994967
29.464831999994967
29.464831999994967
29.464831999994967
29.464831999994967
29.464831999994967
29.464831999994967
29.464831999994967
29.464831999994967
29.464831999994967
29.464831999994967
29.464831999994967
29.464831999994967
29.464831999994967
29.464831999994967
29.464831999994967
29.464831999994967
29.464831999994967
29.464831999994967
29.464831999994967
29.464831999994967
29.464831999994967
29.464831999994967
29.464831999994967
29.464831999994967
29.464831999994967
29.464831999994967
29.464831999994967
29.464831999994967
29.464831999994967
29.464831999994967
29.464831999994967
29.464831999994967
29.464831999994967
29.464831999994967
29.464831999994967
29.464831999994967
29.464831999994967
29.464831999994967
29.464831999994967
29.464831999994967
29.464831999994967
29.464831999994967
29.464831999994967
29.464831999994967
29.464831999994967
29.464831999994967
29.464831999994967
29.464831999994967
29.464831999994967
29.464831999994967
29.464831999994967
29.464831999994967
29.464831999994967
29.464831999994967
29.464831999994967
29.464831999994967
29.464831999994967
29.464831999994967
29.464831999994967
29.464831999994967
29.464831999994967
29.464831999994967
29.464831999994967
29.464831999994967
29.464831999994967
29.464831999994967
29.464831999994967
29.464831999994967
29.464831999994967
29.464831999994967
29.464831999994967
29.464831999994967
29.464831999994967
29.464831999994967
29.464831999994967
29.464831999994967
29.464831999994967
29.464831999994967
29.464831999994967
29.464831999994967
29.464831999994967
29.464831999994967
29.464831999994967
29.464831999994967
29.464831999994967
29.464831999994967
29.464831999994967
29.464831999994967
29.464831999994967
29.464831999994967
29.464831999994967
29.464831999994967
29.464831999994967
29.464831999994967
29.464831999994967
29.464831999994967
29.464831999994967
29.464831999994967
29.464831999994967
29.464831999994967
29.464831999994967
29.464831999994967
29.464831999994967
29.464831999994967
29.464831999994967
29.464831999994967
29.464831999994967
29.464831999994967
29.464831999994967
29.464831999994967
29.464831999994967
29.464831999994967
29.464831999994967
29.464831999994967
29.464831999994967
29.464831999994967
29.464831999994967
29.464831999994967
29.464831999994967
29.464831999994967
29.464831999994967
29.464831999994967
29.464831999994967
29.464831999994967
29.464831999994967
29.464831999994967
29.464831999994967
29.464831999994967
29.464831999994967
29.464831999994967
29.464831999994967
29.464831999994967
29.464831999994967
29.464831999994967
29.464831999994967
29.464831999994967
29.464831999994967
29.464831999994967
29.464831999994967
29.464831999994967
29.464831999994967
29.464831999994967
29.464831999994967
29.464831999994967
29.464831999994967
29.464831999994967
29.464831999994967
29.464831999994967
29.464831999994967
29.464831999994967
29.464831999994967
29.464831999994967
29.464831999994967
29.464831999994967
29.464831999994967
29.464831999994967
29.464831999994967
29.464831999994967
29.464831999994967
29.464831999994967
29.464831999994967
29.464831999994967
29.464831999994967
29.464831999994967
29.464831999994967
29.464831999994967
29.464831999994967
29.464831999994967
29.464831999994967
29.464831999994967
29.464831999994967
29.464831999994967
29.464831999994967
29.464831999994967
29.464831999994967
29.464831999994967
29.464831999994967
29.464831999994967
29.464831999994967
29.464831999994967
29.464831999994967
29.464831999994967
29.464831999994967
29.464831999994967
29.464831999994967
29.464831999994967
29.464831999994967
29.464831999994967
29.464831999994967
29.464831999994967
29.464831999994967
29.464831999994967
29.464831999994967
29.464831999994967
29.464831999994967
29.464831999994967
29.464831999994967
29.464831999994967
29.464831999994967
29.464831999994967
29.464831999994967
29.464831999994967
29.464831999994967
29.464831999994967
29.464831999994967
29.464831999994967
29.464831999994967
29.464831999994967
29.464831999994967
29.464831999994967
29.464831999994967
29.464831999994967
29.464831999994967
29.464831999994967
29.464831999994967
29.464831999994967
29.464831999994967
29.464831999994967
29.464831999994967
29.464831999994967
29.464831999994967
29.464831999994967
29.464831999994967
29.464831999994967
29.464831999994967
29.464831999994967
29.464831999994967
29.464831999994967
29.464831999994967
29.464831999994967
29.464831999994967
29.464831999994967
29.464831999994967
29.464831999994967
29.464831999994967
29.464831999994967
29.464831999994967
29.464831999994967
29.464831999994967
29.464831999994967
29.464831999994967
29.464831999994967
29.464831999994967
29.464831999994967
29.464831999994967
29.464831999994967
29.464831999994967
29.464831999994967
29.464831999994967
29.464831999994967
29.464831999994967
29.464831999994967
29.464831999994967
29.464831999994967
29.464831999994967
29.464831999994967
29.464831999994967
29.464831999994967
29.464831999994967
29.464831999994967
29.464831999994967
29.464831999994967
29.464831999994967
29.464831999994967
29.464831999994967
29.464831999994967
29.464831999994967
29.464831999994967
29.464831999994967
29.464831999994967
29.464831999994967
29.464831999994967
29.464831999994967
29.464831999994967
29.464831999994967
29.464831999994967
29.464831999994967
29.464831999994967
29.464831999994967
29.464831999994967
29.464831999994967
29.464831999994967
29.464831999994967
29.464831999994967
29.464831999994967
29.464831999994967
29.464831999994967
29.464831999994967
29.464831999994967
29.464831999994967
29.464831999994967
29.464831999994967
29.464831999994967
29.464831999994967
29.464831999994967
29.464831999994967
29.464831999994967
29.464831999994967
29.464831999994967
29.464831999994967
29.464831999994967
29.464831999994967
29.464831999994967
29.464831999994967
29.464831999994967
29.464831999994967
29.464831999994967
29.464831999994967
29.464831999994967
29.464831999994967
29.464831999994967
29.464831999994967
29.464831999994967
29.464831999994967
29.464831999994967
29.464831999994967
29.464831999994967
29.464831999994967
29.464831999994967
29.464831999994967
29.464831999994967
29.464831999994967
29.464831999994967
29.464831999994967
29.464831999994967
29.464831999994967
29.464831999994967
29.464831999994967
29.464831999994967
29.464831999994967
29.464831999994967
29.464831999994967
29.464831999994967
29.464831999994967
29.464831999994967
29.464831999994967
29.464831999994967
29.464831999994967
29.464831999994967
29.464831999994967
29.464831999994967
29.464831999994967
29.464831999994967
29.464831999994967
29.464831999994967
29.464831999994967
29.464831999994967
29.464831999994967
29.464831999994967
29.464831999994967
29.464831999994967
29.464831999994967
29.464831999994967
29.464831999994967
29.464831999994967
29.464831999994967
29.464831999994967
29.464831999994967
29.464831999994967
29.464831999994967
29.464831999994967
29.464831999994967
29.464831999994967
29.464831999994967
29.464831999994967
29.464831999994967
29.464831999994967
29.464831999994967
29.464831999994967
29.464831999994967
29.464831999994967
29.464831999994967
29.464831999994967
29.464831999994967
29.464831999994967
29.464831999994967
29.464831999994967
29.464831999994967
29.464831999994967
29.464831999994967
29.464831999994967
29.464831999994967
29.464831999994967
29.464831999994967
29.464831999994967
29.464831999994967
29.464831999994967
29.464831999994967
29.464831999994967
29.464831999994967
29.464831999994967
29.464831999994967
29.464831999994967
29.464831999994967
29.464831999994967
29.464831999994967
29.464831999994967
29.464831999994967
29.464831999994967
29.464831999994967
29.464831999994967
29.464831999994967
29.464831999994967
29.464831999994967
29.464831999994967
29.464831999994967
29.464831999994967
29.464831999994967
29.464831999994967
29.464831999994967
29.464831999994967
29.464831999994967
29.464831999994967
29.464831999994967
29.464831999994967
29.464831999994967
29.464831999994967
29.464831999994967
29.464831999994967
29.464831999994967
29.464831999994967
29.464831999994967
29.464831999994967
29.464831999994967
29.464831999994967
29.464831999994967
29.464831999994967
29.464831999994967
29.464831999994967
29.464831999994967
29.464831999994967
29.464831999994967
29.464831999994967
29.464831999994967
29.464831999994967
29.464831999994967
29.464831999994967
29.464831999994967
29.464831999994967
29.464831999994967
29.464831999994967
29.464831999994967
29.464831999994967
29.464831999994967
29.464831999994967
29.464831999994967
29.464831999994967
29.464831999994967
29.464831999994967
29.464831999994967
29.464831999994967
29.464831999994967
29.464831999994967
29.464831999994967
29.464831999994967
29.464831999994967
29.464831999994967
29.464831999994967
29.464831999994967
29.464831999994967
29.464831999994967
29.464831999994967
29.464831999994967
29.464831999994967
29.464831999994967
29.464831999994967
29.464831999994967
29.464831999994967
29.464831999994967
29.464831999994967
29.464831999994967
29.464831999994967
29.464831999994967
29.464831999994967
29.464831999994967
29.464831999994967
29.464831999994967
29.464831999994967
29.464831999994967
29.464831999994967
29.464831999994967
29.464831999994967
29.464831999994967
29.464831999994967
29.464831999994967
29.464831999994967
29.464831999994967
29.464831999994967
29.464831999994967
29.464831999994967
29.464831999994967
29.464831999994967
29.464831999994967
29.464831999994967
29.464831999994967
29.464831999994967
29.464831999994967
29.464831999994967
29.464831999994967
29.464831999994967
29.464831999994967
29.464831999994967
29.464831999994967
29.464831999994967
29.464831999994967
29.464831999994967
29.464831999994967
29.464831999994967
29.464831999994967
29.464831999994967
29.464831999994967
29.464831999994967
29.464831999994967
29.464831999994967
29.464831999994967
29.464831999994967
29.464831999994967
29.464831999994967
29.464831999994967
29.464831999994967
29.464831999994967
29.464831999994967
29.464831999994967
29.464831999994967
29.464831999994967
29.464831999994967
29.464831999994967
29.464831999994967
29.464831999994967
29.464831999994967
29.464831999994967
29.464831999994967
29.464831999994967
29.464831999994967
29.464831999994967
29.464831999994967
29.464831999994967
29.464831999994967
29.464831999994967
29.464831999994967
29.464831999994967
29.464831999994967
29.464831999994967
29.464831999994967
29.464831999994967
29.464831999994967
29.464831999994967
29.464831999994967
29.464831999994967
29.464831999994967
29.464831999994967
29.464831999994967
29.464831999994967
29.464831999994967
29.464831999994967
29.464831999994967
29.464831999994967
29.464831999994967
29.464831999994967
29.464831999994967
29.464831999994967
29.464831999994967
29.464831999994967
29.464831999994967
29.464831999994967
29.464831999994967
29.464831999994967
29.464831999994967
29.464831999994967
29.464831999994967
29.464831999994967
29.464831999994967
29.464831999994967
29.464831999994967
29.464831999994967
29.464831999994967
29.464831999994967
29.464831999994967
29.464831999994967
29.464831999994967
29.464831999994967
29.464831999994967
29.464831999994967
29.464831999994967
29.464831999994967
29.464831999994967
29.464831999994967
29.464831999994967
29.464831999994967
29.464831999994967
29.464831999994967
29.464831999994967
29.464831999994967
29.464831999994967
29.464831999994967
29.464831999994967
29.464831999994967
29.464831999994967
29.464831999994967
29.464831999994967
29.464831999994967
29.464831999994967
29.464831999994967
29.464831999994967
29.464831999994967
29.464831999994967
29.464831999994967
29.464831999994967
29.464831999994967
29.464831999994967
29.464831999994967
29.464831999994967
29.464831999994967
29.464831999994967
29.464831999994967
29.464831999994967
29.464831999994967
29.464831999994967
29.464831999994967
29.464831999994967
29.464831999994967
29.464831999994967
29.464831999994967
29.464831999994967
29.464831999994967
29.464831999994967
29.464831999994967
29.464831999994967
29.464831999994967
29.464831999994967
29.464831999994967
29.464831999994967
29.464831999994967
29.464831999994967
29.464831999994967
29.464831999994967
29.464831999994967
29.464831999994967
29.464831999994967
29.464831999994967
29.464831999994967
29.464831999994967
29.464831999994967
29.464831999994967
29.464831999994967
29.464831999994967
29.464831999994967
29.464831999994967
29.464831999994967
29.464831999994967
29.464831999994967
29.464831999994967
29.464831999994967
29.464831999994967
29.464831999994967
29.464831999994967
29.464831999994967
29.464831999994967
29.464831999994967
29.464831999994967
29.464831999994967
29.464831999994967
29.464831999994967
29.464831999994967
29.464831999994967
29.464831999994967
29.464831999994967
29.464831999994967
29.464831999994967
29.464831999994967
29.464831999994967
29.464831999994967
29.464831999994967
29.464831999994967
29.464831999994967
29.464831999994967
29.464831999994967
29.464831999994967
29.464831999994967
29.464831999994967
29.464831999994967
29.464831999994967
29.464831999994967
29.464831999994967
29.464831999994967
29.464831999994967
29.464831999994967
29.464831999994967
29.464831999994967
29.464831999994967
29.464831999994967
29.464831999994967
29.464831999994967
29.464831999994967
29.464831999994967
29.464831999994967
29.464831999994967
29.464831999994967
29.464831999994967
29.464831999994967
29.464831999994967
29.464831999994967
29.464831999994967
29.464831999994967
29.464831999994967
29.464831999994967
29.464831999994967
29.464831999994967
29.464831999994967
29.464831999994967
29.464831999994967
29.464831999994967
29.464831999994967
29.464831999994967
29.464831999994967
29.464831999994967
29.464831999994967
29.464831999994967
29.464831999994967
29.464831999994967
29.464831999994967
29.464831999994967
29.464831999994967
29.464831999994967
29.464831999994967
29.464831999994967
29.464831999994967
29.464831999994967
29.464831999994967
29.464831999994967
29.464831999994967
29.464831999994967
29.464831999994967
29.464831999994967
29.464831999994967
29.464831999994967
29.464831999994967
29.464831999994967
29.464831999994967
29.464831999994967
29.464831999994967
29.464831999994967
29.464831999994967
29.464831999994967
29.464831999994967
29.464831999994967
29.464831999994967
29.464831999994967
29.464831999994967
29.464831999994967
29.464831999994967
29.464831999994967
29.464831999994967
29.464831999994967
29.464831999994967
29.464831999994967
29.464831999994967
29.464831999994967
29.464831999994967
29.464831999994967
29.464831999994967
29.464831999994967
29.464831999994967
29.464831999994967
29.464831999994967
29.464831999994967
29.464831999994967
29.464831999994967
29.464831999994967
29.464831999994967
29.464831999994967
29.464831999994967
29.464831999994967
29.464831999994967
29.464831999994967
29.464831999994967
29.464831999994967
29.464831999994967
29.464831999994967
29.464831999994967
29.464831999994967
29.464831999994967
29.464831999994967
29.464831999994967
29.464831999994967
29.464831999994967
29.464831999994967
29.464831999994967
29.464831999994967
29.464831999994967
29.464831999994967
29.464831999994967
29.464831999994967
29.464831999994967
29.464831999994967
29.464831999994967
29.464831999994967
29.464831999994967
29.464831999994967
29.464831999994967
29.464831999994967
29.464831999994967
29.464831999994967
29.464831999994967
29.464831999994967
29.464831999994967
29.464831999994967
29.464831999994967
29.464831999994967
29.464831999994967
29.464831999994967
29.464831999994967
29.464831999994967
29.464831999994967
29.464831999994967
29.464831999994967
29.464831999994967
29.464831999994967
29.464831999994967
29.464831999994967
29.464831999994967
29.464831999994967
29.464831999994967
29.464831999994967
29.464831999994967
29.464831999994967
29.464831999994967
29.464831999994967
29.464831999994967
29.464831999994967
29.464831999994967
29.464831999994967
29.464831999994967
29.464831999994967
29.464831999994967
29.464831999994967
29.464831999994967
29.464831999994967
29.464831999994967
29.464831999994967
29.464831999994967
29.464831999994967
29.464831999994967
29.464831999994967
29.464831999994967
29.464831999994967
29.464831999994967
29.464831999994967
29.464831999994967
29.464831999994967
29.464831999994967
29.464831999994967
29.464831999994967
29.464831999994967
29.464831999994967
29.464831999994967
29.464831999994967
29.464831999994967
29.464831999994967
29.464831999994967
29.464831999994967
29.464831999994967
29.464831999994967
29.464831999994967
29.464831999994967
29.464831999994967
29.464831999994967
29.464831999994967
29.464831999994967
29.464831999994967
29.464831999994967
29.464831999994967
29.464831999994967
29.464831999994967
29.464831999994967
29.464831999994967
29.464831999994967
29.464831999994967
29.464831999994967
29.464831999994967
29.464831999994967
29.464831999994967
29.464831999994967
29.464831999994967
29.464831999994967
29.464831999994967
29.464831999994967
29.464831999994967
29.464831999994967
29.464831999994967
29.464831999994967
29.464831999994967
29.464831999994967
29.464831999994967
29.464831999994967
29.464831999994967
29.464831999994967
29.464831999994967
29.464831999994967
29.464831999994967
29.464831999994967
29.464831999994967
29.464831999994967
29.464831999994967
29.464831999994967
29.464831999994967
29.464831999994967
29.464831999994967
29.464831999994967
29.464831999994967
29.464831999994967
29.464831999994967
29.464831999994967
29.464831999994967
29.464831999994967
29.464831999994967
29.464831999994967
29.464831999994967
29.464831999994967
29.464831999994967
29.464831999994967
29.464831999994967
29.464831999994967
29.464831999994967
29.464831999994967
29.464831999994967
29.464831999994967
29.464831999994967
29.464831999994967
29.464831999994967
29.464831999994967
29.464831999994967
29.464831999994967
29.464831999994967
29.464831999994967
29.464831999994967
29.464831999994967
29.464831999994967
29.464831999994967
29.464831999994967
29.464831999994967
29.464831999994967
29.464831999994967
29.464831999994967
29.464831999994967
29.464831999994967
29.464831999994967
29.464831999994967
29.464831999994967
29.464831999994967
29.464831999994967
29.464831999994967
29.464831999994967
29.464831999994967
29.464831999994967
29.464831999994967
29.464831999994967
29.464831999994967
29.464831999994967
29.464831999994967
29.464831999994967
29.464831999994967
29.464831999994967
29.464831999994967
29.464831999994967
29.464831999994967
29.464831999994967
29.464831999994967
29.464831999994967
29.464831999994967
29.464831999994967
29.464831999994967
29.464831999994967
29.464831999994967
29.464831999994967
29.464831999994967
29.464831999994967
29.464831999994967
29.464831999994967
29.464831999994967
29.464831999994967
29.464831999994967
29.464831999994967
29.464831999994967
29.464831999994967
29.464831999994967
29.464831999994967
29.464831999994967
29.464831999994967
29.464831999994967
29.464831999994967
29.464831999994967
29.464831999994967
29.464831999994967
29.464831999994967
29.464831999994967
29.464831999994967
29.464831999994967
29.464831999994967
29.464831999994967
29.464831999994967
29.464831999994967
29.464831999994967
29.464831999994967
29.464831999994967
29.464831999994967
29.464831999994967
29.464831999994967
29.464831999994967
29.464831999994967
29.464831999994967
29.464831999994967
29.464831999994967
29.464831999994967
29.464831999994967
29.464831999994967
29.464831999994967
29.464831999994967
29.464831999994967
29.464831999994967
29.464831999994967
29.464831999994967
29.464831999994967
29.464831999994967
29.464831999994967
29.464831999994967
29.464831999994967
29.464831999994967
29.464831999994967
29.464831999994967
29.464831999994967
29.464831999994967
29.464831999994967
29.464831999994967
29.464831999994967
29.464831999994967
29.464831999994967
29.464831999994967
29.464831999994967
29.464831999994967
29.464831999994967
29.464831999994967
29.464831999994967
29.464831999994967
29.464831999994967
29.464831999994967
29.464831999994967
29.464831999994967
29.464831999994967
29.464831999994967
29.464831999994967
29.464831999994967
29.464831999994967
29.464831999994967
29.464831999994967
29.464831999994967
29.464831999994967
29.464831999994967
29.464831999994967
29.464831999994967
29.464831999994967
29.464831999994967
29.464831999994967
29.464831999994967
29.464831999994967
29.464831999994967
29.464831999994967
29.464831999994967
29.464831999994967
29.464831999994967
29.464831999994967
29.464831999994967
29.464831999994967
29.464831999994967
29.464831999994967
29.464831999994967
29.464831999994967
29.464831999994967
29.464831999994967
29.464831999994967
29.464831999994967
29.464831999994967
29.464831999994967
29.464831999994967
29.464831999994967
29.464831999994967
29.464831999994967
29.464831999994967
29.464831999994967
29.464831999994967
29.464831999994967
29.464831999994967
29.464831999994967
29.464831999994967
29.464831999994967
29.464831999994967
29.464831999994967
29.464831999994967
29.464831999994967
29.464831999994967
29.464831999994967
29.464831999994967
29.464831999994967
29.464831999994967
29.464831999994967
29.464831999994967
29.464831999994967
29.464831999994967
29.464831999994967
29.464831999994967
29.464831999994967
29.464831999994967
29.464831999994967
29.464831999994967
29.464831999994967
29.464831999994967
29.464831999994967
29.464831999994967
29.464831999994967
29.464831999994967
29.464831999994967
29.464831999994967
29.464831999994967
29.464831999994967
29.464831999994967
29.464831999994967
29.464831999994967
29.464831999994967
29.464831999994967
29.464831999994967
29.464831999994967
29.464831999994967
29.464831999994967
29.464831999994967
29.464831999994967
29.464831999994967
29.464831999994967
29.464831999994967
29.464831999994967
29.464831999994967
29.464831999994967
29.464831999994967
29.464831999994967
29.464831999994967
29.464831999994967
29.464831999994967
29.464831999994967
29.464831999994967
29.464831999994967
29.464831999994967
29.464831999994967
29.464831999994967
29.464831999994967
29.464831999994967
29.464831999994967
29.464831999994967
29.464831999994967
29.464831999994967
29.464831999994967
29.464831999994967
29.464831999994967
29.464831999994967
29.464831999994967
29.464831999994967
29.464831999994967
29.464831999994967
29.464831999994967
29.464831999994967
29.464831999994967
29.464831999994967
29.464831999994967
29.464831999994967
29.464831999994967
29.464831999994967
29.464831999994967
29.464831999994967
29.464831999994967
29.464831999994967
29.464831999994967
29.464831999994967
29.464831999994967
29.464831999994967
29.464831999994967
29.464831999994967
29.464831999994967
29.464831999994967
29.464831999994967
29.464831999994967
29.464831999994967
29.464831999994967
29.464831999994967
29.464831999994967
29.464831999994967
29.464831999994967
29.464831999994967
29.464831999994967
29.464831999994967
29.464831999994967
29.464831999994967
29.464831999994967
29.464831999994967
29.464831999994967
29.464831999994967
29.464831999994967
29.464831999994967
29.464831999994967
29.464831999994967
29.464831999994967
29.464831999994967
29.464831999994967
29.464831999994967
29.464831999994967
29.464831999994967
29.464831999994967
29.464831999994967
29.464831999994967
29.464831999994967
29.464831999994967
29.464831999994967
29.464831999994967
29.464831999994967
29.464831999994967
29.464831999994967
29.464831999994967
29.464831999994967
29.464831999994967
29.464831999994967
29.464831999994967
29.464831999994967
29.464831999994967
29.464831999994967
29.464831999994967
29.464831999994967
29.464831999994967
29.464831999994967
29.464831999994967
29.464831999994967
29.464831999994967
29.464831999994967
29.464831999994967
29.464831999994967
29.464831999994967
29.464831999994967
29.464831999994967
29.464831999994967
29.464831999994967
29.464831999994967
29.464831999994967
29.464831999994967
29.464831999994967
29.464831999994967
29.464831999994967
29.464831999994967
29.464831999994967
29.464831999994967
29.464831999994967
29.464831999994967
29.464831999994967
29.464831999994967
29.464831999994967
29.464831999994967
29.464831999994967
29.464831999994967
29.464831999994967
29.464831999994967
29.464831999994967
29.464831999994967
29.464831999994967
29.464831999994967
29.464831999994967
29.464831999994967
29.464831999994967
29.464831999994967
29.464831999994967
29.464831999994967
29.464831999994967
29.464831999994967
29.464831999994967
29.464831999994967
29.464831999994967
29.464831999994967
29.464831999994967
29.464831999994967
29.464831999994967
29.464831999994967
29.464831999994967
29.464831999994967
29.464831999994967
29.464831999994967
29.464831999994967
29.464831999994967
29.464831999994967
29.464831999994967
29.464831999994967
29.464831999994967
29.464831999994967
29.464831999994967
29.464831999994967
29.464831999994967
29.464831999994967
29.464831999994967
29.464831999994967
29.464831999994967
29.464831999994967
29.464831999994967
29.464831999994967
29.464831999994967
29.464831999994967
29.464831999994967
29.464831999994967
29.464831999994967
29.464831999994967
29.464831999994967
29.464831999994967
29.464831999994967
29.464831999994967
29.464831999994967
29.464831999994967
29.464831999994967
29.464831999994967
29.464831999994967
29.464831999994967
29.464831999994967
29.464831999994967
29.464831999994967
29.464831999994967
29.464831999994967
29.464831999994967
29.464831999994967
29.464831999994967
29.464831999994967
29.464831999994967
29.464831999994967
29.464831999994967
29.464831999994967
29.464831999994967
29.464831999994967
29.464831999994967
29.464831999994967
29.464831999994967
29.464831999994967
29.464831999994967
29.464831999994967
29.464831999994967
29.464831999994967
29.464831999994967
29.464831999994967
29.464831999994967
29.464831999994967
29.464831999994967
29.464831999994967
29.464831999994967
29.464831999994967
29.464831999994967
29.464831999994967
29.464831999994967
29.464831999994967
29.464831999994967
29.464831999994967
29.464831999994967
29.464831999994967
29.464831999994967
29.464831999994967
29.464831999994967
29.464831999994967
29.464831999994967
29.464831999994967
29.464831999994967
29.464831999994967
29.464831999994967
29.464831999994967
29.464831999994967
29.464831999994967
29.464831999994967
29.464831999994967
29.464831999994967
29.464831999994967
29.464831999994967
29.464831999994967
29.464831999994967
29.464831999994967
29.464831999994967
29.464831999994967
29.464831999994967
29.464831999994967
29.464831999994967
29.464831999994967
29.464831999994967
29.464831999994967
29.464831999994967
29.464831999994967
29.464831999994967
29.464831999994967
29.464831999994967
29.464831999994967
29.464831999994967
29.464831999994967
29.464831999994967
29.464831999994967
29.464831999994967
29.464831999994967
29.464831999994967
29.464831999994967
29.464831999994967
29.464831999994967
29.464831999994967
29.464831999994967
29.464831999994967
29.464831999994967
29.464831999994967
29.464831999994967
29.464831999994967
29.464831999994967
29.464831999994967
29.464831999994967
29.464831999994967
29.464831999994967
29.464831999994967
29.464831999994967
29.464831999994967
29.464831999994967
29.464831999994967
29.464831999994967
29.464831999994967
29.464831999994967
29.464831999994967
29.464831999994967
29.464831999994967
29.464831999994967
29.464831999994967
29.464831999994967
29.464831999994967
29.464831999994967
29.464831999994967
29.464831999994967
29.464831999994967
29.464831999994967
29.464831999994967
29.464831999994967
29.464831999994967
29.464831999994967
29.464831999994967
29.464831999994967
29.464831999994967
29.464831999994967
29.464831999994967
29.464831999994967
29.464831999994967
29.464831999994967
29.464831999994967
29.464831999994967
29.464831999994967
29.464831999994967
29.464831999994967
29.464831999994967
29.464831999994967
29.464831999994967
29.464831999994967
29.464831999994967
29.464831999994967
29.464831999994967
29.464831999994967
29.464831999994967
29.464831999994967
29.464831999994967
29.464831999994967
29.464831999994967
29.464831999994967
29.464831999994967
29.464831999994967
29.464831999994967
29.464831999994967
29.464831999994967
29.464831999994967
29.464831999994967
29.464831999994967
29.464831999994967
29.464831999994967
29.464831999994967
29.464831999994967
29.464831999994967
29.464831999994967
29.464831999994967
29.464831999994967
29.464831999994967
29.464831999994967
29.464831999994967
29.464831999994967
29.464831999994967
29.464831999994967
29.464831999994967
29.464831999994967
29.464831999994967
29.464831999994967
29.464831999994967
29.464831999994967
29.464831999994967
29.464831999994967
29.464831999994967
29.464831999994967
29.464831999994967
29.464831999994967
29.464831999994967
29.464831999994967
29.464831999994967
29.464831999994967
29.464831999994967
29.464831999994967
29.464831999994967
29.464831999994967
29.464831999994967
29.464831999994967
29.464831999994967
29.464831999994967
29.464831999994967
29.464831999994967
29.464831999994967
29.464831999994967
29.464831999994967
29.464831999994967
29.464831999994967
29.464831999994967
29.464831999994967
29.464831999994967
29.464831999994967
29.464831999994967
29.464831999994967
29.464831999994967
29.464831999994967
29.464831999994967
29.464831999994967
29.464831999994967
29.464831999994967
29.464831999994967
29.464831999994967
29.464831999994967
29.464831999994967
29.464831999994967
29.464831999994967
29.464831999994967
29.464831999994967
29.464831999994967
29.464831999994967
29.464831999994967
29.464831999994967
29.464831999994967
29.464831999994967
29.464831999994967
29.464831999994967
29.464831999994967
29.464831999994967
29.464831999994967
29.464831999994967
29.464831999994967
29.464831999994967
29.464831999994967
29.464831999994967
29.464831999994967
29.464831999994967
29.464831999994967
29.464831999994967
29.464831999994967
29.464831999994967
29.464831999994967
29.464831999994967
29.464831999994967
29.464831999994967
29.464831999994967
29.464831999994967
29.464831999994967
29.464831999994967
29.464831999994967
29.464831999994967
29.464831999994967
29.464831999994967
29.464831999994967
29.464831999994967
29.464831999994967
29.464831999994967
29.464831999994967
29.464831999994967
29.464831999994967
29.464831999994967
29.464831999994967
29.464831999994967
29.464831999994967
29.464831999994967
29.464831999994967
29.464831999994967
29.464831999994967
29.464831999994967
29.464831999994967
29.464831999994967
29.464831999994967
29.464831999994967
29.464831999994967
29.464831999994967
29.464831999994967
29.464831999994967
29.464831999994967
29.464831999994967
29.464831999994967
29.464831999994967
29.464831999994967
29.464831999994967
29.464831999994967
29.464831999994967
29.464831999994967
29.464831999994967
29.464831999994967
29.464831999994967
29.464831999994967
29.464831999994967
29.464831999994967
29.464831999994967
29.464831999994967
29.464831999994967
29.464831999994967
29.464831999994967
29.464831999994967
29.464831999994967
29.464831999994967
29.464831999994967
29.464831999994967
29.464831999994967
29.464831999994967
29.464831999994967
29.464831999994967
29.464831999994967
29.464831999994967
29.464831999994967
29.464831999994967
29.464831999994967
29.464831999994967
29.464831999994967
29.464831999994967
29.464831999994967
29.464831999994967
29.464831999994967
29.464831999994967
29.464831999994967
29.464831999994967
29.464831999994967
29.464831999994967
29.464831999994967
29.464831999994967
29.464831999994967
29.464831999994967
29.464831999994967
29.464831999994967
29.464831999994967
29.464831999994967
29.464831999994967
29.464831999994967
29.464831999994967
29.464831999994967
29.464831999994967
29.464831999994967
29.464831999994967
29.464831999994967
29.464831999994967
29.464831999994967
29.464831999994967
29.464831999994967
29.464831999994967
29.464831999994967
29.464831999994967
29.464831999994967
29.464831999994967
29.464831999994967
29.464831999994967
29.464831999994967
29.464831999994967
29.464831999994967
29.464831999994967
29.464831999994967
29.464831999994967
29.464831999994967
29.464831999994967
29.464831999994967
29.464831999994967
29.464831999994967
29.464831999994967
29.464831999994967
29.464831999994967
29.464831999994967
29.464831999994967
29.464831999994967
29.464831999994967
29.464831999994967
29.464831999994967
29.464831999994967
29.464831999994967
29.464831999994967
29.464831999994967
29.464831999994967
29.464831999994967
29.464831999994967
29.464831999994967
29.464831999994967
29.464831999994967
29.464831999994967
29.464831999994967
29.464831999994967
29.464831999994967
29.464831999994967
29.464831999994967
29.464831999994967
29.464831999994967
29.464831999994967
29.464831999994967
29.464831999994967
29.464831999994967
29.464831999994967
29.464831999994967
29.464831999994967
29.464831999994967
29.464831999994967
29.464831999994967
29.464831999994967
29.464831999994967
29.464831999994967
29.464831999994967
29.464831999994967
29.464831999994967
29.464831999994967
29.464831999994967
29.464831999994967
29.464831999994967
29.464831999994967
29.464831999994967
29.464831999994967
29.464831999994967
29.464831999994967
29.464831999994967
29.464831999994967
29.464831999994967
29.464831999994967
29.464831999994967
29.464831999994967
29.464831999994967
29.464831999994967
29.464831999994967
29.464831999994967
29.464831999994967
29.464831999994967
29.464831999994967
29.464831999994967
29.464831999994967
29.464831999994967
29.464831999994967
29.464831999994967
29.464831999994967
29.464831999994967
29.464831999994967
29.464831999994967
29.464831999994967
29.464831999994967
29.464831999994967
29.464831999994967
29.464831999994967
29.464831999994967
29.464831999994967
29.464831999994967
29.464831999994967
29.464831999994967
29.464831999994967
29.464831999994967
29.464831999994967
29.464831999994967
29.464831999994967
29.464831999994967
29.464831999994967
29.464831999994967
29.464831999994967
29.464831999994967
29.464831999994967
29.464831999994967
29.464831999994967
29.464831999994967
29.464831999994967
29.464831999994967
29.464831999994967
29.464831999994967
29.464831999994967
29.464831999994967
29.464831999994967
29.464831999994967
29.464831999994967
29.464831999994967
29.464831999994967
29.464831999994967
29.464831999994967
29.464831999994967
29.464831999994967
29.464831999994967
29.464831999994967
29.464831999994967
29.464831999994967
29.464831999994967
29.464831999994967
29.464831999994967
29.464831999994967
29.464831999994967
29.464831999994967
29.464831999994967
29.464831999994967
29.464831999994967
29.464831999994967
29.464831999994967
29.464831999994967
29.464831999994967
29.464831999994967
29.464831999994967
29.464831999994967
29.464831999994967
29.464831999994967
29.464831999994967
29.464831999994967
29.464831999994967
29.464831999994967
29.464831999994967
29.464831999994967
29.464831999994967
29.464831999994967
29.464831999994967
29.464831999994967
29.464831999994967
29.464831999994967
29.464831999994967
29.464831999994967
29.464831999994967
29.464831999994967
29.464831999994967
29.464831999994967
29.464831999994967
29.464831999994967
29.464831999994967
29.464831999994967
29.464831999994967
29.464831999994967
29.464831999994967
29.464831999994967
29.464831999994967
29.464831999994967
29.464831999994967
29.464831999994967
29.464831999994967
29.464831999994967
29.464831999994967
29.464831999994967
29.464831999994967
29.464831999994967
29.464831999994967
29.464831999994967
29.464831999994967
29.464831999994967
29.464831999994967
29.464831999994967
29.464831999994967
29.464831999994967
29.464831999994967
29.464831999994967
29.464831999994967
29.464831999994967
29.464831999994967
29.464831999994967
29.464831999994967
29.464831999994967
29.464831999994967
29.464831999994967
29.464831999994967
29.464831999994967
29.464831999994967
29.464831999994967
29.464831999994967
29.464831999994967
29.464831999994967
29.464831999994967
29.464831999994967
29.464831999994967
29.464831999994967
29.464831999994967
29.464831999994967
29.464831999994967
29.464831999994967
29.464831999994967
29.464831999994967
29.464831999994967
29.464831999994967
29.464831999994967
29.464831999994967
29.464831999994967
29.464831999994967
29.464831999994967
29.464831999994967
29.464831999994967
29.464831999994967
29.464831999994967
29.464831999994967
29.464831999994967
29.464831999994967
29.464831999994967
29.464831999994967
29.464831999994967
29.464831999994967
29.464831999994967
29.464831999994967
29.464831999994967
29.464831999994967
29.464831999994967
29.464831999994967
29.464831999994967
29.464831999994967
29.464831999994967
29.464831999994967
29.464831999994967
29.464831999994967
29.464831999994967
29.464831999994967
29.464831999994967
29.464831999994967
29.464831999994967
29.464831999994967
29.464831999994967
29.464831999994967
29.464831999994967
29.464831999994967
29.464831999994967
29.464831999994967
29.464831999994967
29.464831999994967
29.464831999994967
29.464831999994967
29.464831999994967
29.464831999994967
29.464831999994967
29.464831999994967
29.464831999994967
29.464831999994967
29.464831999994967
29.464831999994967
29.464831999994967
29.464831999994967
29.464831999994967
29.464831999994967
29.464831999994967
29.464831999994967
29.464831999994967
29.464831999994967
29.464831999994967
29.464831999994967
29.464831999994967
29.464831999994967
29.464831999994967
29.464831999994967
29.464831999994967
29.464831999994967
29.464831999994967
29.464831999994967
29.464831999994967
29.464831999994967
29.464831999994967
29.464831999994967
29.464831999994967
29.464831999994967
29.464831999994967
29.464831999994967
29.464831999994967
29.464831999994967
29.464831999994967
29.464831999994967
29.464831999994967
29.464831999994967
29.464831999994967
29.464831999994967
29.464831999994967
29.464831999994967
29.464831999994967
29.464831999994967
29.464831999994967
29.464831999994967
29.464831999994967
29.464831999994967
29.464831999994967
29.464831999994967
29.464831999994967
29.464831999994967
29.464831999994967
29.464831999994967
29.464831999994967
29.464831999994967
29.464831999994967
29.464831999994967
29.464831999994967
29.464831999994967
29.464831999994967
29.464831999994967
29.464831999994967
29.464831999994967
29.464831999994967
29.464831999994967
29.464831999994967
29.464831999994967
29.464831999994967
29.464831999994967
29.464831999994967
29.464831999994967
29.464831999994967
29.464831999994967
29.464831999994967
29.464831999994967
29.464831999994967
29.464831999994967
29.464831999994967
29.464831999994967
29.464831999994967
29.464831999994967
29.464831999994967
29.464831999994967
29.464831999994967
29.464831999994967
29.464831999994967
29.464831999994967
29.464831999994967
29.464831999994967
29.464831999994967
29.464831999994967
29.464831999994967
29.464831999994967
29.464831999994967
29.464831999994967
29.464831999994967
29.464831999994967
29.464831999994967
29.464831999994967
29.464831999994967
29.464831999994967
29.464831999994967
29.464831999994967
29.464831999994967
29.464831999994967
29.464831999994967
29.464831999994967
29.464831999994967
29.464831999994967
29.464831999994967
29.464831999994967
29.464831999994967
29.464831999994967
29.464831999994967
29.464831999994967
29.464831999994967
29.464831999994967
29.464831999994967
29.464831999994967
29.464831999994967
29.464831999994967
29.464831999994967
29.464831999994967
29.464831999994967
29.464831999994967
29.464831999994967
29.464831999994967
29.464831999994967
29.464831999994967
29.464831999994967
29.464831999994967
29.464831999994967
29.464831999994967
29.464831999994967
29.464831999994967
29.464831999994967
29.464831999994967
29.464831999994967
29.464831999994967
29.464831999994967
29.464831999994967
29.464831999994967
29.464831999994967
29.464831999994967
29.464831999994967
29.464831999994967
29.464831999994967
29.464831999994967
29.464831999994967
29.464831999994967
29.464831999994967
29.464831999994967
29.464831999994967
29.464831999994967
29.464831999994967
29.464831999994967
29.464831999994967
29.464831999994967
29.464831999994967
29.464831999994967
29.464831999994967
29.464831999994967
29.464831999994967
29.464831999994967
29.464831999994967
29.464831999994967
29.464831999994967
29.464831999994967
29.464831999994967
29.464831999994967
29.464831999994967
29.464831999994967
29.464831999994967
29.464831999994967
29.464831999994967
29.464831999994967
29.464831999994967
29.464831999994967
29.464831999994967
29.464831999994967
29.464831999994967
29.464831999994967
29.464831999994967
29.464831999994967
29.464831999994967
29.464831999994967
29.464831999994967
29.464831999994967
29.464831999994967
29.464831999994967
29.464831999994967
29.464831999994967
29.464831999994967
29.464831999994967
29.464831999994967
29.464831999994967
29.464831999994967
29.464831999994967
29.464831999994967
29.464831999994967
29.464831999994967
29.464831999994967
29.464831999994967
29.464831999994967
29.464831999994967
29.464831999994967
29.464831999994967
29.464831999994967
29.464831999994967
29.464831999994967
29.464831999994967
29.464831999994967
29.464831999994967
29.464831999994967
29.464831999994967
29.464831999994967
29.464831999994967
29.464831999994967
29.464831999994967
29.464831999994967
29.464831999994967
29.464831999994967
29.464831999994967
29.464831999994967
29.464831999994967
29.464831999994967
29.464831999994967
29.464831999994967
29.464831999994967
29.464831999994967
29.464831999994967
29.464831999994967
29.464831999994967
29.464831999994967
29.464831999994967
29.464831999994967
29.464831999994967
29.464831999994967
29.464831999994967
29.464831999994967
29.464831999994967
29.464831999994967
29.464831999994967
29.464831999994967
29.464831999994967
29.464831999994967
29.464831999994967
29.464831999994967
29.464831999994967
29.464831999994967
29.464831999994967
29.464831999994967
29.464831999994967
29.464831999994967
29.464831999994967
29.464831999994967
29.464831999994967
29.464831999994967
29.464831999994967
29.464831999994967
29.464831999994967
29.464831999994967
29.464831999994967
29.464831999994967
29.464831999994967
29.464831999994967
29.464831999994967
29.464831999994967
29.464831999994967
29.464831999994967
29.464831999994967
29.464831999994967
29.464831999994967
29.464831999994967
29.464831999994967
29.464831999994967
29.464831999994967
29.464831999994967
29.464831999994967
29.464831999994967
29.464831999994967
29.464831999994967
29.464831999994967
29.464831999994967
29.464831999994967
29.464831999994967
29.464831999994967
29.464831999994967
29.464831999994967
29.464831999994967
29.464831999994967
29.464831999994967
29.464831999994967
29.464831999994967
29.464831999994967
29.464831999994967
29.464831999994967
29.464831999994967
29.464831999994967
29.464831999994967
29.464831999994967
29.464831999994967
29.464831999994967
29.464831999994967
29.464831999994967
29.464831999994967
29.464831999994967
29.464831999994967
29.464831999994967
29.464831999994967
29.464831999994967
29.464831999994967
29.464831999994967
29.464831999994967
29.464831999994967
29.464831999994967
29.464831999994967
29.464831999994967
29.464831999994967
29.464831999994967
29.464831999994967
29.464831999994967
29.464831999994967
29.464831999994967
29.464831999994967
29.464831999994967
29.464831999994967
29.464831999994967
29.464831999994967
29.464831999994967
29.464831999994967
29.464831999994967
29.464831999994967
29.464831999994967
29.464831999994967
29.464831999994967
29.464831999994967
29.464831999994967
29.464831999994967
29.464831999994967
29.464831999994967
29.464831999994967
29.464831999994967
29.464831999994967
29.464831999994967
29.464831999994967
29.464831999994967
29.464831999994967
29.464831999994967
29.464831999994967
29.464831999994967
29.464831999994967
29.464831999994967
29.464831999994967
29.464831999994967
29.464831999994967
29.464831999994967
29.464831999994967
29.464831999994967
29.464831999994967
29.464831999994967
29.464831999994967
29.464831999994967
29.464831999994967
29.464831999994967
29.464831999994967
29.464831999994967
29.464831999994967
29.464831999994967
29.464831999994967
29.464831999994967
29.464831999994967
29.464831999994967
29.464831999994967
29.464831999994967
29.464831999994967
29.464831999994967
29.464831999994967
29.464831999994967
29.464831999994967
29.464831999994967
29.464831999994967
29.464831999994967
29.464831999994967
29.464831999994967
29.464831999994967
29.464831999994967
29.464831999994967
29.464831999994967
29.464831999994967
29.464831999994967
29.464831999994967
29.464831999994967
29.464831999994967
29.464831999994967
29.464831999994967
29.464831999994967
29.464831999994967
29.464831999994967
29.464831999994967
29.464831999994967
29.464831999994967
29.464831999994967
29.464831999994967
29.464831999994967
29.464831999994967
29.464831999994967
29.464831999994967
29.464831999994967
29.464831999994967
29.464831999994967
29.464831999994967
29.464831999994967
29.464831999994967
29.464831999994967
29.464831999994967
29.464831999994967
29.464831999994967
29.464831999994967
29.464831999994967
29.464831999994967
29.464831999994967
29.464831999994967
29.464831999994967
29.464831999994967
29.464831999994967
29.464831999994967
29.464831999994967
29.464831999994967
29.464831999994967
29.464831999994967
29.464831999994967
29.464831999994967
29.464831999994967
29.464831999994967
29.464831999994967
29.464831999994967
29.464831999994967
29.464831999994967
29.464831999994967
29.464831999994967
29.464831999994967
29.464831999994967
29.464831999994967
29.464831999994967
29.464831999994967
29.464831999994967
29.464831999994967
29.464831999994967
29.464831999994967
29.464831999994967
29.464831999994967
29.464831999994967
29.464831999994967
29.464831999994967
29.464831999994967
29.464831999994967
29.464831999994967
29.464831999994967
29.464831999994967
29.464831999994967
29.464831999994967
29.464831999994967
29.464831999994967
29.464831999994967
29.464831999994967
29.464831999994967
29.464831999994967
29.464831999994967
29.464831999994967
29.464831999994967
29.464831999994967
29.464831999994967
29.464831999994967
29.464831999994967
29.464831999994967
29.464831999994967
29.464831999994967
29.464831999994967
29.464831999994967
29.464831999994967
29.464831999994967
29.464831999994967
29.464831999994967
29.464831999994967
29.464831999994967
29.464831999994967
29.464831999994967
29.464831999994967
29.464831999994967
29.464831999994967
29.464831999994967
29.464831999994967
29.464831999994967
29.464831999994967
29.464831999994967
29.464831999994967
29.464831999994967
29.464831999994967
29.464831999994967
29.464831999994967
29.464831999994967
29.464831999994967
29.464831999994967
29.464831999994967
29.464831999994967
29.464831999994967
29.464831999994967
29.464831999994967
29.464831999994967
29.464831999994967
29.464831999994967
29.464831999994967
29.464831999994967
29.464831999994967
29.464831999994967
29.464831999994967
29.464831999994967
29.464831999994967
29.464831999994967
29.464831999994967
29.464831999994967
29.464831999994967
29.464831999994967
29.464831999994967
29.464831999994967
29.464831999994967
29.464831999994967
29.464831999994967
29.464831999994967
29.464831999994967
29.464831999994967
29.464831999994967
29.464831999994967
29.464831999994967
29.464831999994967
29.464831999994967
29.464831999994967
29.464831999994967
29.464831999994967
29.464831999994967
29.464831999994967
29.464831999994967
29.464831999994967
29.464831999994967
29.464831999994967
29.464831999994967
29.464831999994967
29.464831999994967
29.464831999994967
29.464831999994967
29.464831999994967
29.464831999994967
29.464831999994967
29.464831999994967
29.464831999994967
29.464831999994967
29.464831999994967
29.464831999994967
29.464831999994967
29.464831999994967
29.464831999994967
29.464831999994967
29.464831999994967
29.464831999994967
29.464831999994967
29.464831999994967
29.464831999994967
29.464831999994967
29.464831999994967
29.464831999994967
29.464831999994967
29.464831999994967
29.464831999994967
29.464831999994967
29.464831999994967
29.464831999994967
29.464831999994967
29.464831999994967
29.464831999994967
29.464831999994967
29.464831999994967
29.464831999994967
29.464831999994967
29.464831999994967
29.464831999994967
29.464831999994967
29.464831999994967
29.464831999994967
29.464831999994967
29.464831999994967
29.464831999994967
29.464831999994967
29.464831999994967
29.464831999994967
29.464831999994967
