39.46473400000295
39.46473400000295
39.46473400000295
39.46473400000295
39.46473400000295
39.46473400000295
39.46473400000295
39.46473400000295
39.46473400000295
39.46473400000295
39.46473400000295
39.46473400000295
39.46473400000295
39.46473400000295
39.46473400000295
39.46473400000295
39.46473400000295
39.46473400000295
39.46473400000295
39.46473400000295
39.46473400000295
39.46473400000295
39.46473400000295
39.46473400000295
39.46473400000295
39.46473400000295
39.46473400000295
39.46473400000295
39.46473400000295
39.46473400000295
39.46473400000295
39.46473400000295
39.46473400000295
39.46473400000295
39.46473400000295
39.46473400000295
39.46473400000295
39.46473400000295
39.46473400000295
39.46473400000295
39.46473400000295
39.46473400000295
39.46473400000295
39.46473400000295
39.46473400000295
39.46473400000295
39.46473400000295
39.46473400000295
39.46473400000295
39.46473400000295
39.46473400000295
39.46473400000295
39.46473400000295
39.46473400000295
39.46473400000295
39.46473400000295
39.46473400000295
39.46473400000295
39.46473400000295
39.46473400000295
39.46473400000295
39.46473400000295
39.46473400000295
39.46473400000295
39.46473400000295
39.46473400000295
39.46473400000295
39.46473400000295
39.46473400000295
39.46473400000295
39.46473400000295
39.46473400000295
39.46473400000295
39.46473400000295
39.46473400000295
39.46473400000295
39.46473400000295
39.46473400000295
39.46473400000295
39.46473400000295
39.46473400000295
39.46473400000295
39.46473400000295
39.46473400000295
39.46473400000295
39.46473400000295
39.46473400000295
39.46473400000295
39.46473400000295
39.46473400000295
39.46473400000295
39.46473400000295
39.46473400000295
39.46473400000295
39.46473400000295
39.46473400000295
39.46473400000295
39.46473400000295
39.46473400000295
39.46473400000295
39.46473400000295
39.46473400000295
39.46473400000295
39.46473400000295
39.46473400000295
39.46473400000295
39.46473400000295
39.46473400000295
39.46473400000295
39.46473400000295
39.46473400000295
39.46473400000295
39.46473400000295
39.46473400000295
39.46473400000295
39.46473400000295
39.46473400000295
39.46473400000295
39.46473400000295
39.46473400000295
39.46473400000295
39.46473400000295
39.46473400000295
39.46473400000295
39.46473400000295
39.46473400000295
39.46473400000295
39.46473400000295
39.46473400000295
39.46473400000295
39.46473400000295
39.46473400000295
39.46473400000295
39.46473400000295
39.46473400000295
39.46473400000295
39.46473400000295
39.46473400000295
39.46473400000295
39.46473400000295
39.46473400000295
39.46473400000295
39.46473400000295
39.46473400000295
39.46473400000295
39.46473400000295
39.46473400000295
39.46473400000295
39.46473400000295
39.46473400000295
39.46473400000295
39.46473400000295
39.46473400000295
39.46473400000295
39.46473400000295
39.46473400000295
39.46473400000295
39.46473400000295
39.46473400000295
39.46473400000295
39.46473400000295
39.46473400000295
39.46473400000295
39.46473400000295
39.46473400000295
39.46473400000295
39.46473400000295
39.46473400000295
39.46473400000295
39.46473400000295
39.46473400000295
39.46473400000295
39.46473400000295
39.46473400000295
39.46473400000295
39.46473400000295
39.46473400000295
39.46473400000295
39.46473400000295
39.46473400000295
39.46473400000295
39.46473400000295
39.46473400000295
39.46473400000295
39.46473400000295
39.46473400000295
39.46473400000295
39.46473400000295
39.46473400000295
39.46473400000295
39.46473400000295
39.46473400000295
39.46473400000295
39.46473400000295
39.46473400000295
39.46473400000295
39.46473400000295
39.46473400000295
39.46473400000295
39.46473400000295
39.46473400000295
39.46473400000295
39.46473400000295
39.46473400000295
39.46473400000295
39.46473400000295
39.46473400000295
39.46473400000295
39.46473400000295
39.46473400000295
39.46473400000295
39.46473400000295
39.46473400000295
39.46473400000295
39.46473400000295
39.46473400000295
39.46473400000295
39.46473400000295
39.46473400000295
39.46473400000295
39.46473400000295
39.46473400000295
39.46473400000295
39.46473400000295
39.46473400000295
39.46473400000295
39.46473400000295
39.46473400000295
39.46473400000295
39.46473400000295
39.46473400000295
39.46473400000295
39.46473400000295
39.46473400000295
39.46473400000295
39.46473400000295
39.46473400000295
39.46473400000295
39.46473400000295
39.46473400000295
39.46473400000295
39.46473400000295
39.46473400000295
39.46473400000295
39.46473400000295
39.46473400000295
39.46473400000295
39.46473400000295
39.46473400000295
39.46473400000295
39.46473400000295
39.46473400000295
39.46473400000295
39.46473400000295
39.46473400000295
39.46473400000295
39.46473400000295
39.46473400000295
39.46473400000295
39.46473400000295
39.46473400000295
39.46473400000295
39.46473400000295
39.46473400000295
39.46473400000295
39.46473400000295
39.46473400000295
39.46473400000295
39.46473400000295
39.46473400000295
39.46473400000295
39.46473400000295
39.46473400000295
39.46473400000295
39.46473400000295
39.46473400000295
39.46473400000295
39.46473400000295
39.46473400000295
39.46473400000295
39.46473400000295
39.46473400000295
39.46473400000295
39.46473400000295
39.46473400000295
39.46473400000295
39.46473400000295
39.46473400000295
39.46473400000295
39.46473400000295
39.46473400000295
39.46473400000295
39.46473400000295
39.46473400000295
39.46473400000295
39.46473400000295
39.46473400000295
39.46473400000295
39.46473400000295
39.46473400000295
39.46473400000295
39.46473400000295
39.46473400000295
39.46473400000295
39.46473400000295
39.46473400000295
39.46473400000295
39.46473400000295
39.46473400000295
39.46473400000295
39.46473400000295
39.46473400000295
39.46473400000295
39.46473400000295
39.46473400000295
39.46473400000295
39.46473400000295
39.46473400000295
39.46473400000295
39.46473400000295
39.46473400000295
39.46473400000295
39.46473400000295
39.46473400000295
39.46473400000295
39.46473400000295
39.46473400000295
39.46473400000295
39.46473400000295
39.46473400000295
39.46473400000295
39.46473400000295
39.46473400000295
39.46473400000295
39.46473400000295
39.46473400000295
39.46473400000295
39.46473400000295
39.46473400000295
39.46473400000295
39.46473400000295
39.46473400000295
39.46473400000295
39.46473400000295
39.46473400000295
39.46473400000295
39.46473400000295
39.46473400000295
39.46473400000295
39.46473400000295
39.46473400000295
39.46473400000295
39.46473400000295
39.46473400000295
39.46473400000295
39.46473400000295
39.46473400000295
39.46473400000295
39.46473400000295
39.46473400000295
39.46473400000295
39.46473400000295
39.46473400000295
39.46473400000295
39.46473400000295
39.46473400000295
39.46473400000295
39.46473400000295
39.46473400000295
39.46473400000295
39.46473400000295
39.46473400000295
39.46473400000295
39.46473400000295
39.46473400000295
39.46473400000295
39.46473400000295
39.46473400000295
39.46473400000295
39.46473400000295
39.46473400000295
39.46473400000295
39.46473400000295
39.46473400000295
39.46473400000295
39.46473400000295
39.46473400000295
39.46473400000295
39.46473400000295
39.46473400000295
39.46473400000295
39.46473400000295
39.46473400000295
39.46473400000295
39.46473400000295
39.46473400000295
39.46473400000295
39.46473400000295
39.46473400000295
39.46473400000295
39.46473400000295
39.46473400000295
39.46473400000295
39.46473400000295
39.46473400000295
39.46473400000295
39.46473400000295
39.46473400000295
39.46473400000295
39.46473400000295
39.46473400000295
39.46473400000295
39.46473400000295
39.46473400000295
39.46473400000295
39.46473400000295
39.46473400000295
39.46473400000295
39.46473400000295
39.46473400000295
39.46473400000295
39.46473400000295
39.46473400000295
39.46473400000295
39.46473400000295
39.46473400000295
39.46473400000295
39.46473400000295
39.46473400000295
39.46473400000295
39.46473400000295
39.46473400000295
39.46473400000295
39.46473400000295
39.46473400000295
39.46473400000295
39.46473400000295
39.46473400000295
39.46473400000295
39.46473400000295
39.46473400000295
39.46473400000295
39.46473400000295
39.46473400000295
39.46473400000295
39.46473400000295
39.46473400000295
39.46473400000295
39.46473400000295
39.46473400000295
39.46473400000295
39.46473400000295
39.46473400000295
39.46473400000295
39.46473400000295
39.46473400000295
39.46473400000295
39.46473400000295
39.46473400000295
39.46473400000295
39.46473400000295
39.46473400000295
39.46473400000295
39.46473400000295
39.46473400000295
39.46473400000295
39.46473400000295
39.46473400000295
39.46473400000295
39.46473400000295
39.46473400000295
39.46473400000295
39.46473400000295
39.46473400000295
39.46473400000295
39.46473400000295
39.46473400000295
39.46473400000295
39.46473400000295
39.46473400000295
39.46473400000295
39.46473400000295
39.46473400000295
39.46473400000295
39.46473400000295
39.46473400000295
39.46473400000295
39.46473400000295
39.46473400000295
39.46473400000295
39.46473400000295
39.46473400000295
39.46473400000295
39.46473400000295
39.46473400000295
39.46473400000295
39.46473400000295
39.46473400000295
39.46473400000295
39.46473400000295
39.46473400000295
39.46473400000295
39.46473400000295
39.46473400000295
39.46473400000295
39.46473400000295
39.46473400000295
39.46473400000295
39.46473400000295
39.46473400000295
39.46473400000295
39.46473400000295
39.46473400000295
39.46473400000295
39.46473400000295
39.46473400000295
39.46473400000295
39.46473400000295
39.46473400000295
39.46473400000295
39.46473400000295
39.46473400000295
39.46473400000295
39.46473400000295
39.46473400000295
39.46473400000295
39.46473400000295
39.46473400000295
39.46473400000295
39.46473400000295
39.46473400000295
39.46473400000295
39.46473400000295
39.46473400000295
39.46473400000295
39.46473400000295
39.46473400000295
39.46473400000295
39.46473400000295
39.46473400000295
39.46473400000295
39.46473400000295
39.46473400000295
39.46473400000295
39.46473400000295
39.46473400000295
39.46473400000295
39.46473400000295
39.46473400000295
39.46473400000295
39.46473400000295
39.46473400000295
39.46473400000295
39.46473400000295
39.46473400000295
39.46473400000295
39.46473400000295
39.46473400000295
39.46473400000295
39.46473400000295
39.46473400000295
39.46473400000295
39.46473400000295
39.46473400000295
39.46473400000295
39.46473400000295
39.46473400000295
39.46473400000295
39.46473400000295
39.46473400000295
39.46473400000295
39.46473400000295
39.46473400000295
39.46473400000295
39.46473400000295
39.46473400000295
39.46473400000295
39.46473400000295
39.46473400000295
39.46473400000295
39.46473400000295
39.46473400000295
39.46473400000295
39.46473400000295
39.46473400000295
39.46473400000295
39.46473400000295
39.46473400000295
39.46473400000295
39.46473400000295
39.46473400000295
39.46473400000295
39.46473400000295
39.46473400000295
39.46473400000295
39.46473400000295
39.46473400000295
39.46473400000295
39.46473400000295
39.46473400000295
39.46473400000295
39.46473400000295
39.46473400000295
39.46473400000295
39.46473400000295
39.46473400000295
39.46473400000295
39.46473400000295
39.46473400000295
39.46473400000295
39.46473400000295
39.46473400000295
39.46473400000295
39.46473400000295
39.46473400000295
39.46473400000295
39.46473400000295
39.46473400000295
39.46473400000295
39.46473400000295
39.46473400000295
39.46473400000295
39.46473400000295
39.46473400000295
39.46473400000295
39.46473400000295
39.46473400000295
39.46473400000295
39.46473400000295
39.46473400000295
39.46473400000295
39.46473400000295
39.46473400000295
39.46473400000295
39.46473400000295
39.46473400000295
39.46473400000295
39.46473400000295
39.46473400000295
39.46473400000295
39.46473400000295
39.46473400000295
39.46473400000295
39.46473400000295
39.46473400000295
39.46473400000295
39.46473400000295
39.46473400000295
39.46473400000295
39.46473400000295
39.46473400000295
39.46473400000295
39.46473400000295
39.46473400000295
39.46473400000295
39.46473400000295
39.46473400000295
39.46473400000295
39.46473400000295
39.46473400000295
39.46473400000295
39.46473400000295
39.46473400000295
39.46473400000295
39.46473400000295
39.46473400000295
39.46473400000295
39.46473400000295
39.46473400000295
39.46473400000295
39.46473400000295
39.46473400000295
39.46473400000295
39.46473400000295
39.46473400000295
39.46473400000295
39.46473400000295
39.46473400000295
39.46473400000295
39.46473400000295
39.46473400000295
39.46473400000295
39.46473400000295
39.46473400000295
39.46473400000295
39.46473400000295
39.46473400000295
39.46473400000295
39.46473400000295
39.46473400000295
39.46473400000295
39.46473400000295
39.46473400000295
39.46473400000295
39.46473400000295
39.46473400000295
39.46473400000295
39.46473400000295
39.46473400000295
39.46473400000295
39.46473400000295
39.46473400000295
39.46473400000295
39.46473400000295
39.46473400000295
39.46473400000295
39.46473400000295
39.46473400000295
39.46473400000295
39.46473400000295
39.46473400000295
39.46473400000295
39.46473400000295
39.46473400000295
39.46473400000295
39.46473400000295
39.46473400000295
39.46473400000295
39.46473400000295
39.46473400000295
39.46473400000295
39.46473400000295
39.46473400000295
39.46473400000295
39.46473400000295
39.46473400000295
39.46473400000295
39.46473400000295
39.46473400000295
39.46473400000295
39.46473400000295
39.46473400000295
39.46473400000295
39.46473400000295
39.46473400000295
39.46473400000295
39.46473400000295
39.46473400000295
39.46473400000295
39.46473400000295
39.46473400000295
39.46473400000295
39.46473400000295
39.46473400000295
39.46473400000295
39.46473400000295
39.46473400000295
39.46473400000295
39.46473400000295
39.46473400000295
39.46473400000295
39.46473400000295
39.46473400000295
39.46473400000295
39.46473400000295
39.46473400000295
39.46473400000295
39.46473400000295
39.46473400000295
39.46473400000295
39.46473400000295
39.46473400000295
39.46473400000295
39.46473400000295
39.46473400000295
39.46473400000295
39.46473400000295
39.46473400000295
39.46473400000295
39.46473400000295
39.46473400000295
39.46473400000295
39.46473400000295
39.46473400000295
39.46473400000295
39.46473400000295
39.46473400000295
39.46473400000295
39.46473400000295
39.46473400000295
39.46473400000295
39.46473400000295
39.46473400000295
39.46473400000295
39.46473400000295
39.46473400000295
39.46473400000295
39.46473400000295
39.46473400000295
39.46473400000295
39.46473400000295
39.46473400000295
39.46473400000295
39.46473400000295
39.46473400000295
39.46473400000295
39.46473400000295
39.46473400000295
39.46473400000295
39.46473400000295
39.46473400000295
39.46473400000295
39.46473400000295
39.46473400000295
39.46473400000295
39.46473400000295
39.46473400000295
39.46473400000295
39.46473400000295
39.46473400000295
39.46473400000295
39.46473400000295
39.46473400000295
39.46473400000295
39.46473400000295
39.46473400000295
39.46473400000295
39.46473400000295
39.46473400000295
39.46473400000295
39.46473400000295
39.46473400000295
39.46473400000295
39.46473400000295
39.46473400000295
39.46473400000295
39.46473400000295
39.46473400000295
39.46473400000295
39.46473400000295
39.46473400000295
39.46473400000295
39.46473400000295
39.46473400000295
39.46473400000295
39.46473400000295
39.46473400000295
39.46473400000295
39.46473400000295
39.46473400000295
39.46473400000295
39.46473400000295
39.46473400000295
39.46473400000295
39.46473400000295
39.46473400000295
39.46473400000295
39.46473400000295
39.46473400000295
39.46473400000295
39.46473400000295
39.46473400000295
39.46473400000295
39.46473400000295
39.46473400000295
39.46473400000295
39.46473400000295
39.46473400000295
39.46473400000295
39.46473400000295
39.46473400000295
39.46473400000295
39.46473400000295
39.46473400000295
39.46473400000295
39.46473400000295
39.46473400000295
39.46473400000295
39.46473400000295
39.46473400000295
39.46473400000295
39.46473400000295
39.46473400000295
39.46473400000295
39.46473400000295
39.46473400000295
39.46473400000295
39.46473400000295
39.46473400000295
39.46473400000295
39.46473400000295
39.46473400000295
39.46473400000295
39.46473400000295
39.46473400000295
39.46473400000295
39.46473400000295
39.46473400000295
39.46473400000295
39.46473400000295
39.46473400000295
39.46473400000295
39.46473400000295
39.46473400000295
39.46473400000295
39.46473400000295
39.46473400000295
39.46473400000295
39.46473400000295
39.46473400000295
39.46473400000295
39.46473400000295
39.46473400000295
39.46473400000295
39.46473400000295
39.46473400000295
39.46473400000295
39.46473400000295
39.46473400000295
39.46473400000295
39.46473400000295
39.46473400000295
39.46473400000295
39.46473400000295
39.46473400000295
39.46473400000295
39.46473400000295
39.46473400000295
39.46473400000295
39.46473400000295
39.46473400000295
39.46473400000295
39.46473400000295
39.46473400000295
39.46473400000295
39.46473400000295
39.46473400000295
39.46473400000295
39.46473400000295
39.46473400000295
39.46473400000295
39.46473400000295
39.46473400000295
39.46473400000295
39.46473400000295
39.46473400000295
39.46473400000295
39.46473400000295
39.46473400000295
39.46473400000295
39.46473400000295
39.46473400000295
39.46473400000295
39.46473400000295
39.46473400000295
39.46473400000295
39.46473400000295
39.46473400000295
39.46473400000295
39.46473400000295
39.46473400000295
39.46473400000295
39.46473400000295
39.46473400000295
39.46473400000295
39.46473400000295
39.46473400000295
39.46473400000295
39.46473400000295
39.46473400000295
39.46473400000295
39.46473400000295
39.46473400000295
39.46473400000295
39.46473400000295
39.46473400000295
39.46473400000295
39.46473400000295
39.46473400000295
39.46473400000295
39.46473400000295
39.46473400000295
39.46473400000295
39.46473400000295
39.46473400000295
39.46473400000295
39.46473400000295
39.46473400000295
39.46473400000295
39.46473400000295
39.46473400000295
39.46473400000295
39.46473400000295
39.46473400000295
39.46473400000295
39.46473400000295
39.46473400000295
39.46473400000295
39.46473400000295
39.46473400000295
39.46473400000295
39.46473400000295
39.46473400000295
39.46473400000295
39.46473400000295
39.46473400000295
39.46473400000295
39.46473400000295
39.46473400000295
39.46473400000295
39.46473400000295
39.46473400000295
39.46473400000295
39.46473400000295
39.46473400000295
39.46473400000295
39.46473400000295
39.46473400000295
39.46473400000295
39.46473400000295
39.46473400000295
39.46473400000295
39.46473400000295
39.46473400000295
39.46473400000295
39.46473400000295
39.46473400000295
39.46473400000295
39.46473400000295
39.46473400000295
39.46473400000295
39.46473400000295
39.46473400000295
39.46473400000295
39.46473400000295
39.46473400000295
39.46473400000295
39.46473400000295
39.46473400000295
39.46473400000295
39.46473400000295
39.46473400000295
39.46473400000295
39.46473400000295
39.46473400000295
39.46473400000295
39.46473400000295
39.46473400000295
39.46473400000295
39.46473400000295
39.46473400000295
39.46473400000295
39.46473400000295
39.46473400000295
39.46473400000295
39.46473400000295
39.46473400000295
39.46473400000295
39.46473400000295
39.46473400000295
39.46473400000295
39.46473400000295
39.46473400000295
39.46473400000295
39.46473400000295
39.46473400000295
39.46473400000295
39.46473400000295
39.46473400000295
39.46473400000295
39.46473400000295
39.46473400000295
39.46473400000295
39.46473400000295
39.46473400000295
39.46473400000295
39.46473400000295
39.46473400000295
39.46473400000295
39.46473400000295
39.46473400000295
39.46473400000295
39.46473400000295
39.46473400000295
39.46473400000295
39.46473400000295
39.46473400000295
39.46473400000295
39.46473400000295
39.46473400000295
39.46473400000295
39.46473400000295
39.46473400000295
39.46473400000295
39.46473400000295
39.46473400000295
39.46473400000295
39.46473400000295
39.46473400000295
39.46473400000295
39.46473400000295
39.46473400000295
39.46473400000295
39.46473400000295
39.46473400000295
39.46473400000295
39.46473400000295
39.46473400000295
39.46473400000295
39.46473400000295
39.46473400000295
39.46473400000295
39.46473400000295
39.46473400000295
39.46473400000295
39.46473400000295
39.46473400000295
39.46473400000295
39.46473400000295
39.46473400000295
39.46473400000295
39.46473400000295
39.46473400000295
39.46473400000295
39.46473400000295
39.46473400000295
39.46473400000295
39.46473400000295
39.46473400000295
39.46473400000295
39.46473400000295
39.46473400000295
39.46473400000295
39.46473400000295
39.46473400000295
39.46473400000295
39.46473400000295
39.46473400000295
39.46473400000295
39.46473400000295
39.46473400000295
39.46473400000295
39.46473400000295
39.46473400000295
39.46473400000295
39.46473400000295
39.46473400000295
39.46473400000295
39.46473400000295
39.46473400000295
39.46473400000295
39.46473400000295
39.46473400000295
39.46473400000295
39.46473400000295
39.46473400000295
39.46473400000295
39.46473400000295
39.46473400000295
39.46473400000295
39.46473400000295
39.46473400000295
39.46473400000295
39.46473400000295
39.46473400000295
39.46473400000295
39.46473400000295
39.46473400000295
39.46473400000295
39.46473400000295
39.46473400000295
39.46473400000295
39.46473400000295
39.46473400000295
39.46473400000295
39.46473400000295
39.46473400000295
39.46473400000295
39.46473400000295
39.46473400000295
39.46473400000295
39.46473400000295
39.46473400000295
39.46473400000295
39.46473400000295
39.46473400000295
39.46473400000295
39.46473400000295
39.46473400000295
39.46473400000295
39.46473400000295
39.46473400000295
39.46473400000295
39.46473400000295
39.46473400000295
39.46473400000295
39.46473400000295
39.46473400000295
39.46473400000295
39.46473400000295
39.46473400000295
39.46473400000295
39.46473400000295
39.46473400000295
39.46473400000295
39.46473400000295
39.46473400000295
39.46473400000295
39.46473400000295
39.46473400000295
39.46473400000295
39.46473400000295
39.46473400000295
39.46473400000295
39.46473400000295
39.46473400000295
39.46473400000295
39.46473400000295
39.46473400000295
39.46473400000295
39.46473400000295
39.46473400000295
39.46473400000295
39.46473400000295
39.46473400000295
39.46473400000295
39.46473400000295
39.46473400000295
39.46473400000295
39.46473400000295
39.46473400000295
39.46473400000295
39.46473400000295
39.46473400000295
39.46473400000295
39.46473400000295
39.46473400000295
39.46473400000295
39.46473400000295
39.46473400000295
39.46473400000295
39.46473400000295
39.46473400000295
39.46473400000295
39.46473400000295
39.46473400000295
39.46473400000295
39.46473400000295
39.46473400000295
39.46473400000295
39.46473400000295
39.46473400000295
39.46473400000295
39.46473400000295
39.46473400000295
39.46473400000295
39.46473400000295
39.46473400000295
39.46473400000295
39.46473400000295
39.46473400000295
39.46473400000295
39.46473400000295
39.46473400000295
39.46473400000295
39.46473400000295
39.46473400000295
39.46473400000295
39.46473400000295
39.46473400000295
39.46473400000295
39.46473400000295
39.46473400000295
39.46473400000295
39.46473400000295
39.46473400000295
39.46473400000295
39.46473400000295
39.46473400000295
39.46473400000295
39.46473400000295
39.46473400000295
39.46473400000295
39.46473400000295
39.46473400000295
39.46473400000295
39.46473400000295
39.46473400000295
39.46473400000295
39.46473400000295
39.46473400000295
39.46473400000295
39.46473400000295
39.46473400000295
39.46473400000295
39.46473400000295
39.46473400000295
39.46473400000295
39.46473400000295
39.46473400000295
39.46473400000295
39.46473400000295
39.46473400000295
39.46473400000295
39.46473400000295
39.46473400000295
39.46473400000295
39.46473400000295
39.46473400000295
39.46473400000295
39.46473400000295
39.46473400000295
39.46473400000295
39.46473400000295
39.46473400000295
39.46473400000295
39.46473400000295
39.46473400000295
39.46473400000295
39.46473400000295
39.46473400000295
39.46473400000295
39.46473400000295
39.46473400000295
39.46473400000295
39.46473400000295
39.46473400000295
39.46473400000295
39.46473400000295
39.46473400000295
39.46473400000295
39.46473400000295
39.46473400000295
39.46473400000295
39.46473400000295
39.46473400000295
39.46473400000295
39.46473400000295
39.46473400000295
39.46473400000295
39.46473400000295
39.46473400000295
39.46473400000295
39.46473400000295
39.46473400000295
39.46473400000295
39.46473400000295
39.46473400000295
39.46473400000295
39.46473400000295
39.46473400000295
39.46473400000295
39.46473400000295
39.46473400000295
39.46473400000295
39.46473400000295
39.46473400000295
39.46473400000295
39.46473400000295
39.46473400000295
39.46473400000295
39.46473400000295
39.46473400000295
39.46473400000295
39.46473400000295
39.46473400000295
39.46473400000295
39.46473400000295
39.46473400000295
39.46473400000295
39.46473400000295
39.46473400000295
39.46473400000295
39.46473400000295
39.46473400000295
39.46473400000295
39.46473400000295
39.46473400000295
39.46473400000295
39.46473400000295
39.46473400000295
39.46473400000295
39.46473400000295
39.46473400000295
39.46473400000295
39.46473400000295
39.46473400000295
39.46473400000295
39.46473400000295
39.46473400000295
39.46473400000295
39.46473400000295
39.46473400000295
39.46473400000295
39.46473400000295
39.46473400000295
39.46473400000295
39.46473400000295
39.46473400000295
39.46473400000295
39.46473400000295
39.46473400000295
39.46473400000295
39.46473400000295
39.46473400000295
39.46473400000295
39.46473400000295
39.46473400000295
39.46473400000295
39.46473400000295
39.46473400000295
39.46473400000295
39.46473400000295
39.46473400000295
39.46473400000295
39.46473400000295
39.46473400000295
39.46473400000295
39.46473400000295
39.46473400000295
39.46473400000295
39.46473400000295
39.46473400000295
39.46473400000295
39.46473400000295
39.46473400000295
39.46473400000295
39.46473400000295
39.46473400000295
39.46473400000295
39.46473400000295
39.46473400000295
39.46473400000295
39.46473400000295
39.46473400000295
39.46473400000295
39.46473400000295
39.46473400000295
39.46473400000295
39.46473400000295
39.46473400000295
39.46473400000295
39.46473400000295
39.46473400000295
39.46473400000295
39.46473400000295
39.46473400000295
39.46473400000295
39.46473400000295
39.46473400000295
39.46473400000295
39.46473400000295
39.46473400000295
39.46473400000295
39.46473400000295
39.46473400000295
39.46473400000295
39.46473400000295
39.46473400000295
39.46473400000295
39.46473400000295
39.46473400000295
39.46473400000295
39.46473400000295
39.46473400000295
39.46473400000295
39.46473400000295
39.46473400000295
39.46473400000295
39.46473400000295
39.46473400000295
39.46473400000295
39.46473400000295
39.46473400000295
39.46473400000295
39.46473400000295
39.46473400000295
39.46473400000295
39.46473400000295
39.46473400000295
39.46473400000295
39.46473400000295
39.46473400000295
39.46473400000295
39.46473400000295
39.46473400000295
39.46473400000295
39.46473400000295
39.46473400000295
39.46473400000295
39.46473400000295
39.46473400000295
39.46473400000295
39.46473400000295
39.46473400000295
39.46473400000295
39.46473400000295
39.46473400000295
39.46473400000295
39.46473400000295
39.46473400000295
39.46473400000295
39.46473400000295
39.46473400000295
39.46473400000295
39.46473400000295
39.46473400000295
39.46473400000295
39.46473400000295
39.46473400000295
39.46473400000295
39.46473400000295
39.46473400000295
39.46473400000295
39.46473400000295
39.46473400000295
39.46473400000295
39.46473400000295
39.46473400000295
39.46473400000295
39.46473400000295
39.46473400000295
39.46473400000295
39.46473400000295
39.46473400000295
39.46473400000295
39.46473400000295
39.46473400000295
39.46473400000295
39.46473400000295
39.46473400000295
39.46473400000295
39.46473400000295
39.46473400000295
39.46473400000295
39.46473400000295
39.46473400000295
39.46473400000295
39.46473400000295
39.46473400000295
39.46473400000295
39.46473400000295
39.46473400000295
39.46473400000295
39.46473400000295
39.46473400000295
39.46473400000295
39.46473400000295
39.46473400000295
39.46473400000295
39.46473400000295
39.46473400000295
39.46473400000295
39.46473400000295
39.46473400000295
39.46473400000295
39.46473400000295
39.46473400000295
39.46473400000295
39.46473400000295
39.46473400000295
39.46473400000295
39.46473400000295
39.46473400000295
39.46473400000295
39.46473400000295
39.46473400000295
39.46473400000295
39.46473400000295
39.46473400000295
39.46473400000295
39.46473400000295
39.46473400000295
39.46473400000295
39.46473400000295
39.46473400000295
39.46473400000295
39.46473400000295
39.46473400000295
39.46473400000295
39.46473400000295
39.46473400000295
39.46473400000295
39.46473400000295
39.46473400000295
39.46473400000295
39.46473400000295
39.46473400000295
39.46473400000295
39.46473400000295
39.46473400000295
39.46473400000295
39.46473400000295
39.46473400000295
39.46473400000295
39.46473400000295
39.46473400000295
39.46473400000295
39.46473400000295
39.46473400000295
39.46473400000295
39.46473400000295
39.46473400000295
39.46473400000295
39.46473400000295
39.46473400000295
39.46473400000295
39.46473400000295
39.46473400000295
39.46473400000295
39.46473400000295
39.46473400000295
39.46473400000295
39.46473400000295
39.46473400000295
39.46473400000295
39.46473400000295
39.46473400000295
39.46473400000295
39.46473400000295
39.46473400000295
39.46473400000295
39.46473400000295
39.46473400000295
39.46473400000295
39.46473400000295
39.46473400000295
39.46473400000295
39.46473400000295
39.46473400000295
39.46473400000295
39.46473400000295
39.46473400000295
39.46473400000295
39.46473400000295
39.46473400000295
39.46473400000295
39.46473400000295
39.46473400000295
39.46473400000295
39.46473400000295
39.46473400000295
39.46473400000295
39.46473400000295
39.46473400000295
39.46473400000295
39.46473400000295
39.46473400000295
39.46473400000295
39.46473400000295
39.46473400000295
39.46473400000295
39.46473400000295
39.46473400000295
39.46473400000295
39.46473400000295
39.46473400000295
39.46473400000295
39.46473400000295
39.46473400000295
39.46473400000295
39.46473400000295
39.46473400000295
39.46473400000295
39.46473400000295
39.46473400000295
39.46473400000295
39.46473400000295
39.46473400000295
39.46473400000295
39.46473400000295
39.46473400000295
39.46473400000295
39.46473400000295
39.46473400000295
39.46473400000295
39.46473400000295
39.46473400000295
39.46473400000295
39.46473400000295
39.46473400000295
39.46473400000295
39.46473400000295
39.46473400000295
39.46473400000295
39.46473400000295
39.46473400000295
39.46473400000295
39.46473400000295
39.46473400000295
39.46473400000295
39.46473400000295
39.46473400000295
39.46473400000295
39.46473400000295
39.46473400000295
39.46473400000295
39.46473400000295
39.46473400000295
39.46473400000295
39.46473400000295
39.46473400000295
39.46473400000295
39.46473400000295
39.46473400000295
39.46473400000295
39.46473400000295
39.46473400000295
39.46473400000295
39.46473400000295
39.46473400000295
39.46473400000295
39.46473400000295
39.46473400000295
39.46473400000295
39.46473400000295
39.46473400000295
39.46473400000295
39.46473400000295
39.46473400000295
39.46473400000295
39.46473400000295
39.46473400000295
39.46473400000295
39.46473400000295
39.46473400000295
39.46473400000295
39.46473400000295
39.46473400000295
39.46473400000295
39.46473400000295
39.46473400000295
39.46473400000295
39.46473400000295
39.46473400000295
39.46473400000295
39.46473400000295
39.46473400000295
39.46473400000295
39.46473400000295
39.46473400000295
39.46473400000295
39.46473400000295
39.46473400000295
39.46473400000295
39.46473400000295
39.46473400000295
39.46473400000295
39.46473400000295
39.46473400000295
39.46473400000295
39.46473400000295
39.46473400000295
39.46473400000295
39.46473400000295
39.46473400000295
39.46473400000295
39.46473400000295
39.46473400000295
39.46473400000295
39.46473400000295
39.46473400000295
39.46473400000295
39.46473400000295
39.46473400000295
39.46473400000295
39.46473400000295
39.46473400000295
39.46473400000295
39.46473400000295
39.46473400000295
39.46473400000295
39.46473400000295
39.46473400000295
39.46473400000295
39.46473400000295
39.46473400000295
39.46473400000295
39.46473400000295
39.46473400000295
39.46473400000295
39.46473400000295
39.46473400000295
39.46473400000295
39.46473400000295
39.46473400000295
39.46473400000295
39.46473400000295
39.46473400000295
39.46473400000295
39.46473400000295
39.46473400000295
39.46473400000295
39.46473400000295
39.46473400000295
39.46473400000295
39.46473400000295
39.46473400000295
39.46473400000295
39.46473400000295
39.46473400000295
39.46473400000295
39.46473400000295
39.46473400000295
39.46473400000295
39.46473400000295
39.46473400000295
39.46473400000295
39.46473400000295
39.46473400000295
39.46473400000295
39.46473400000295
39.46473400000295
39.46473400000295
39.46473400000295
39.46473400000295
39.46473400000295
39.46473400000295
39.46473400000295
39.46473400000295
39.46473400000295
39.46473400000295
39.46473400000295
39.46473400000295
39.46473400000295
39.46473400000295
39.46473400000295
39.46473400000295
39.46473400000295
39.46473400000295
39.46473400000295
39.46473400000295
39.46473400000295
39.46473400000295
39.46473400000295
39.46473400000295
39.46473400000295
39.46473400000295
39.46473400000295
39.46473400000295
39.46473400000295
39.46473400000295
39.46473400000295
39.46473400000295
39.46473400000295
39.46473400000295
39.46473400000295
39.46473400000295
39.46473400000295
39.46473400000295
39.46473400000295
39.46473400000295
39.46473400000295
39.46473400000295
39.46473400000295
39.46473400000295
39.46473400000295
39.46473400000295
39.46473400000295
39.46473400000295
39.46473400000295
39.46473400000295
39.46473400000295
39.46473400000295
39.46473400000295
39.46473400000295
39.46473400000295
39.46473400000295
39.46473400000295
39.46473400000295
39.46473400000295
39.46473400000295
39.46473400000295
39.46473400000295
39.46473400000295
39.46473400000295
39.46473400000295
39.46473400000295
39.46473400000295
39.46473400000295
39.46473400000295
39.46473400000295
39.46473400000295
39.46473400000295
39.46473400000295
39.46473400000295
39.46473400000295
39.46473400000295
39.46473400000295
39.46473400000295
39.46473400000295
39.46473400000295
39.46473400000295
39.46473400000295
39.46473400000295
39.46473400000295
39.46473400000295
39.46473400000295
39.46473400000295
39.46473400000295
39.46473400000295
39.46473400000295
39.46473400000295
39.46473400000295
39.46473400000295
39.46473400000295
39.46473400000295
39.46473400000295
39.46473400000295
39.46473400000295
39.46473400000295
39.46473400000295
39.46473400000295
39.46473400000295
39.46473400000295
39.46473400000295
39.46473400000295
39.46473400000295
39.46473400000295
39.46473400000295
39.46473400000295
39.46473400000295
39.46473400000295
39.46473400000295
39.46473400000295
39.46473400000295
39.46473400000295
39.46473400000295
39.46473400000295
39.46473400000295
39.46473400000295
39.46473400000295
39.46473400000295
39.46473400000295
39.46473400000295
39.46473400000295
39.46473400000295
39.46473400000295
39.46473400000295
39.46473400000295
39.46473400000295
39.46473400000295
39.46473400000295
39.46473400000295
39.46473400000295
39.46473400000295
39.46473400000295
39.46473400000295
39.46473400000295
39.46473400000295
39.46473400000295
39.46473400000295
39.46473400000295
39.46473400000295
39.46473400000295
39.46473400000295
39.46473400000295
39.46473400000295
39.46473400000295
39.46473400000295
39.46473400000295
39.46473400000295
39.46473400000295
39.46473400000295
39.46473400000295
39.46473400000295
39.46473400000295
39.46473400000295
39.46473400000295
39.46473400000295
39.46473400000295
39.46473400000295
39.46473400000295
39.46473400000295
39.46473400000295
39.46473400000295
39.46473400000295
39.46473400000295
39.46473400000295
39.46473400000295
39.46473400000295
39.46473400000295
39.46473400000295
39.46473400000295
39.46473400000295
39.46473400000295
39.46473400000295
39.46473400000295
39.46473400000295
39.46473400000295
39.46473400000295
39.46473400000295
39.46473400000295
39.46473400000295
39.46473400000295
39.46473400000295
39.46473400000295
39.46473400000295
39.46473400000295
39.46473400000295
39.46473400000295
39.46473400000295
39.46473400000295
39.46473400000295
39.46473400000295
39.46473400000295
39.46473400000295
39.46473400000295
39.46473400000295
39.46473400000295
39.46473400000295
39.46473400000295
39.46473400000295
39.46473400000295
39.46473400000295
39.46473400000295
39.46473400000295
39.46473400000295
39.46473400000295
39.46473400000295
39.46473400000295
39.46473400000295
39.46473400000295
39.46473400000295
39.46473400000295
39.46473400000295
39.46473400000295
39.46473400000295
39.46473400000295
39.46473400000295
39.46473400000295
39.46473400000295
39.46473400000295
39.46473400000295
39.46473400000295
39.46473400000295
39.46473400000295
39.46473400000295
39.46473400000295
39.46473400000295
39.46473400000295
39.46473400000295
39.46473400000295
39.46473400000295
39.46473400000295
39.46473400000295
39.46473400000295
39.46473400000295
39.46473400000295
39.46473400000295
39.46473400000295
39.46473400000295
39.46473400000295
39.46473400000295
39.46473400000295
39.46473400000295
39.46473400000295
39.46473400000295
39.46473400000295
39.46473400000295
39.46473400000295
39.46473400000295
39.46473400000295
39.46473400000295
39.46473400000295
39.46473400000295
39.46473400000295
39.46473400000295
39.46473400000295
39.46473400000295
39.46473400000295
39.46473400000295
39.46473400000295
39.46473400000295
39.46473400000295
39.46473400000295
39.46473400000295
39.46473400000295
39.46473400000295
39.46473400000295
39.46473400000295
39.46473400000295
39.46473400000295
39.46473400000295
39.46473400000295
39.46473400000295
39.46473400000295
39.46473400000295
39.46473400000295
39.46473400000295
39.46473400000295
39.46473400000295
39.46473400000295
39.46473400000295
39.46473400000295
39.46473400000295
39.46473400000295
39.46473400000295
39.46473400000295
39.46473400000295
39.46473400000295
39.46473400000295
39.46473400000295
39.46473400000295
39.46473400000295
39.46473400000295
39.46473400000295
39.46473400000295
39.46473400000295
39.46473400000295
39.46473400000295
39.46473400000295
39.46473400000295
39.46473400000295
39.46473400000295
39.46473400000295
39.46473400000295
39.46473400000295
39.46473400000295
39.46473400000295
39.46473400000295
39.46473400000295
39.46473400000295
39.46473400000295
39.46473400000295
39.46473400000295
39.46473400000295
39.46473400000295
39.46473400000295
39.46473400000295
39.46473400000295
39.46473400000295
39.46473400000295
39.46473400000295
39.46473400000295
39.46473400000295
39.46473400000295
39.46473400000295
39.46473400000295
39.46473400000295
39.46473400000295
39.46473400000295
39.46473400000295
39.46473400000295
39.46473400000295
39.46473400000295
39.46473400000295
39.46473400000295
39.46473400000295
39.46473400000295
39.46473400000295
39.46473400000295
39.46473400000295
39.46473400000295
39.46473400000295
39.46473400000295
39.46473400000295
39.46473400000295
39.46473400000295
39.46473400000295
39.46473400000295
39.46473400000295
39.46473400000295
39.46473400000295
39.46473400000295
39.46473400000295
39.46473400000295
39.46473400000295
39.46473400000295
39.46473400000295
39.46473400000295
39.46473400000295
39.46473400000295
39.46473400000295
39.46473400000295
39.46473400000295
39.46473400000295
39.46473400000295
39.46473400000295
39.46473400000295
39.46473400000295
39.46473400000295
39.46473400000295
39.46473400000295
39.46473400000295
39.46473400000295
39.46473400000295
39.46473400000295
39.46473400000295
39.46473400000295
39.46473400000295
39.46473400000295
39.46473400000295
39.46473400000295
39.46473400000295
39.46473400000295
39.46473400000295
39.46473400000295
39.46473400000295
39.46473400000295
39.46473400000295
39.46473400000295
39.46473400000295
39.46473400000295
39.46473400000295
39.46473400000295
39.46473400000295
39.46473400000295
39.46473400000295
39.46473400000295
39.46473400000295
39.46473400000295
39.46473400000295
39.46473400000295
39.46473400000295
39.46473400000295
39.46473400000295
39.46473400000295
39.46473400000295
39.46473400000295
39.46473400000295
39.46473400000295
39.46473400000295
39.46473400000295
39.46473400000295
39.46473400000295
39.46473400000295
39.46473400000295
39.46473400000295
39.46473400000295
39.46473400000295
39.46473400000295
39.46473400000295
39.46473400000295
39.46473400000295
39.46473400000295
39.46473400000295
39.46473400000295
39.46473400000295
39.46473400000295
39.46473400000295
39.46473400000295
39.46473400000295
39.46473400000295
39.46473400000295
39.46473400000295
39.46473400000295
39.46473400000295
39.46473400000295
39.46473400000295
39.46473400000295
39.46473400000295
39.46473400000295
39.46473400000295
39.46473400000295
39.46473400000295
39.46473400000295
39.46473400000295
39.46473400000295
39.46473400000295
39.46473400000295
39.46473400000295
39.46473400000295
39.46473400000295
39.46473400000295
39.46473400000295
39.46473400000295
39.46473400000295
39.46473400000295
39.46473400000295
39.46473400000295
39.46473400000295
39.46473400000295
39.46473400000295
39.46473400000295
39.46473400000295
39.46473400000295
39.46473400000295
39.46473400000295
39.46473400000295
39.46473400000295
39.46473400000295
39.46473400000295
39.46473400000295
39.46473400000295
39.46473400000295
39.46473400000295
39.46473400000295
39.46473400000295
39.46473400000295
39.46473400000295
39.46473400000295
39.46473400000295
39.46473400000295
39.46473400000295
39.46473400000295
39.46473400000295
39.46473400000295
39.46473400000295
39.46473400000295
39.46473400000295
39.46473400000295
39.46473400000295
39.46473400000295
39.46473400000295
39.46473400000295
39.46473400000295
39.46473400000295
39.46473400000295
39.46473400000295
39.46473400000295
39.46473400000295
39.46473400000295
39.46473400000295
39.46473400000295
39.46473400000295
39.46473400000295
39.46473400000295
39.46473400000295
39.46473400000295
39.46473400000295
39.46473400000295
39.46473400000295
39.46473400000295
39.46473400000295
39.46473400000295
39.46473400000295
39.46473400000295
39.46473400000295
39.46473400000295
39.46473400000295
39.46473400000295
39.46473400000295
39.46473400000295
39.46473400000295
39.46473400000295
39.46473400000295
39.46473400000295
39.46473400000295
39.46473400000295
39.46473400000295
39.46473400000295
39.46473400000295
39.46473400000295
39.46473400000295
39.46473400000295
39.46473400000295
39.46473400000295
39.46473400000295
39.46473400000295
39.46473400000295
39.46473400000295
39.46473400000295
39.46473400000295
39.46473400000295
39.46473400000295
39.46473400000295
39.46473400000295
39.46473400000295
39.46473400000295
39.46473400000295
39.46473400000295
39.46473400000295
39.46473400000295
39.46473400000295
39.46473400000295
39.46473400000295
39.46473400000295
39.46473400000295
39.46473400000295
39.46473400000295
39.46473400000295
39.46473400000295
39.46473400000295
39.46473400000295
39.46473400000295
39.46473400000295
39.46473400000295
39.46473400000295
39.46473400000295
39.46473400000295
39.46473400000295
39.46473400000295
39.46473400000295
39.46473400000295
39.46473400000295
39.46473400000295
39.46473400000295
39.46473400000295
39.46473400000295
39.46473400000295
39.46473400000295
39.46473400000295
39.46473400000295
39.46473400000295
39.46473400000295
39.46473400000295
39.46473400000295
39.46473400000295
39.46473400000295
39.46473400000295
39.46473400000295
39.46473400000295
39.46473400000295
39.46473400000295
39.46473400000295
39.46473400000295
39.46473400000295
39.46473400000295
39.46473400000295
39.46473400000295
39.46473400000295
39.46473400000295
39.46473400000295
39.46473400000295
39.46473400000295
39.46473400000295
39.46473400000295
39.46473400000295
39.46473400000295
39.46473400000295
39.46473400000295
39.46473400000295
39.46473400000295
39.46473400000295
39.46473400000295
39.46473400000295
39.46473400000295
39.46473400000295
39.46473400000295
39.46473400000295
39.46473400000295
39.46473400000295
39.46473400000295
39.46473400000295
39.46473400000295
39.46473400000295
39.46473400000295
39.46473400000295
39.46473400000295
39.46473400000295
39.46473400000295
39.46473400000295
39.46473400000295
39.46473400000295
39.46473400000295
39.46473400000295
39.46473400000295
39.46473400000295
39.46473400000295
39.46473400000295
39.46473400000295
39.46473400000295
39.46473400000295
39.46473400000295
39.46473400000295
39.46473400000295
39.46473400000295
39.46473400000295
39.46473400000295
39.46473400000295
39.46473400000295
39.46473400000295
39.46473400000295
39.46473400000295
39.46473400000295
39.46473400000295
39.46473400000295
39.46473400000295
39.46473400000295
39.46473400000295
39.46473400000295
39.46473400000295
39.46473400000295
39.46473400000295
39.46473400000295
39.46473400000295
39.46473400000295
39.46473400000295
39.46473400000295
39.46473400000295
39.46473400000295
39.46473400000295
39.46473400000295
39.46473400000295
39.46473400000295
39.46473400000295
39.46473400000295
39.46473400000295
39.46473400000295
39.46473400000295
39.46473400000295
39.46473400000295
39.46473400000295
39.46473400000295
39.46473400000295
39.46473400000295
39.46473400000295
39.46473400000295
39.46473400000295
39.46473400000295
39.46473400000295
39.46473400000295
39.46473400000295
39.46473400000295
39.46473400000295
39.46473400000295
39.46473400000295
39.46473400000295
39.46473400000295
39.46473400000295
39.46473400000295
39.46473400000295
39.46473400000295
39.46473400000295
39.46473400000295
39.46473400000295
39.46473400000295
39.46473400000295
39.46473400000295
39.46473400000295
39.46473400000295
39.46473400000295
39.46473400000295
39.46473400000295
39.46473400000295
39.46473400000295
39.46473400000295
39.46473400000295
39.46473400000295
39.46473400000295
39.46473400000295
39.46473400000295
39.46473400000295
39.46473400000295
39.46473400000295
39.46473400000295
39.46473400000295
39.46473400000295
39.46473400000295
39.46473400000295
39.46473400000295
39.46473400000295
39.46473400000295
39.46473400000295
39.46473400000295
39.46473400000295
39.46473400000295
39.46473400000295
39.46473400000295
39.46473400000295
39.46473400000295
39.46473400000295
39.46473400000295
39.46473400000295
39.46473400000295
39.46473400000295
39.46473400000295
39.46473400000295
39.46473400000295
39.46473400000295
39.46473400000295
39.46473400000295
39.46473400000295
39.46473400000295
39.46473400000295
39.46473400000295
39.46473400000295
39.46473400000295
39.46473400000295
39.46473400000295
39.46473400000295
39.46473400000295
39.46473400000295
39.46473400000295
39.46473400000295
39.46473400000295
39.46473400000295
39.46473400000295
39.46473400000295
39.46473400000295
39.46473400000295
39.46473400000295
39.46473400000295
39.46473400000295
39.46473400000295
39.46473400000295
39.46473400000295
39.46473400000295
39.46473400000295
39.46473400000295
39.46473400000295
39.46473400000295
39.46473400000295
39.46473400000295
39.46473400000295
39.46473400000295
39.46473400000295
39.46473400000295
39.46473400000295
39.46473400000295
39.46473400000295
39.46473400000295
39.46473400000295
39.46473400000295
39.46473400000295
39.46473400000295
39.46473400000295
39.46473400000295
39.46473400000295
39.46473400000295
39.46473400000295
39.46473400000295
39.46473400000295
39.46473400000295
39.46473400000295
39.46473400000295
39.46473400000295
39.46473400000295
39.46473400000295
39.46473400000295
39.46473400000295
39.46473400000295
39.46473400000295
39.46473400000295
39.46473400000295
39.46473400000295
39.46473400000295
39.46473400000295
39.46473400000295
39.46473400000295
39.46473400000295
39.46473400000295
39.46473400000295
39.46473400000295
39.46473400000295
39.46473400000295
39.46473400000295
39.46473400000295
39.46473400000295
39.46473400000295
39.46473400000295
39.46473400000295
39.46473400000295
39.46473400000295
39.46473400000295
39.46473400000295
39.46473400000295
39.46473400000295
39.46473400000295
39.46473400000295
39.46473400000295
39.46473400000295
39.46473400000295
39.46473400000295
39.46473400000295
39.46473400000295
39.46473400000295
39.46473400000295
39.46473400000295
39.46473400000295
39.46473400000295
39.46473400000295
39.46473400000295
39.46473400000295
39.46473400000295
39.46473400000295
39.46473400000295
39.46473400000295
39.46473400000295
39.46473400000295
39.46473400000295
39.46473400000295
39.46473400000295
39.46473400000295
39.46473400000295
39.46473400000295
39.46473400000295
39.46473400000295
39.46473400000295
39.46473400000295
39.46473400000295
39.46473400000295
39.46473400000295
39.46473400000295
39.46473400000295
39.46473400000295
39.46473400000295
39.46473400000295
39.46473400000295
39.46473400000295
39.46473400000295
39.46473400000295
39.46473400000295
39.46473400000295
39.46473400000295
39.46473400000295
39.46473400000295
39.46473400000295
39.46473400000295
39.46473400000295
39.46473400000295
39.46473400000295
39.46473400000295
39.46473400000295
39.46473400000295
39.46473400000295
39.46473400000295
39.46473400000295
39.46473400000295
39.46473400000295
39.46473400000295
39.46473400000295
39.46473400000295
39.46473400000295
39.46473400000295
39.46473400000295
39.46473400000295
39.46473400000295
39.46473400000295
39.46473400000295
39.46473400000295
39.46473400000295
39.46473400000295
39.46473400000295
39.46473400000295
39.46473400000295
39.46473400000295
39.46473400000295
39.46473400000295
39.46473400000295
39.46473400000295
39.46473400000295
39.46473400000295
39.46473400000295
39.46473400000295
39.46473400000295
39.46473400000295
39.46473400000295
39.46473400000295
39.46473400000295
39.46473400000295
39.46473400000295
39.46473400000295
39.46473400000295
39.46473400000295
39.46473400000295
39.46473400000295
39.46473400000295
39.46473400000295
39.46473400000295
39.46473400000295
39.46473400000295
39.46473400000295
39.46473400000295
39.46473400000295
39.46473400000295
39.46473400000295
39.46473400000295
39.46473400000295
39.46473400000295
39.46473400000295
39.46473400000295
39.46473400000295
39.46473400000295
39.46473400000295
39.46473400000295
39.46473400000295
39.46473400000295
39.46473400000295
39.46473400000295
39.46473400000295
39.46473400000295
39.46473400000295
39.46473400000295
39.46473400000295
39.46473400000295
39.46473400000295
39.46473400000295
39.46473400000295
39.46473400000295
39.46473400000295
39.46473400000295
39.46473400000295
39.46473400000295
39.46473400000295
39.46473400000295
39.46473400000295
39.46473400000295
39.46473400000295
39.46473400000295
39.46473400000295
39.46473400000295
39.46473400000295
39.46473400000295
39.46473400000295
39.46473400000295
39.46473400000295
39.46473400000295
39.46473400000295
39.46473400000295
39.46473400000295
39.46473400000295
39.46473400000295
39.46473400000295
39.46473400000295
39.46473400000295
39.46473400000295
39.46473400000295
39.46473400000295
39.46473400000295
39.46473400000295
39.46473400000295
39.46473400000295
39.46473400000295
39.46473400000295
39.46473400000295
39.46473400000295
39.46473400000295
39.46473400000295
39.46473400000295
39.46473400000295
39.46473400000295
39.46473400000295
39.46473400000295
39.46473400000295
39.46473400000295
39.46473400000295
39.46473400000295
39.46473400000295
39.46473400000295
39.46473400000295
39.46473400000295
39.46473400000295
39.46473400000295
39.46473400000295
39.46473400000295
39.46473400000295
39.46473400000295
39.46473400000295
39.46473400000295
39.46473400000295
39.46473400000295
39.46473400000295
39.46473400000295
39.46473400000295
39.46473400000295
39.46473400000295
39.46473400000295
39.46473400000295
39.46473400000295
39.46473400000295
39.46473400000295
39.46473400000295
39.46473400000295
39.46473400000295
39.46473400000295
39.46473400000295
39.46473400000295
39.46473400000295
39.46473400000295
39.46473400000295
39.46473400000295
39.46473400000295
39.46473400000295
39.46473400000295
39.46473400000295
39.46473400000295
39.46473400000295
39.46473400000295
39.46473400000295
39.46473400000295
39.46473400000295
39.46473400000295
39.46473400000295
39.46473400000295
39.46473400000295
39.46473400000295
39.46473400000295
39.46473400000295
39.46473400000295
39.46473400000295
39.46473400000295
39.46473400000295
39.46473400000295
39.46473400000295
39.46473400000295
39.46473400000295
39.46473400000295
39.46473400000295
39.46473400000295
39.46473400000295
39.46473400000295
39.46473400000295
39.46473400000295
39.46473400000295
39.46473400000295
39.46473400000295
39.46473400000295
39.46473400000295
39.46473400000295
39.46473400000295
39.46473400000295
39.46473400000295
39.46473400000295
39.46473400000295
39.46473400000295
39.46473400000295
39.46473400000295
39.46473400000295
39.46473400000295
39.46473400000295
39.46473400000295
39.46473400000295
39.46473400000295
39.46473400000295
39.46473400000295
39.46473400000295
39.46473400000295
39.46473400000295
39.46473400000295
39.46473400000295
39.46473400000295
39.46473400000295
39.46473400000295
39.46473400000295
39.46473400000295
39.46473400000295
39.46473400000295
39.46473400000295
39.46473400000295
39.46473400000295
39.46473400000295
39.46473400000295
39.46473400000295
39.46473400000295
39.46473400000295
39.46473400000295
39.46473400000295
39.46473400000295
39.46473400000295
39.46473400000295
39.46473400000295
39.46473400000295
39.46473400000295
39.46473400000295
39.46473400000295
39.46473400000295
39.46473400000295
39.46473400000295
39.46473400000295
39.46473400000295
39.46473400000295
39.46473400000295
39.46473400000295
39.46473400000295
39.46473400000295
39.46473400000295
39.46473400000295
39.46473400000295
39.46473400000295
39.46473400000295
39.46473400000295
39.46473400000295
39.46473400000295
39.46473400000295
39.46473400000295
39.46473400000295
39.46473400000295
39.46473400000295
39.46473400000295
39.46473400000295
39.46473400000295
39.46473400000295
39.46473400000295
39.46473400000295
39.46473400000295
39.46473400000295
39.46473400000295
39.46473400000295
39.46473400000295
39.46473400000295
39.46473400000295
39.46473400000295
39.46473400000295
39.46473400000295
39.46473400000295
39.46473400000295
39.46473400000295
39.46473400000295
39.46473400000295
39.46473400000295
39.46473400000295
39.46473400000295
39.46473400000295
39.46473400000295
39.46473400000295
39.46473400000295
39.46473400000295
39.46473400000295
39.46473400000295
39.46473400000295
39.46473400000295
39.46473400000295
39.46473400000295
39.46473400000295
39.46473400000295
39.46473400000295
39.46473400000295
39.46473400000295
39.46473400000295
39.46473400000295
39.46473400000295
39.46473400000295
39.46473400000295
39.46473400000295
39.46473400000295
39.46473400000295
39.46473400000295
39.46473400000295
39.46473400000295
39.46473400000295
39.46473400000295
39.46473400000295
39.46473400000295
39.46473400000295
39.46473400000295
39.46473400000295
39.46473400000295
39.46473400000295
39.46473400000295
39.46473400000295
39.46473400000295
39.46473400000295
39.46473400000295
39.46473400000295
39.46473400000295
39.46473400000295
39.46473400000295
39.46473400000295
39.46473400000295
39.46473400000295
39.46473400000295
39.46473400000295
39.46473400000295
39.46473400000295
39.46473400000295
39.46473400000295
39.46473400000295
39.46473400000295
39.46473400000295
39.46473400000295
39.46473400000295
39.46473400000295
39.46473400000295
39.46473400000295
39.46473400000295
39.46473400000295
39.46473400000295
39.46473400000295
39.46473400000295
39.46473400000295
39.46473400000295
39.46473400000295
39.46473400000295
39.46473400000295
39.46473400000295
39.46473400000295
39.46473400000295
39.46473400000295
39.46473400000295
39.46473400000295
39.46473400000295
39.46473400000295
39.46473400000295
39.46473400000295
39.46473400000295
39.46473400000295
39.46473400000295
39.46473400000295
39.46473400000295
39.46473400000295
39.46473400000295
39.46473400000295
39.46473400000295
39.46473400000295
39.46473400000295
39.46473400000295
39.46473400000295
39.46473400000295
39.46473400000295
39.46473400000295
39.46473400000295
39.46473400000295
39.46473400000295
39.46473400000295
39.46473400000295
39.46473400000295
39.46473400000295
39.46473400000295
39.46473400000295
39.46473400000295
39.46473400000295
39.46473400000295
39.46473400000295
39.46473400000295
39.46473400000295
39.46473400000295
39.46473400000295
39.46473400000295
39.46473400000295
39.46473400000295
39.46473400000295
39.46473400000295
39.46473400000295
39.46473400000295
39.46473400000295
39.46473400000295
39.46473400000295
39.46473400000295
39.46473400000295
39.46473400000295
39.46473400000295
39.46473400000295
39.46473400000295
39.46473400000295
39.46473400000295
39.46473400000295
39.46473400000295
39.46473400000295
39.46473400000295
39.46473400000295
39.46473400000295
39.46473400000295
39.46473400000295
39.46473400000295
39.46473400000295
39.46473400000295
39.46473400000295
39.46473400000295
39.46473400000295
39.46473400000295
39.46473400000295
39.46473400000295
39.46473400000295
39.46473400000295
39.46473400000295
39.46473400000295
39.46473400000295
39.46473400000295
39.46473400000295
39.46473400000295
39.46473400000295
39.46473400000295
39.46473400000295
39.46473400000295
39.46473400000295
39.46473400000295
39.46473400000295
39.46473400000295
39.46473400000295
39.46473400000295
39.46473400000295
39.46473400000295
39.46473400000295
39.46473400000295
39.46473400000295
39.46473400000295
39.46473400000295
39.46473400000295
39.46473400000295
39.46473400000295
39.46473400000295
39.46473400000295
39.46473400000295
39.46473400000295
39.46473400000295
39.46473400000295
39.46473400000295
39.46473400000295
39.46473400000295
39.46473400000295
39.46473400000295
39.46473400000295
39.46473400000295
39.46473400000295
39.46473400000295
39.46473400000295
39.46473400000295
39.46473400000295
39.46473400000295
39.46473400000295
39.46473400000295
39.46473400000295
39.46473400000295
39.46473400000295
39.46473400000295
39.46473400000295
39.46473400000295
39.46473400000295
39.46473400000295
39.46473400000295
39.46473400000295
39.46473400000295
39.46473400000295
39.46473400000295
39.46473400000295
39.46473400000295
39.46473400000295
39.46473400000295
39.46473400000295
39.46473400000295
39.46473400000295
39.46473400000295
39.46473400000295
39.46473400000295
39.46473400000295
39.46473400000295
39.46473400000295
39.46473400000295
39.46473400000295
39.46473400000295
39.46473400000295
39.46473400000295
39.46473400000295
39.46473400000295
39.46473400000295
39.46473400000295
39.46473400000295
39.46473400000295
39.46473400000295
39.46473400000295
39.46473400000295
39.46473400000295
39.46473400000295
39.46473400000295
39.46473400000295
39.46473400000295
39.46473400000295
39.46473400000295
39.46473400000295
39.46473400000295
39.46473400000295
39.46473400000295
39.46473400000295
39.46473400000295
39.46473400000295
39.46473400000295
39.46473400000295
39.46473400000295
39.46473400000295
39.46473400000295
39.46473400000295
39.46473400000295
39.46473400000295
39.46473400000295
39.46473400000295
39.46473400000295
39.46473400000295
39.46473400000295
39.46473400000295
39.46473400000295
39.46473400000295
39.46473400000295
39.46473400000295
39.46473400000295
39.46473400000295
39.46473400000295
39.46473400000295
39.46473400000295
39.46473400000295
39.46473400000295
39.46473400000295
39.46473400000295
39.46473400000295
39.46473400000295
39.46473400000295
39.46473400000295
39.46473400000295
39.46473400000295
39.46473400000295
39.46473400000295
39.46473400000295
39.46473400000295
39.46473400000295
39.46473400000295
39.46473400000295
39.46473400000295
39.46473400000295
39.46473400000295
39.46473400000295
39.46473400000295
39.46473400000295
39.46473400000295
39.46473400000295
39.46473400000295
39.46473400000295
39.46473400000295
39.46473400000295
39.46473400000295
39.46473400000295
39.46473400000295
39.46473400000295
39.46473400000295
39.46473400000295
39.46473400000295
39.46473400000295
39.46473400000295
39.46473400000295
39.46473400000295
39.46473400000295
39.46473400000295
39.46473400000295
39.46473400000295
39.46473400000295
39.46473400000295
39.46473400000295
39.46473400000295
39.46473400000295
39.46473400000295
39.46473400000295
39.46473400000295
39.46473400000295
39.46473400000295
39.46473400000295
39.46473400000295
39.46473400000295
39.46473400000295
39.46473400000295
39.46473400000295
39.46473400000295
39.46473400000295
39.46473400000295
39.46473400000295
39.46473400000295
39.46473400000295
39.46473400000295
39.46473400000295
39.46473400000295
39.46473400000295
39.46473400000295
39.46473400000295
39.46473400000295
39.46473400000295
39.46473400000295
39.46473400000295
39.46473400000295
39.46473400000295
39.46473400000295
39.46473400000295
39.46473400000295
39.46473400000295
39.46473400000295
39.46473400000295
39.46473400000295
39.46473400000295
39.46473400000295
39.46473400000295
39.46473400000295
39.46473400000295
39.46473400000295
39.46473400000295
39.46473400000295
39.46473400000295
39.46473400000295
39.46473400000295
39.46473400000295
39.46473400000295
39.46473400000295
39.46473400000295
39.46473400000295
39.46473400000295
39.46473400000295
39.46473400000295
39.46473400000295
39.46473400000295
39.46473400000295
39.46473400000295
39.46473400000295
39.46473400000295
39.46473400000295
39.46473400000295
39.46473400000295
39.46473400000295
39.46473400000295
39.46473400000295
39.46473400000295
39.46473400000295
39.46473400000295
39.46473400000295
39.46473400000295
39.46473400000295
39.46473400000295
39.46473400000295
39.46473400000295
39.46473400000295
39.46473400000295
39.46473400000295
39.46473400000295
39.46473400000295
39.46473400000295
39.46473400000295
39.46473400000295
39.46473400000295
39.46473400000295
39.46473400000295
39.46473400000295
39.46473400000295
39.46473400000295
39.46473400000295
39.46473400000295
39.46473400000295
39.46473400000295
39.46473400000295
39.46473400000295
39.46473400000295
39.46473400000295
39.46473400000295
39.46473400000295
39.46473400000295
39.46473400000295
39.46473400000295
39.46473400000295
39.46473400000295
39.46473400000295
39.46473400000295
39.46473400000295
39.46473400000295
39.46473400000295
39.46473400000295
39.46473400000295
39.46473400000295
39.46473400000295
39.46473400000295
39.46473400000295
39.46473400000295
39.46473400000295
39.46473400000295
39.46473400000295
39.46473400000295
39.46473400000295
39.46473400000295
39.46473400000295
39.46473400000295
39.46473400000295
39.46473400000295
39.46473400000295
39.46473400000295
39.46473400000295
39.46473400000295
39.46473400000295
39.46473400000295
39.46473400000295
39.46473400000295
39.46473400000295
39.46473400000295
39.46473400000295
39.46473400000295
39.46473400000295
39.46473400000295
39.46473400000295
39.46473400000295
39.46473400000295
39.46473400000295
39.46473400000295
39.46473400000295
39.46473400000295
39.46473400000295
39.46473400000295
39.46473400000295
39.46473400000295
39.46473400000295
39.46473400000295
39.46473400000295
39.46473400000295
39.46473400000295
39.46473400000295
39.46473400000295
39.46473400000295
39.46473400000295
39.46473400000295
39.46473400000295
39.46473400000295
39.46473400000295
39.46473400000295
39.46473400000295
39.46473400000295
39.46473400000295
39.46473400000295
39.46473400000295
39.46473400000295
39.46473400000295
39.46473400000295
39.46473400000295
39.46473400000295
39.46473400000295
39.46473400000295
39.46473400000295
39.46473400000295
39.46473400000295
39.46473400000295
39.46473400000295
39.46473400000295
39.46473400000295
39.46473400000295
39.46473400000295
39.46473400000295
39.46473400000295
39.46473400000295
39.46473400000295
39.46473400000295
39.46473400000295
39.46473400000295
39.46473400000295
39.46473400000295
39.46473400000295
39.46473400000295
39.46473400000295
39.46473400000295
39.46473400000295
39.46473400000295
39.46473400000295
39.46473400000295
39.46473400000295
39.46473400000295
39.46473400000295
39.46473400000295
39.46473400000295
39.46473400000295
39.46473400000295
39.46473400000295
39.46473400000295
39.46473400000295
39.46473400000295
39.46473400000295
39.46473400000295
39.46473400000295
39.46473400000295
39.46473400000295
39.46473400000295
39.46473400000295
39.46473400000295
39.46473400000295
39.46473400000295
39.46473400000295
39.46473400000295
39.46473400000295
39.46473400000295
39.46473400000295
39.46473400000295
39.46473400000295
39.46473400000295
39.46473400000295
39.46473400000295
39.46473400000295
39.46473400000295
39.46473400000295
39.46473400000295
39.46473400000295
39.46473400000295
39.46473400000295
39.46473400000295
39.46473400000295
39.46473400000295
39.46473400000295
39.46473400000295
39.46473400000295
39.46473400000295
39.46473400000295
39.46473400000295
39.46473400000295
39.46473400000295
39.46473400000295
39.46473400000295
39.46473400000295
39.46473400000295
39.46473400000295
39.46473400000295
39.46473400000295
39.46473400000295
39.46473400000295
39.46473400000295
39.46473400000295
39.46473400000295
39.46473400000295
39.46473400000295
39.46473400000295
39.46473400000295
39.46473400000295
39.46473400000295
39.46473400000295
39.46473400000295
39.46473400000295
39.46473400000295
39.46473400000295
39.46473400000295
39.46473400000295
39.46473400000295
39.46473400000295
39.46473400000295
39.46473400000295
39.46473400000295
39.46473400000295
39.46473400000295
39.46473400000295
39.46473400000295
39.46473400000295
39.46473400000295
39.46473400000295
39.46473400000295
39.46473400000295
39.46473400000295
39.46473400000295
39.46473400000295
39.46473400000295
39.46473400000295
39.46473400000295
39.46473400000295
39.46473400000295
39.46473400000295
39.46473400000295
39.46473400000295
39.46473400000295
39.46473400000295
39.46473400000295
39.46473400000295
39.46473400000295
39.46473400000295
39.46473400000295
39.46473400000295
39.46473400000295
39.46473400000295
39.46473400000295
39.46473400000295
39.46473400000295
39.46473400000295
39.46473400000295
39.46473400000295
39.46473400000295
39.46473400000295
39.46473400000295
39.46473400000295
39.46473400000295
39.46473400000295
39.46473400000295
39.46473400000295
39.46473400000295
39.46473400000295
39.46473400000295
39.46473400000295
39.46473400000295
39.46473400000295
39.46473400000295
39.46473400000295
39.46473400000295
39.46473400000295
39.46473400000295
39.46473400000295
39.46473400000295
39.46473400000295
39.46473400000295
39.46473400000295
39.46473400000295
39.46473400000295
39.46473400000295
39.46473400000295
39.46473400000295
39.46473400000295
39.46473400000295
39.46473400000295
39.46473400000295
39.46473400000295
39.46473400000295
39.46473400000295
39.46473400000295
39.46473400000295
39.46473400000295
39.46473400000295
39.46473400000295
39.46473400000295
39.46473400000295
39.46473400000295
39.46473400000295
39.46473400000295
39.46473400000295
39.46473400000295
39.46473400000295
39.46473400000295
39.46473400000295
39.46473400000295
39.46473400000295
39.46473400000295
39.46473400000295
39.46473400000295
39.46473400000295
39.46473400000295
39.46473400000295
39.46473400000295
39.46473400000295
39.46473400000295
39.46473400000295
39.46473400000295
39.46473400000295
39.46473400000295
39.46473400000295
39.46473400000295
39.46473400000295
39.46473400000295
39.46473400000295
39.46473400000295
39.46473400000295
39.46473400000295
39.46473400000295
39.46473400000295
39.46473400000295
39.46473400000295
39.46473400000295
39.46473400000295
39.46473400000295
39.46473400000295
39.46473400000295
39.46473400000295
39.46473400000295
39.46473400000295
39.46473400000295
39.46473400000295
39.46473400000295
39.46473400000295
39.46473400000295
39.46473400000295
39.46473400000295
39.46473400000295
39.46473400000295
39.46473400000295
39.46473400000295
39.46473400000295
39.46473400000295
39.46473400000295
39.46473400000295
39.46473400000295
39.46473400000295
39.46473400000295
39.46473400000295
39.46473400000295
39.46473400000295
39.46473400000295
39.46473400000295
39.46473400000295
39.46473400000295
39.46473400000295
39.46473400000295
39.46473400000295
39.46473400000295
39.46473400000295
39.46473400000295
39.46473400000295
39.46473400000295
39.46473400000295
39.46473400000295
39.46473400000295
39.46473400000295
39.46473400000295
39.46473400000295
39.46473400000295
39.46473400000295
39.46473400000295
39.46473400000295
39.46473400000295
39.46473400000295
39.46473400000295
39.46473400000295
39.46473400000295
39.46473400000295
39.46473400000295
39.46473400000295
39.46473400000295
39.46473400000295
39.46473400000295
39.46473400000295
39.46473400000295
39.46473400000295
39.46473400000295
39.46473400000295
39.46473400000295
39.46473400000295
39.46473400000295
39.46473400000295
39.46473400000295
39.46473400000295
39.46473400000295
39.46473400000295
39.46473400000295
39.46473400000295
39.46473400000295
39.46473400000295
39.46473400000295
39.46473400000295
39.46473400000295
39.46473400000295
39.46473400000295
39.46473400000295
39.46473400000295
39.46473400000295
39.46473400000295
39.46473400000295
39.46473400000295
39.46473400000295
39.46473400000295
39.46473400000295
39.46473400000295
39.46473400000295
39.46473400000295
39.46473400000295
39.46473400000295
39.46473400000295
39.46473400000295
39.46473400000295
39.46473400000295
39.46473400000295
39.46473400000295
39.46473400000295
39.46473400000295
39.46473400000295
39.46473400000295
39.46473400000295
39.46473400000295
39.46473400000295
39.46473400000295
39.46473400000295
39.46473400000295
39.46473400000295
39.46473400000295
39.46473400000295
39.46473400000295
39.46473400000295
39.46473400000295
39.46473400000295
39.46473400000295
39.46473400000295
39.46473400000295
39.46473400000295
39.46473400000295
39.46473400000295
39.46473400000295
39.46473400000295
39.46473400000295
39.46473400000295
39.46473400000295
39.46473400000295
39.46473400000295
39.46473400000295
39.46473400000295
39.46473400000295
39.46473400000295
39.46473400000295
39.46473400000295
39.46473400000295
39.46473400000295
39.46473400000295
39.46473400000295
39.46473400000295
39.46473400000295
39.46473400000295
39.46473400000295
39.46473400000295
39.46473400000295
39.46473400000295
39.46473400000295
39.46473400000295
39.46473400000295
39.46473400000295
39.46473400000295
39.46473400000295
39.46473400000295
39.46473400000295
39.46473400000295
39.46473400000295
39.46473400000295
39.46473400000295
39.46473400000295
39.46473400000295
39.46473400000295
39.46473400000295
39.46473400000295
39.46473400000295
39.46473400000295
39.46473400000295
39.46473400000295
39.46473400000295
39.46473400000295
39.46473400000295
39.46473400000295
39.46473400000295
39.46473400000295
39.46473400000295
39.46473400000295
39.46473400000295
39.46473400000295
39.46473400000295
39.46473400000295
39.46473400000295
39.46473400000295
39.46473400000295
39.46473400000295
39.46473400000295
39.46473400000295
39.46473400000295
39.46473400000295
39.46473400000295
39.46473400000295
39.46473400000295
39.46473400000295
39.46473400000295
39.46473400000295
39.46473400000295
39.46473400000295
39.46473400000295
39.46473400000295
39.46473400000295
39.46473400000295
39.46473400000295
39.46473400000295
39.46473400000295
39.46473400000295
39.46473400000295
39.46473400000295
39.46473400000295
39.46473400000295
39.46473400000295
39.46473400000295
39.46473400000295
39.46473400000295
39.46473400000295
39.46473400000295
39.46473400000295
39.46473400000295
39.46473400000295
39.46473400000295
39.46473400000295
39.46473400000295
39.46473400000295
39.46473400000295
39.46473400000295
39.46473400000295
39.46473400000295
39.46473400000295
39.46473400000295
39.46473400000295
39.46473400000295
39.46473400000295
39.46473400000295
39.46473400000295
39.46473400000295
39.46473400000295
39.46473400000295
39.46473400000295
39.46473400000295
39.46473400000295
39.46473400000295
39.46473400000295
39.46473400000295
39.46473400000295
39.46473400000295
39.46473400000295
39.46473400000295
39.46473400000295
39.46473400000295
39.46473400000295
39.46473400000295
39.46473400000295
39.46473400000295
39.46473400000295
39.46473400000295
39.46473400000295
39.46473400000295
39.46473400000295
39.46473400000295
39.46473400000295
39.46473400000295
39.46473400000295
39.46473400000295
39.46473400000295
39.46473400000295
39.46473400000295
39.46473400000295
39.46473400000295
39.46473400000295
39.46473400000295
39.46473400000295
39.46473400000295
39.46473400000295
39.46473400000295
39.46473400000295
39.46473400000295
39.46473400000295
39.46473400000295
39.46473400000295
39.46473400000295
39.46473400000295
39.46473400000295
39.46473400000295
39.46473400000295
39.46473400000295
39.46473400000295
39.46473400000295
39.46473400000295
39.46473400000295
39.46473400000295
39.46473400000295
39.46473400000295
39.46473400000295
39.46473400000295
39.46473400000295
39.46473400000295
39.46473400000295
39.46473400000295
39.46473400000295
39.46473400000295
39.46473400000295
39.46473400000295
39.46473400000295
39.46473400000295
39.46473400000295
39.46473400000295
39.46473400000295
39.46473400000295
39.46473400000295
39.46473400000295
39.46473400000295
39.46473400000295
39.46473400000295
39.46473400000295
39.46473400000295
39.46473400000295
39.46473400000295
39.46473400000295
39.46473400000295
39.46473400000295
39.46473400000295
39.46473400000295
39.46473400000295
39.46473400000295
39.46473400000295
39.46473400000295
39.46473400000295
39.46473400000295
39.46473400000295
39.46473400000295
39.46473400000295
39.46473400000295
39.46473400000295
39.46473400000295
39.46473400000295
39.46473400000295
39.46473400000295
39.46473400000295
39.46473400000295
39.46473400000295
39.46473400000295
39.46473400000295
39.46473400000295
39.46473400000295
39.46473400000295
39.46473400000295
39.46473400000295
39.46473400000295
39.46473400000295
39.46473400000295
39.46473400000295
39.46473400000295
39.46473400000295
39.46473400000295
39.46473400000295
39.46473400000295
39.46473400000295
39.46473400000295
39.46473400000295
39.46473400000295
39.46473400000295
39.46473400000295
39.46473400000295
39.46473400000295
39.46473400000295
39.46473400000295
39.46473400000295
39.46473400000295
39.46473400000295
39.46473400000295
39.46473400000295
39.46473400000295
39.46473400000295
39.46473400000295
39.46473400000295
39.46473400000295
39.46473400000295
39.46473400000295
39.46473400000295
39.46473400000295
39.46473400000295
39.46473400000295
39.46473400000295
39.46473400000295
39.46473400000295
39.46473400000295
39.46473400000295
39.46473400000295
39.46473400000295
39.46473400000295
39.46473400000295
39.46473400000295
39.46473400000295
39.46473400000295
39.46473400000295
39.46473400000295
39.46473400000295
39.46473400000295
39.46473400000295
39.46473400000295
39.46473400000295
39.46473400000295
39.46473400000295
39.46473400000295
39.46473400000295
39.46473400000295
39.46473400000295
39.46473400000295
39.46473400000295
39.46473400000295
39.46473400000295
39.46473400000295
39.46473400000295
39.46473400000295
39.46473400000295
39.46473400000295
39.46473400000295
39.46473400000295
39.46473400000295
39.46473400000295
39.46473400000295
39.46473400000295
39.46473400000295
39.46473400000295
39.46473400000295
39.46473400000295
39.46473400000295
39.46473400000295
39.46473400000295
39.46473400000295
39.46473400000295
39.46473400000295
39.46473400000295
39.46473400000295
39.46473400000295
39.46473400000295
39.46473400000295
39.46473400000295
39.46473400000295
39.46473400000295
39.46473400000295
39.46473400000295
39.46473400000295
39.46473400000295
39.46473400000295
39.46473400000295
39.46473400000295
39.46473400000295
39.46473400000295
39.46473400000295
39.46473400000295
39.46473400000295
39.46473400000295
39.46473400000295
39.46473400000295
39.46473400000295
39.46473400000295
39.46473400000295
39.46473400000295
39.46473400000295
39.46473400000295
39.46473400000295
39.46473400000295
39.46473400000295
39.46473400000295
39.46473400000295
39.46473400000295
39.46473400000295
39.46473400000295
39.46473400000295
39.46473400000295
39.46473400000295
39.46473400000295
39.46473400000295
39.46473400000295
39.46473400000295
39.46473400000295
39.46473400000295
39.46473400000295
39.46473400000295
39.46473400000295
39.46473400000295
39.46473400000295
39.46473400000295
39.46473400000295
39.46473400000295
39.46473400000295
39.46473400000295
39.46473400000295
39.46473400000295
39.46473400000295
39.46473400000295
39.46473400000295
39.46473400000295
39.46473400000295
39.46473400000295
39.46473400000295
39.46473400000295
39.46473400000295
39.46473400000295
39.46473400000295
39.46473400000295
39.46473400000295
39.46473400000295
39.46473400000295
39.46473400000295
39.46473400000295
39.46473400000295
39.46473400000295
39.46473400000295
39.46473400000295
39.46473400000295
39.46473400000295
39.46473400000295
39.46473400000295
39.46473400000295
39.46473400000295
39.46473400000295
39.46473400000295
39.46473400000295
39.46473400000295
39.46473400000295
39.46473400000295
39.46473400000295
39.46473400000295
39.46473400000295
39.46473400000295
39.46473400000295
39.46473400000295
39.46473400000295
39.46473400000295
39.46473400000295
39.46473400000295
39.46473400000295
39.46473400000295
39.46473400000295
39.46473400000295
39.46473400000295
39.46473400000295
39.46473400000295
39.46473400000295
39.46473400000295
39.46473400000295
39.46473400000295
39.46473400000295
39.46473400000295
39.46473400000295
39.46473400000295
39.46473400000295
39.46473400000295
39.46473400000295
39.46473400000295
39.46473400000295
39.46473400000295
39.46473400000295
39.46473400000295
39.46473400000295
39.46473400000295
39.46473400000295
39.46473400000295
39.46473400000295
39.46473400000295
39.46473400000295
39.46473400000295
39.46473400000295
39.46473400000295
39.46473400000295
39.46473400000295
39.46473400000295
39.46473400000295
39.46473400000295
39.46473400000295
39.46473400000295
39.46473400000295
39.46473400000295
39.46473400000295
39.46473400000295
39.46473400000295
39.46473400000295
39.46473400000295
39.46473400000295
39.46473400000295
39.46473400000295
39.46473400000295
39.46473400000295
39.46473400000295
39.46473400000295
39.46473400000295
39.46473400000295
39.46473400000295
39.46473400000295
39.46473400000295
39.46473400000295
39.46473400000295
39.46473400000295
39.46473400000295
39.46473400000295
39.46473400000295
39.46473400000295
39.46473400000295
39.46473400000295
39.46473400000295
39.46473400000295
39.46473400000295
39.46473400000295
39.46473400000295
39.46473400000295
39.46473400000295
39.46473400000295
39.46473400000295
39.46473400000295
39.46473400000295
39.46473400000295
39.46473400000295
39.46473400000295
39.46473400000295
39.46473400000295
39.46473400000295
39.46473400000295
39.46473400000295
39.46473400000295
39.46473400000295
39.46473400000295
39.46473400000295
39.46473400000295
39.46473400000295
39.46473400000295
39.46473400000295
39.46473400000295
39.46473400000295
39.46473400000295
39.46473400000295
39.46473400000295
39.46473400000295
39.46473400000295
39.46473400000295
39.46473400000295
39.46473400000295
39.46473400000295
39.46473400000295
39.46473400000295
39.46473400000295
39.46473400000295
39.46473400000295
39.46473400000295
39.46473400000295
39.46473400000295
39.46473400000295
39.46473400000295
39.46473400000295
39.46473400000295
39.46473400000295
39.46473400000295
39.46473400000295
39.46473400000295
39.46473400000295
39.46473400000295
39.46473400000295
39.46473400000295
39.46473400000295
39.46473400000295
39.46473400000295
39.46473400000295
39.46473400000295
39.46473400000295
39.46473400000295
39.46473400000295
39.46473400000295
39.46473400000295
39.46473400000295
39.46473400000295
39.46473400000295
39.46473400000295
39.46473400000295
39.46473400000295
39.46473400000295
39.46473400000295
39.46473400000295
39.46473400000295
39.46473400000295
39.46473400000295
39.46473400000295
39.46473400000295
39.46473400000295
39.46473400000295
39.46473400000295
39.46473400000295
39.46473400000295
39.46473400000295
39.46473400000295
39.46473400000295
39.46473400000295
39.46473400000295
39.46473400000295
39.46473400000295
39.46473400000295
39.46473400000295
39.46473400000295
39.46473400000295
39.46473400000295
39.46473400000295
39.46473400000295
39.46473400000295
39.46473400000295
39.46473400000295
39.46473400000295
39.46473400000295
39.46473400000295
39.46473400000295
39.46473400000295
39.46473400000295
39.46473400000295
39.46473400000295
39.46473400000295
39.46473400000295
39.46473400000295
39.46473400000295
39.46473400000295
39.46473400000295
39.46473400000295
39.46473400000295
39.46473400000295
39.46473400000295
39.46473400000295
39.46473400000295
39.46473400000295
39.46473400000295
39.46473400000295
39.46473400000295
39.46473400000295
39.46473400000295
39.46473400000295
39.46473400000295
39.46473400000295
39.46473400000295
39.46473400000295
39.46473400000295
39.46473400000295
39.46473400000295
39.46473400000295
39.46473400000295
39.46473400000295
39.46473400000295
39.46473400000295
39.46473400000295
39.46473400000295
39.46473400000295
39.46473400000295
39.46473400000295
39.46473400000295
39.46473400000295
39.46473400000295
39.46473400000295
39.46473400000295
39.46473400000295
39.46473400000295
39.46473400000295
39.46473400000295
39.46473400000295
39.46473400000295
39.46473400000295
39.46473400000295
39.46473400000295
39.46473400000295
39.46473400000295
39.46473400000295
39.46473400000295
39.46473400000295
39.46473400000295
39.46473400000295
39.46473400000295
39.46473400000295
39.46473400000295
39.46473400000295
39.46473400000295
39.46473400000295
39.46473400000295
39.46473400000295
39.46473400000295
39.46473400000295
39.46473400000295
39.46473400000295
39.46473400000295
39.46473400000295
39.46473400000295
39.46473400000295
39.46473400000295
39.46473400000295
39.46473400000295
39.46473400000295
39.46473400000295
39.46473400000295
39.46473400000295
39.46473400000295
39.46473400000295
39.46473400000295
39.46473400000295
39.46473400000295
39.46473400000295
39.46473400000295
39.46473400000295
39.46473400000295
39.46473400000295
39.46473400000295
39.46473400000295
39.46473400000295
39.46473400000295
39.46473400000295
39.46473400000295
39.46473400000295
39.46473400000295
39.46473400000295
39.46473400000295
39.46473400000295
39.46473400000295
39.46473400000295
39.46473400000295
39.46473400000295
39.46473400000295
39.46473400000295
39.46473400000295
39.46473400000295
39.46473400000295
39.46473400000295
39.46473400000295
39.46473400000295
39.46473400000295
39.46473400000295
39.46473400000295
39.46473400000295
39.46473400000295
39.46473400000295
39.46473400000295
39.46473400000295
39.46473400000295
39.46473400000295
39.46473400000295
39.46473400000295
39.46473400000295
39.46473400000295
39.46473400000295
39.46473400000295
39.46473400000295
39.46473400000295
39.46473400000295
39.46473400000295
39.46473400000295
39.46473400000295
39.46473400000295
39.46473400000295
39.46473400000295
39.46473400000295
39.46473400000295
39.46473400000295
39.46473400000295
39.46473400000295
39.46473400000295
39.46473400000295
39.46473400000295
39.46473400000295
39.46473400000295
39.46473400000295
39.46473400000295
39.46473400000295
39.46473400000295
39.46473400000295
39.46473400000295
39.46473400000295
39.46473400000295
39.46473400000295
39.46473400000295
39.46473400000295
39.46473400000295
39.46473400000295
39.46473400000295
39.46473400000295
39.46473400000295
39.46473400000295
39.46473400000295
39.46473400000295
39.46473400000295
39.46473400000295
39.46473400000295
39.46473400000295
39.46473400000295
39.46473400000295
39.46473400000295
39.46473400000295
39.46473400000295
39.46473400000295
39.46473400000295
39.46473400000295
39.46473400000295
39.46473400000295
39.46473400000295
39.46473400000295
39.46473400000295
39.46473400000295
39.46473400000295
39.46473400000295
39.46473400000295
39.46473400000295
39.46473400000295
39.46473400000295
39.46473400000295
39.46473400000295
39.46473400000295
39.46473400000295
39.46473400000295
39.46473400000295
39.46473400000295
39.46473400000295
39.46473400000295
39.46473400000295
39.46473400000295
39.46473400000295
39.46473400000295
39.46473400000295
39.46473400000295
39.46473400000295
39.46473400000295
39.46473400000295
39.46473400000295
39.46473400000295
39.46473400000295
39.46473400000295
39.46473400000295
39.46473400000295
39.46473400000295
39.46473400000295
39.46473400000295
39.46473400000295
39.46473400000295
39.46473400000295
39.46473400000295
39.46473400000295
39.46473400000295
39.46473400000295
39.46473400000295
39.46473400000295
39.46473400000295
39.46473400000295
39.46473400000295
39.46473400000295
39.46473400000295
39.46473400000295
39.46473400000295
39.46473400000295
39.46473400000295
39.46473400000295
39.46473400000295
39.46473400000295
39.46473400000295
39.46473400000295
39.46473400000295
39.46473400000295
39.46473400000295
39.46473400000295
39.46473400000295
39.46473400000295
39.46473400000295
39.46473400000295
39.46473400000295
39.46473400000295
39.46473400000295
39.46473400000295
39.46473400000295
39.46473400000295
39.46473400000295
39.46473400000295
39.46473400000295
39.46473400000295
39.46473400000295
39.46473400000295
39.46473400000295
39.46473400000295
39.46473400000295
39.46473400000295
39.46473400000295
39.46473400000295
39.46473400000295
39.46473400000295
39.46473400000295
39.46473400000295
39.46473400000295
39.46473400000295
39.46473400000295
39.46473400000295
39.46473400000295
39.46473400000295
39.46473400000295
39.46473400000295
39.46473400000295
39.46473400000295
39.46473400000295
39.46473400000295
39.46473400000295
39.46473400000295
39.46473400000295
39.46473400000295
39.46473400000295
39.46473400000295
39.46473400000295
39.46473400000295
39.46473400000295
39.46473400000295
39.46473400000295
39.46473400000295
39.46473400000295
39.46473400000295
39.46473400000295
39.46473400000295
39.46473400000295
39.46473400000295
39.46473400000295
39.46473400000295
39.46473400000295
39.46473400000295
39.46473400000295
39.46473400000295
39.46473400000295
39.46473400000295
39.46473400000295
39.46473400000295
39.46473400000295
39.46473400000295
39.46473400000295
39.46473400000295
39.46473400000295
39.46473400000295
39.46473400000295
39.46473400000295
39.46473400000295
39.46473400000295
39.46473400000295
39.46473400000295
39.46473400000295
39.46473400000295
39.46473400000295
39.46473400000295
39.46473400000295
39.46473400000295
39.46473400000295
39.46473400000295
39.46473400000295
39.46473400000295
39.46473400000295
39.46473400000295
39.46473400000295
39.46473400000295
39.46473400000295
39.46473400000295
39.46473400000295
39.46473400000295
39.46473400000295
39.46473400000295
39.46473400000295
39.46473400000295
39.46473400000295
39.46473400000295
39.46473400000295
39.46473400000295
39.46473400000295
39.46473400000295
39.46473400000295
39.46473400000295
39.46473400000295
39.46473400000295
39.46473400000295
39.46473400000295
39.46473400000295
39.46473400000295
39.46473400000295
39.46473400000295
39.46473400000295
39.46473400000295
39.46473400000295
39.46473400000295
39.46473400000295
39.46473400000295
39.46473400000295
39.46473400000295
39.46473400000295
39.46473400000295
39.46473400000295
39.46473400000295
39.46473400000295
39.46473400000295
39.46473400000295
39.46473400000295
39.46473400000295
39.46473400000295
39.46473400000295
39.46473400000295
39.46473400000295
39.46473400000295
39.46473400000295
39.46473400000295
39.46473400000295
39.46473400000295
39.46473400000295
39.46473400000295
39.46473400000295
39.46473400000295
39.46473400000295
39.46473400000295
39.46473400000295
39.46473400000295
39.46473400000295
39.46473400000295
39.46473400000295
39.46473400000295
39.46473400000295
39.46473400000295
39.46473400000295
39.46473400000295
39.46473400000295
39.46473400000295
39.46473400000295
39.46473400000295
39.46473400000295
39.46473400000295
39.46473400000295
39.46473400000295
39.46473400000295
39.46473400000295
39.46473400000295
39.46473400000295
39.46473400000295
39.46473400000295
39.46473400000295
39.46473400000295
39.46473400000295
39.46473400000295
39.46473400000295
39.46473400000295
39.46473400000295
39.46473400000295
39.46473400000295
39.46473400000295
39.46473400000295
39.46473400000295
39.46473400000295
39.46473400000295
39.46473400000295
39.46473400000295
39.46473400000295
39.46473400000295
39.46473400000295
39.46473400000295
39.46473400000295
39.46473400000295
39.46473400000295
39.46473400000295
39.46473400000295
39.46473400000295
39.46473400000295
39.46473400000295
39.46473400000295
39.46473400000295
39.46473400000295
39.46473400000295
39.46473400000295
39.46473400000295
39.46473400000295
39.46473400000295
39.46473400000295
39.46473400000295
39.46473400000295
39.46473400000295
39.46473400000295
39.46473400000295
39.46473400000295
39.46473400000295
39.46473400000295
39.46473400000295
39.46473400000295
39.46473400000295
39.46473400000295
39.46473400000295
39.46473400000295
39.46473400000295
39.46473400000295
39.46473400000295
39.46473400000295
39.46473400000295
39.46473400000295
39.46473400000295
39.46473400000295
39.46473400000295
39.46473400000295
39.46473400000295
39.46473400000295
39.46473400000295
39.46473400000295
39.46473400000295
39.46473400000295
39.46473400000295
39.46473400000295
39.46473400000295
39.46473400000295
39.46473400000295
39.46473400000295
39.46473400000295
39.46473400000295
39.46473400000295
39.46473400000295
39.46473400000295
39.46473400000295
39.46473400000295
39.46473400000295
39.46473400000295
39.46473400000295
39.46473400000295
39.46473400000295
39.46473400000295
39.46473400000295
39.46473400000295
39.46473400000295
39.46473400000295
39.46473400000295
39.46473400000295
39.46473400000295
39.46473400000295
39.46473400000295
39.46473400000295
39.46473400000295
39.46473400000295
39.46473400000295
39.46473400000295
39.46473400000295
39.46473400000295
39.46473400000295
39.46473400000295
39.46473400000295
39.46473400000295
39.46473400000295
39.46473400000295
39.46473400000295
39.46473400000295
39.46473400000295
39.46473400000295
39.46473400000295
39.46473400000295
39.46473400000295
39.46473400000295
39.46473400000295
39.46473400000295
39.46473400000295
39.46473400000295
39.46473400000295
39.46473400000295
39.46473400000295
39.46473400000295
39.46473400000295
39.46473400000295
39.46473400000295
39.46473400000295
39.46473400000295
39.46473400000295
39.46473400000295
39.46473400000295
39.46473400000295
39.46473400000295
39.46473400000295
39.46473400000295
39.46473400000295
39.46473400000295
39.46473400000295
39.46473400000295
39.46473400000295
39.46473400000295
39.46473400000295
39.46473400000295
39.46473400000295
39.46473400000295
39.46473400000295
39.46473400000295
39.46473400000295
39.46473400000295
39.46473400000295
39.46473400000295
39.46473400000295
39.46473400000295
39.46473400000295
39.46473400000295
39.46473400000295
39.46473400000295
39.46473400000295
39.46473400000295
39.46473400000295
39.46473400000295
39.46473400000295
39.46473400000295
39.46473400000295
39.46473400000295
39.46473400000295
39.46473400000295
39.46473400000295
39.46473400000295
39.46473400000295
39.46473400000295
39.46473400000295
39.46473400000295
39.46473400000295
39.46473400000295
39.46473400000295
39.46473400000295
39.46473400000295
39.46473400000295
39.46473400000295
39.46473400000295
39.46473400000295
39.46473400000295
39.46473400000295
39.46473400000295
39.46473400000295
39.46473400000295
39.46473400000295
39.46473400000295
39.46473400000295
39.46473400000295
39.46473400000295
39.46473400000295
39.46473400000295
39.46473400000295
39.46473400000295
39.46473400000295
39.46473400000295
39.46473400000295
39.46473400000295
39.46473400000295
39.46473400000295
39.46473400000295
39.46473400000295
39.46473400000295
39.46473400000295
39.46473400000295
39.46473400000295
39.46473400000295
39.46473400000295
39.46473400000295
39.46473400000295
39.46473400000295
39.46473400000295
39.46473400000295
39.46473400000295
39.46473400000295
39.46473400000295
39.46473400000295
39.46473400000295
39.46473400000295
39.46473400000295
39.46473400000295
39.46473400000295
39.46473400000295
39.46473400000295
39.46473400000295
39.46473400000295
39.46473400000295
39.46473400000295
39.46473400000295
39.46473400000295
39.46473400000295
39.46473400000295
39.46473400000295
39.46473400000295
39.46473400000295
39.46473400000295
39.46473400000295
39.46473400000295
39.46473400000295
39.46473400000295
39.46473400000295
39.46473400000295
39.46473400000295
39.46473400000295
39.46473400000295
39.46473400000295
39.46473400000295
39.46473400000295
39.46473400000295
39.46473400000295
39.46473400000295
39.46473400000295
39.46473400000295
39.46473400000295
39.46473400000295
39.46473400000295
39.46473400000295
39.46473400000295
39.46473400000295
39.46473400000295
39.46473400000295
39.46473400000295
39.46473400000295
39.46473400000295
39.46473400000295
39.46473400000295
39.46473400000295
39.46473400000295
39.46473400000295
39.46473400000295
39.46473400000295
39.46473400000295
39.46473400000295
39.46473400000295
39.46473400000295
39.46473400000295
39.46473400000295
39.46473400000295
39.46473400000295
39.46473400000295
39.46473400000295
39.46473400000295
39.46473400000295
39.46473400000295
39.46473400000295
39.46473400000295
39.46473400000295
39.46473400000295
39.46473400000295
39.46473400000295
39.46473400000295
39.46473400000295
39.46473400000295
39.46473400000295
39.46473400000295
39.46473400000295
39.46473400000295
39.46473400000295
39.46473400000295
39.46473400000295
39.46473400000295
39.46473400000295
39.46473400000295
39.46473400000295
39.46473400000295
39.46473400000295
39.46473400000295
39.46473400000295
39.46473400000295
39.46473400000295
39.46473400000295
39.46473400000295
39.46473400000295
39.46473400000295
39.46473400000295
39.46473400000295
39.46473400000295
39.46473400000295
39.46473400000295
39.46473400000295
39.46473400000295
39.46473400000295
39.46473400000295
39.46473400000295
39.46473400000295
39.46473400000295
39.46473400000295
39.46473400000295
39.46473400000295
39.46473400000295
39.46473400000295
39.46473400000295
39.46473400000295
39.46473400000295
39.46473400000295
39.46473400000295
39.46473400000295
39.46473400000295
39.46473400000295
39.46473400000295
39.46473400000295
39.46473400000295
39.46473400000295
39.46473400000295
39.46473400000295
39.46473400000295
39.46473400000295
39.46473400000295
39.46473400000295
39.46473400000295
39.46473400000295
39.46473400000295
39.46473400000295
39.46473400000295
39.46473400000295
39.46473400000295
39.46473400000295
39.46473400000295
39.46473400000295
39.46473400000295
39.46473400000295
39.46473400000295
39.46473400000295
39.46473400000295
39.46473400000295
39.46473400000295
39.46473400000295
39.46473400000295
39.46473400000295
39.46473400000295
39.46473400000295
39.46473400000295
39.46473400000295
39.46473400000295
39.46473400000295
39.46473400000295
39.46473400000295
39.46473400000295
39.46473400000295
39.46473400000295
39.46473400000295
39.46473400000295
39.46473400000295
39.46473400000295
39.46473400000295
39.46473400000295
39.46473400000295
39.46473400000295
39.46473400000295
39.46473400000295
39.46473400000295
39.46473400000295
39.46473400000295
39.46473400000295
39.46473400000295
39.46473400000295
39.46473400000295
39.46473400000295
39.46473400000295
39.46473400000295
39.46473400000295
39.46473400000295
39.46473400000295
39.46473400000295
39.46473400000295
39.46473400000295
39.46473400000295
39.46473400000295
39.46473400000295
39.46473400000295
39.46473400000295
39.46473400000295
39.46473400000295
39.46473400000295
39.46473400000295
39.46473400000295
39.46473400000295
39.46473400000295
39.46473400000295
39.46473400000295
39.46473400000295
39.46473400000295
39.46473400000295
39.46473400000295
39.46473400000295
39.46473400000295
39.46473400000295
39.46473400000295
39.46473400000295
39.46473400000295
39.46473400000295
39.46473400000295
39.46473400000295
39.46473400000295
39.46473400000295
39.46473400000295
39.46473400000295
39.46473400000295
39.46473400000295
39.46473400000295
39.46473400000295
39.46473400000295
39.46473400000295
39.46473400000295
39.46473400000295
39.46473400000295
39.46473400000295
39.46473400000295
39.46473400000295
39.46473400000295
39.46473400000295
39.46473400000295
39.46473400000295
39.46473400000295
39.46473400000295
39.46473400000295
39.46473400000295
39.46473400000295
39.46473400000295
39.46473400000295
39.46473400000295
39.46473400000295
39.46473400000295
39.46473400000295
39.46473400000295
39.46473400000295
39.46473400000295
39.46473400000295
39.46473400000295
39.46473400000295
39.46473400000295
39.46473400000295
39.46473400000295
39.46473400000295
39.46473400000295
39.46473400000295
39.46473400000295
39.46473400000295
39.46473400000295
39.46473400000295
39.46473400000295
39.46473400000295
39.46473400000295
39.46473400000295
39.46473400000295
39.46473400000295
39.46473400000295
39.46473400000295
39.46473400000295
39.46473400000295
39.46473400000295
39.46473400000295
39.46473400000295
39.46473400000295
39.46473400000295
39.46473400000295
39.46473400000295
39.46473400000295
39.46473400000295
39.46473400000295
39.46473400000295
39.46473400000295
39.46473400000295
39.46473400000295
39.46473400000295
39.46473400000295
39.46473400000295
39.46473400000295
39.46473400000295
39.46473400000295
39.46473400000295
39.46473400000295
39.46473400000295
39.46473400000295
39.46473400000295
39.46473400000295
39.46473400000295
39.46473400000295
39.46473400000295
39.46473400000295
39.46473400000295
39.46473400000295
39.46473400000295
39.46473400000295
39.46473400000295
39.46473400000295
39.46473400000295
39.46473400000295
39.46473400000295
39.46473400000295
39.46473400000295
39.46473400000295
39.46473400000295
39.46473400000295
39.46473400000295
39.46473400000295
39.46473400000295
39.46473400000295
39.46473400000295
39.46473400000295
39.46473400000295
39.46473400000295
39.46473400000295
39.46473400000295
39.46473400000295
39.46473400000295
39.46473400000295
39.46473400000295
39.46473400000295
39.46473400000295
39.46473400000295
39.46473400000295
39.46473400000295
39.46473400000295
39.46473400000295
39.46473400000295
39.46473400000295
39.46473400000295
39.46473400000295
39.46473400000295
39.46473400000295
39.46473400000295
39.46473400000295
39.46473400000295
39.46473400000295
39.46473400000295
39.46473400000295
39.46473400000295
39.46473400000295
39.46473400000295
39.46473400000295
39.46473400000295
39.46473400000295
39.46473400000295
39.46473400000295
39.46473400000295
39.46473400000295
39.46473400000295
39.46473400000295
39.46473400000295
39.46473400000295
39.46473400000295
39.46473400000295
39.46473400000295
39.46473400000295
39.46473400000295
39.46473400000295
39.46473400000295
39.46473400000295
39.46473400000295
39.46473400000295
39.46473400000295
39.46473400000295
39.46473400000295
39.46473400000295
39.46473400000295
39.46473400000295
39.46473400000295
39.46473400000295
39.46473400000295
39.46473400000295
39.46473400000295
39.46473400000295
39.46473400000295
39.46473400000295
39.46473400000295
39.46473400000295
39.46473400000295
39.46473400000295
39.46473400000295
39.46473400000295
39.46473400000295
39.46473400000295
39.46473400000295
39.46473400000295
39.46473400000295
39.46473400000295
39.46473400000295
39.46473400000295
39.46473400000295
39.46473400000295
39.46473400000295
39.46473400000295
39.46473400000295
39.46473400000295
39.46473400000295
39.46473400000295
39.46473400000295
39.46473400000295
39.46473400000295
39.46473400000295
39.46473400000295
39.46473400000295
39.46473400000295
39.46473400000295
39.46473400000295
39.46473400000295
39.46473400000295
39.46473400000295
39.46473400000295
39.46473400000295
39.46473400000295
39.46473400000295
39.46473400000295
39.46473400000295
39.46473400000295
39.46473400000295
39.46473400000295
39.46473400000295
39.46473400000295
39.46473400000295
39.46473400000295
39.46473400000295
39.46473400000295
39.46473400000295
39.46473400000295
39.46473400000295
39.46473400000295
39.46473400000295
39.46473400000295
39.46473400000295
39.46473400000295
39.46473400000295
39.46473400000295
39.46473400000295
39.46473400000295
39.46473400000295
39.46473400000295
39.46473400000295
39.46473400000295
39.46473400000295
39.46473400000295
39.46473400000295
39.46473400000295
39.46473400000295
39.46473400000295
39.46473400000295
39.46473400000295
39.46473400000295
39.46473400000295
39.46473400000295
39.46473400000295
39.46473400000295
39.46473400000295
39.46473400000295
39.46473400000295
39.46473400000295
39.46473400000295
39.46473400000295
39.46473400000295
39.46473400000295
39.46473400000295
39.46473400000295
39.46473400000295
39.46473400000295
39.46473400000295
39.46473400000295
39.46473400000295
39.46473400000295
39.46473400000295
39.46473400000295
39.46473400000295
39.46473400000295
39.46473400000295
39.46473400000295
39.46473400000295
39.46473400000295
39.46473400000295
39.46473400000295
39.46473400000295
39.46473400000295
39.46473400000295
39.46473400000295
39.46473400000295
39.46473400000295
39.46473400000295
39.46473400000295
39.46473400000295
39.46473400000295
39.46473400000295
39.46473400000295
39.46473400000295
39.46473400000295
39.46473400000295
39.46473400000295
39.46473400000295
39.46473400000295
39.46473400000295
39.46473400000295
39.46473400000295
39.46473400000295
39.46473400000295
39.46473400000295
39.46473400000295
39.46473400000295
39.46473400000295
39.46473400000295
39.46473400000295
39.46473400000295
39.46473400000295
39.46473400000295
39.46473400000295
39.46473400000295
39.46473400000295
39.46473400000295
39.46473400000295
39.46473400000295
39.46473400000295
39.46473400000295
39.46473400000295
39.46473400000295
39.46473400000295
39.46473400000295
39.46473400000295
39.46473400000295
39.46473400000295
39.46473400000295
39.46473400000295
39.46473400000295
39.46473400000295
39.46473400000295
39.46473400000295
39.46473400000295
39.46473400000295
39.46473400000295
39.46473400000295
39.46473400000295
39.46473400000295
39.46473400000295
39.46473400000295
39.46473400000295
39.46473400000295
39.46473400000295
39.46473400000295
39.46473400000295
39.46473400000295
39.46473400000295
39.46473400000295
39.46473400000295
39.46473400000295
39.46473400000295
39.46473400000295
39.46473400000295
39.46473400000295
39.46473400000295
39.46473400000295
39.46473400000295
39.46473400000295
39.46473400000295
39.46473400000295
39.46473400000295
39.46473400000295
39.46473400000295
39.46473400000295
39.46473400000295
39.46473400000295
39.46473400000295
39.46473400000295
39.46473400000295
39.46473400000295
39.46473400000295
39.46473400000295
39.46473400000295
39.46473400000295
39.46473400000295
39.46473400000295
39.46473400000295
39.46473400000295
39.46473400000295
39.46473400000295
39.46473400000295
39.46473400000295
39.46473400000295
39.46473400000295
39.46473400000295
39.46473400000295
39.46473400000295
39.46473400000295
39.46473400000295
39.46473400000295
39.46473400000295
39.46473400000295
39.46473400000295
39.46473400000295
39.46473400000295
39.46473400000295
39.46473400000295
39.46473400000295
39.46473400000295
39.46473400000295
39.46473400000295
39.46473400000295
39.46473400000295
39.46473400000295
39.46473400000295
39.46473400000295
39.46473400000295
39.46473400000295
39.46473400000295
39.46473400000295
39.46473400000295
39.46473400000295
39.46473400000295
39.46473400000295
39.46473400000295
39.46473400000295
39.46473400000295
39.46473400000295
39.46473400000295
39.46473400000295
39.46473400000295
39.46473400000295
39.46473400000295
39.46473400000295
39.46473400000295
39.46473400000295
39.46473400000295
39.46473400000295
39.46473400000295
39.46473400000295
39.46473400000295
39.46473400000295
39.46473400000295
39.46473400000295
39.46473400000295
39.46473400000295
39.46473400000295
39.46473400000295
39.46473400000295
39.46473400000295
39.46473400000295
39.46473400000295
39.46473400000295
39.46473400000295
39.46473400000295
39.46473400000295
39.46473400000295
39.46473400000295
39.46473400000295
39.46473400000295
39.46473400000295
39.46473400000295
39.46473400000295
39.46473400000295
39.46473400000295
39.46473400000295
39.46473400000295
39.46473400000295
39.46473400000295
39.46473400000295
39.46473400000295
39.46473400000295
39.46473400000295
39.46473400000295
39.46473400000295
39.46473400000295
39.46473400000295
39.46473400000295
39.46473400000295
39.46473400000295
39.46473400000295
39.46473400000295
39.46473400000295
39.46473400000295
39.46473400000295
39.46473400000295
39.46473400000295
39.46473400000295
39.46473400000295
39.46473400000295
39.46473400000295
39.46473400000295
39.46473400000295
39.46473400000295
39.46473400000295
39.46473400000295
39.46473400000295
39.46473400000295
39.46473400000295
39.46473400000295
39.46473400000295
39.46473400000295
39.46473400000295
39.46473400000295
39.46473400000295
39.46473400000295
39.46473400000295
39.46473400000295
39.46473400000295
39.46473400000295
39.46473400000295
39.46473400000295
39.46473400000295
39.46473400000295
39.46473400000295
39.46473400000295
39.46473400000295
39.46473400000295
39.46473400000295
39.46473400000295
39.46473400000295
39.46473400000295
39.46473400000295
39.46473400000295
39.46473400000295
39.46473400000295
39.46473400000295
39.46473400000295
39.46473400000295
39.46473400000295
39.46473400000295
39.46473400000295
39.46473400000295
39.46473400000295
39.46473400000295
39.46473400000295
39.46473400000295
39.46473400000295
39.46473400000295
39.46473400000295
39.46473400000295
39.46473400000295
39.46473400000295
39.46473400000295
39.46473400000295
39.46473400000295
39.46473400000295
39.46473400000295
39.46473400000295
39.46473400000295
39.46473400000295
39.46473400000295
39.46473400000295
39.46473400000295
39.46473400000295
39.46473400000295
39.46473400000295
39.46473400000295
39.46473400000295
39.46473400000295
39.46473400000295
39.46473400000295
39.46473400000295
39.46473400000295
39.46473400000295
39.46473400000295
39.46473400000295
39.46473400000295
39.46473400000295
39.46473400000295
39.46473400000295
39.46473400000295
39.46473400000295
39.46473400000295
39.46473400000295
39.46473400000295
39.46473400000295
39.46473400000295
39.46473400000295
39.46473400000295
39.46473400000295
39.46473400000295
39.46473400000295
39.46473400000295
39.46473400000295
39.46473400000295
39.46473400000295
39.46473400000295
39.46473400000295
39.46473400000295
39.46473400000295
39.46473400000295
39.46473400000295
39.46473400000295
39.46473400000295
39.46473400000295
39.46473400000295
39.46473400000295
39.46473400000295
39.46473400000295
39.46473400000295
39.46473400000295
39.46473400000295
39.46473400000295
39.46473400000295
39.46473400000295
39.46473400000295
39.46473400000295
39.46473400000295
39.46473400000295
39.46473400000295
39.46473400000295
39.46473400000295
39.46473400000295
39.46473400000295
39.46473400000295
39.46473400000295
39.46473400000295
39.46473400000295
39.46473400000295
39.46473400000295
39.46473400000295
39.46473400000295
39.46473400000295
39.46473400000295
39.46473400000295
39.46473400000295
39.46473400000295
39.46473400000295
39.46473400000295
39.46473400000295
39.46473400000295
39.46473400000295
39.46473400000295
39.46473400000295
39.46473400000295
39.46473400000295
39.46473400000295
39.46473400000295
39.46473400000295
39.46473400000295
39.46473400000295
39.46473400000295
39.46473400000295
39.46473400000295
39.46473400000295
39.46473400000295
39.46473400000295
39.46473400000295
39.46473400000295
39.46473400000295
39.46473400000295
39.46473400000295
39.46473400000295
39.46473400000295
39.46473400000295
39.46473400000295
39.46473400000295
39.46473400000295
39.46473400000295
39.46473400000295
39.46473400000295
39.46473400000295
39.46473400000295
39.46473400000295
39.46473400000295
39.46473400000295
39.46473400000295
39.46473400000295
39.46473400000295
39.46473400000295
39.46473400000295
39.46473400000295
39.46473400000295
39.46473400000295
39.46473400000295
39.46473400000295
39.46473400000295
39.46473400000295
39.46473400000295
39.46473400000295
39.46473400000295
39.46473400000295
39.46473400000295
39.46473400000295
39.46473400000295
39.46473400000295
39.46473400000295
39.46473400000295
39.46473400000295
39.46473400000295
39.46473400000295
39.46473400000295
39.46473400000295
39.46473400000295
39.46473400000295
39.46473400000295
39.46473400000295
39.46473400000295
39.46473400000295
39.46473400000295
39.46473400000295
39.46473400000295
39.46473400000295
39.46473400000295
39.46473400000295
39.46473400000295
39.46473400000295
39.46473400000295
39.46473400000295
39.46473400000295
39.46473400000295
39.46473400000295
39.46473400000295
39.46473400000295
39.46473400000295
39.46473400000295
39.46473400000295
39.46473400000295
39.46473400000295
39.46473400000295
39.46473400000295
39.46473400000295
39.46473400000295
39.46473400000295
39.46473400000295
39.46473400000295
39.46473400000295
39.46473400000295
39.46473400000295
39.46473400000295
39.46473400000295
39.46473400000295
39.46473400000295
39.46473400000295
39.46473400000295
39.46473400000295
39.46473400000295
39.46473400000295
39.46473400000295
39.46473400000295
39.46473400000295
39.46473400000295
39.46473400000295
39.46473400000295
39.46473400000295
39.46473400000295
39.46473400000295
39.46473400000295
39.46473400000295
39.46473400000295
39.46473400000295
39.46473400000295
39.46473400000295
39.46473400000295
39.46473400000295
39.46473400000295
39.46473400000295
39.46473400000295
39.46473400000295
39.46473400000295
39.46473400000295
39.46473400000295
39.46473400000295
39.46473400000295
39.46473400000295
39.46473400000295
39.46473400000295
39.46473400000295
39.46473400000295
39.46473400000295
39.46473400000295
39.46473400000295
39.46473400000295
39.46473400000295
39.46473400000295
39.46473400000295
39.46473400000295
39.46473400000295
39.46473400000295
39.46473400000295
39.46473400000295
39.46473400000295
39.46473400000295
39.46473400000295
39.46473400000295
39.46473400000295
39.46473400000295
39.46473400000295
39.46473400000295
39.46473400000295
39.46473400000295
39.46473400000295
39.46473400000295
39.46473400000295
39.46473400000295
39.46473400000295
39.46473400000295
39.46473400000295
39.46473400000295
39.46473400000295
39.46473400000295
39.46473400000295
39.46473400000295
39.46473400000295
39.46473400000295
39.46473400000295
39.46473400000295
39.46473400000295
39.46473400000295
39.46473400000295
39.46473400000295
39.46473400000295
39.46473400000295
39.46473400000295
39.46473400000295
39.46473400000295
39.46473400000295
39.46473400000295
39.46473400000295
39.46473400000295
39.46473400000295
39.46473400000295
39.46473400000295
39.46473400000295
39.46473400000295
39.46473400000295
39.46473400000295
39.46473400000295
39.46473400000295
39.46473400000295
39.46473400000295
39.46473400000295
39.46473400000295
39.46473400000295
39.46473400000295
39.46473400000295
39.46473400000295
39.46473400000295
39.46473400000295
39.46473400000295
39.46473400000295
39.46473400000295
39.46473400000295
39.46473400000295
39.46473400000295
39.46473400000295
39.46473400000295
39.46473400000295
39.46473400000295
39.46473400000295
39.46473400000295
39.46473400000295
39.46473400000295
39.46473400000295
39.46473400000295
39.46473400000295
39.46473400000295
39.46473400000295
39.46473400000295
39.46473400000295
39.46473400000295
39.46473400000295
39.46473400000295
39.46473400000295
39.46473400000295
39.46473400000295
39.46473400000295
39.46473400000295
39.46473400000295
39.46473400000295
39.46473400000295
39.46473400000295
39.46473400000295
39.46473400000295
39.46473400000295
39.46473400000295
39.46473400000295
39.46473400000295
39.46473400000295
39.46473400000295
39.46473400000295
39.46473400000295
39.46473400000295
39.46473400000295
39.46473400000295
39.46473400000295
39.46473400000295
39.46473400000295
39.46473400000295
39.46473400000295
39.46473400000295
39.46473400000295
39.46473400000295
39.46473400000295
39.46473400000295
39.46473400000295
39.46473400000295
39.46473400000295
39.46473400000295
39.46473400000295
39.46473400000295
39.46473400000295
39.46473400000295
39.46473400000295
39.46473400000295
39.46473400000295
39.46473400000295
39.46473400000295
39.46473400000295
39.46473400000295
39.46473400000295
39.46473400000295
39.46473400000295
39.46473400000295
39.46473400000295
39.46473400000295
39.46473400000295
39.46473400000295
39.46473400000295
39.46473400000295
39.46473400000295
39.46473400000295
39.46473400000295
39.46473400000295
39.46473400000295
39.46473400000295
39.46473400000295
39.46473400000295
39.46473400000295
39.46473400000295
39.46473400000295
39.46473400000295
39.46473400000295
39.46473400000295
39.46473400000295
39.46473400000295
39.46473400000295
39.46473400000295
39.46473400000295
39.46473400000295
39.46473400000295
39.46473400000295
39.46473400000295
39.46473400000295
39.46473400000295
39.46473400000295
39.46473400000295
39.46473400000295
39.46473400000295
39.46473400000295
39.46473400000295
39.46473400000295
39.46473400000295
39.46473400000295
39.46473400000295
39.46473400000295
39.46473400000295
39.46473400000295
39.46473400000295
39.46473400000295
39.46473400000295
39.46473400000295
39.46473400000295
39.46473400000295
39.46473400000295
39.46473400000295
39.46473400000295
39.46473400000295
39.46473400000295
39.46473400000295
39.46473400000295
39.46473400000295
39.46473400000295
39.46473400000295
39.46473400000295
39.46473400000295
39.46473400000295
39.46473400000295
39.46473400000295
39.46473400000295
39.46473400000295
39.46473400000295
39.46473400000295
39.46473400000295
39.46473400000295
39.46473400000295
39.46473400000295
39.46473400000295
39.46473400000295
39.46473400000295
39.46473400000295
39.46473400000295
39.46473400000295
39.46473400000295
39.46473400000295
39.46473400000295
39.46473400000295
39.46473400000295
39.46473400000295
39.46473400000295
39.46473400000295
39.46473400000295
39.46473400000295
39.46473400000295
39.46473400000295
39.46473400000295
39.46473400000295
39.46473400000295
39.46473400000295
39.46473400000295
39.46473400000295
39.46473400000295
39.46473400000295
39.46473400000295
39.46473400000295
39.46473400000295
39.46473400000295
39.46473400000295
39.46473400000295
39.46473400000295
39.46473400000295
39.46473400000295
39.46473400000295
39.46473400000295
39.46473400000295
39.46473400000295
39.46473400000295
39.46473400000295
39.46473400000295
39.46473400000295
39.46473400000295
39.46473400000295
39.46473400000295
39.46473400000295
39.46473400000295
39.46473400000295
39.46473400000295
39.46473400000295
39.46473400000295
39.46473400000295
39.46473400000295
39.46473400000295
39.46473400000295
39.46473400000295
39.46473400000295
39.46473400000295
39.46473400000295
39.46473400000295
39.46473400000295
39.46473400000295
39.46473400000295
39.46473400000295
39.46473400000295
39.46473400000295
39.46473400000295
39.46473400000295
39.46473400000295
39.46473400000295
39.46473400000295
39.46473400000295
39.46473400000295
39.46473400000295
39.46473400000295
39.46473400000295
39.46473400000295
39.46473400000295
39.46473400000295
39.46473400000295
39.46473400000295
39.46473400000295
39.46473400000295
39.46473400000295
39.46473400000295
39.46473400000295
39.46473400000295
39.46473400000295
39.46473400000295
39.46473400000295
39.46473400000295
39.46473400000295
39.46473400000295
39.46473400000295
39.46473400000295
39.46473400000295
39.46473400000295
39.46473400000295
39.46473400000295
39.46473400000295
39.46473400000295
39.46473400000295
39.46473400000295
39.46473400000295
39.46473400000295
39.46473400000295
39.46473400000295
39.46473400000295
39.46473400000295
39.46473400000295
39.46473400000295
39.46473400000295
39.46473400000295
39.46473400000295
39.46473400000295
39.46473400000295
39.46473400000295
39.46473400000295
39.46473400000295
39.46473400000295
39.46473400000295
39.46473400000295
39.46473400000295
39.46473400000295
39.46473400000295
39.46473400000295
39.46473400000295
39.46473400000295
39.46473400000295
39.46473400000295
39.46473400000295
39.46473400000295
39.46473400000295
39.46473400000295
39.46473400000295
39.46473400000295
39.46473400000295
39.46473400000295
39.46473400000295
39.46473400000295
39.46473400000295
39.46473400000295
39.46473400000295
39.46473400000295
39.46473400000295
39.46473400000295
39.46473400000295
39.46473400000295
39.46473400000295
39.46473400000295
39.46473400000295
39.46473400000295
39.46473400000295
39.46473400000295
39.46473400000295
39.46473400000295
39.46473400000295
39.46473400000295
39.46473400000295
39.46473400000295
39.46473400000295
39.46473400000295
39.46473400000295
39.46473400000295
39.46473400000295
39.46473400000295
39.46473400000295
39.46473400000295
39.46473400000295
39.46473400000295
39.46473400000295
39.46473400000295
39.46473400000295
39.46473400000295
39.46473400000295
39.46473400000295
39.46473400000295
39.46473400000295
39.46473400000295
39.46473400000295
39.46473400000295
39.46473400000295
39.46473400000295
39.46473400000295
39.46473400000295
39.46473400000295
39.46473400000295
39.46473400000295
39.46473400000295
39.46473400000295
39.46473400000295
39.46473400000295
39.46473400000295
39.46473400000295
39.46473400000295
39.46473400000295
39.46473400000295
39.46473400000295
39.46473400000295
39.46473400000295
39.46473400000295
39.46473400000295
39.46473400000295
39.46473400000295
39.46473400000295
39.46473400000295
39.46473400000295
39.46473400000295
39.46473400000295
39.46473400000295
39.46473400000295
39.46473400000295
39.46473400000295
39.46473400000295
39.46473400000295
39.46473400000295
39.46473400000295
39.46473400000295
39.46473400000295
39.46473400000295
39.46473400000295
39.46473400000295
39.46473400000295
39.46473400000295
39.46473400000295
39.46473400000295
39.46473400000295
39.46473400000295
39.46473400000295
39.46473400000295
39.46473400000295
39.46473400000295
39.46473400000295
39.46473400000295
39.46473400000295
39.46473400000295
39.46473400000295
39.46473400000295
39.46473400000295
39.46473400000295
39.46473400000295
39.46473400000295
39.46473400000295
39.46473400000295
39.46473400000295
39.46473400000295
39.46473400000295
39.46473400000295
39.46473400000295
39.46473400000295
39.46473400000295
39.46473400000295
39.46473400000295
39.46473400000295
39.46473400000295
39.46473400000295
39.46473400000295
39.46473400000295
39.46473400000295
39.46473400000295
39.46473400000295
39.46473400000295
39.46473400000295
39.46473400000295
39.46473400000295
39.46473400000295
39.46473400000295
39.46473400000295
39.46473400000295
39.46473400000295
39.46473400000295
39.46473400000295
39.46473400000295
39.46473400000295
39.46473400000295
39.46473400000295
39.46473400000295
39.46473400000295
39.46473400000295
39.46473400000295
39.46473400000295
39.46473400000295
39.46473400000295
39.46473400000295
39.46473400000295
39.46473400000295
39.46473400000295
39.46473400000295
39.46473400000295
39.46473400000295
39.46473400000295
39.46473400000295
39.46473400000295
39.46473400000295
39.46473400000295
39.46473400000295
39.46473400000295
39.46473400000295
39.46473400000295
39.46473400000295
39.46473400000295
39.46473400000295
39.46473400000295
39.46473400000295
39.46473400000295
39.46473400000295
39.46473400000295
39.46473400000295
39.46473400000295
39.46473400000295
39.46473400000295
39.46473400000295
39.46473400000295
39.46473400000295
39.46473400000295
39.46473400000295
39.46473400000295
39.46473400000295
39.46473400000295
39.46473400000295
39.46473400000295
39.46473400000295
39.46473400000295
39.46473400000295
39.46473400000295
39.46473400000295
39.46473400000295
39.46473400000295
39.46473400000295
39.46473400000295
39.46473400000295
39.46473400000295
39.46473400000295
39.46473400000295
39.46473400000295
39.46473400000295
39.46473400000295
39.46473400000295
39.46473400000295
39.46473400000295
39.46473400000295
39.46473400000295
39.46473400000295
39.46473400000295
39.46473400000295
39.46473400000295
39.46473400000295
39.46473400000295
39.46473400000295
39.46473400000295
39.46473400000295
39.46473400000295
39.46473400000295
39.46473400000295
39.46473400000295
39.46473400000295
39.46473400000295
39.46473400000295
39.46473400000295
39.46473400000295
39.46473400000295
39.46473400000295
39.46473400000295
39.46473400000295
39.46473400000295
39.46473400000295
39.46473400000295
39.46473400000295
39.46473400000295
39.46473400000295
39.46473400000295
39.46473400000295
39.46473400000295
39.46473400000295
39.46473400000295
39.46473400000295
39.46473400000295
39.46473400000295
39.46473400000295
39.46473400000295
39.46473400000295
39.46473400000295
39.46473400000295
39.46473400000295
39.46473400000295
39.46473400000295
39.46473400000295
39.46473400000295
39.46473400000295
39.46473400000295
39.46473400000295
39.46473400000295
39.46473400000295
39.46473400000295
39.46473400000295
39.46473400000295
39.46473400000295
39.46473400000295
39.46473400000295
39.46473400000295
39.46473400000295
39.46473400000295
39.46473400000295
39.46473400000295
39.46473400000295
39.46473400000295
39.46473400000295
39.46473400000295
39.46473400000295
39.46473400000295
39.46473400000295
39.46473400000295
39.46473400000295
39.46473400000295
39.46473400000295
39.46473400000295
39.46473400000295
39.46473400000295
39.46473400000295
39.46473400000295
39.46473400000295
39.46473400000295
39.46473400000295
39.46473400000295
39.46473400000295
39.46473400000295
39.46473400000295
39.46473400000295
39.46473400000295
39.46473400000295
39.46473400000295
39.46473400000295
39.46473400000295
39.46473400000295
39.46473400000295
39.46473400000295
39.46473400000295
39.46473400000295
39.46473400000295
39.46473400000295
39.46473400000295
39.46473400000295
39.46473400000295
39.46473400000295
39.46473400000295
39.46473400000295
39.46473400000295
39.46473400000295
39.46473400000295
39.46473400000295
39.46473400000295
39.46473400000295
39.46473400000295
39.46473400000295
39.46473400000295
39.46473400000295
39.46473400000295
39.46473400000295
39.46473400000295
39.46473400000295
39.46473400000295
39.46473400000295
39.46473400000295
39.46473400000295
39.46473400000295
39.46473400000295
39.46473400000295
39.46473400000295
39.46473400000295
39.46473400000295
39.46473400000295
39.46473400000295
39.46473400000295
39.46473400000295
39.46473400000295
39.46473400000295
39.46473400000295
39.46473400000295
39.46473400000295
39.46473400000295
39.46473400000295
39.46473400000295
39.46473400000295
39.46473400000295
39.46473400000295
39.46473400000295
39.46473400000295
39.46473400000295
39.46473400000295
39.46473400000295
39.46473400000295
39.46473400000295
39.46473400000295
39.46473400000295
39.46473400000295
39.46473400000295
39.46473400000295
39.46473400000295
39.46473400000295
39.46473400000295
39.46473400000295
39.46473400000295
39.46473400000295
39.46473400000295
39.46473400000295
39.46473400000295
39.46473400000295
39.46473400000295
39.46473400000295
39.46473400000295
39.46473400000295
39.46473400000295
39.46473400000295
39.46473400000295
39.46473400000295
39.46473400000295
39.46473400000295
39.46473400000295
39.46473400000295
39.46473400000295
39.46473400000295
39.46473400000295
39.46473400000295
39.46473400000295
39.46473400000295
39.46473400000295
39.46473400000295
39.46473400000295
39.46473400000295
39.46473400000295
39.46473400000295
39.46473400000295
39.46473400000295
39.46473400000295
39.46473400000295
39.46473400000295
39.46473400000295
39.46473400000295
39.46473400000295
39.46473400000295
39.46473400000295
39.46473400000295
39.46473400000295
39.46473400000295
39.46473400000295
39.46473400000295
39.46473400000295
39.46473400000295
39.46473400000295
39.46473400000295
39.46473400000295
39.46473400000295
39.46473400000295
39.46473400000295
39.46473400000295
39.46473400000295
39.46473400000295
39.46473400000295
39.46473400000295
39.46473400000295
39.46473400000295
39.46473400000295
39.46473400000295
39.46473400000295
39.46473400000295
39.46473400000295
39.46473400000295
39.46473400000295
39.46473400000295
39.46473400000295
39.46473400000295
39.46473400000295
39.46473400000295
39.46473400000295
39.46473400000295
39.46473400000295
39.46473400000295
39.46473400000295
39.46473400000295
39.46473400000295
39.46473400000295
39.46473400000295
39.46473400000295
39.46473400000295
39.46473400000295
39.46473400000295
39.46473400000295
39.46473400000295
39.46473400000295
39.46473400000295
39.46473400000295
39.46473400000295
39.46473400000295
39.46473400000295
39.46473400000295
39.46473400000295
39.46473400000295
39.46473400000295
39.46473400000295
39.46473400000295
39.46473400000295
39.46473400000295
39.46473400000295
39.46473400000295
39.46473400000295
39.46473400000295
39.46473400000295
39.46473400000295
39.46473400000295
39.46473400000295
39.46473400000295
39.46473400000295
39.46473400000295
39.46473400000295
39.46473400000295
39.46473400000295
39.46473400000295
39.46473400000295
39.46473400000295
39.46473400000295
39.46473400000295
39.46473400000295
39.46473400000295
39.46473400000295
39.46473400000295
39.46473400000295
39.46473400000295
39.46473400000295
39.46473400000295
39.46473400000295
39.46473400000295
39.46473400000295
39.46473400000295
39.46473400000295
39.46473400000295
39.46473400000295
39.46473400000295
39.46473400000295
39.46473400000295
39.46473400000295
39.46473400000295
39.46473400000295
39.46473400000295
39.46473400000295
39.46473400000295
39.46473400000295
39.46473400000295
39.46473400000295
39.46473400000295
39.46473400000295
39.46473400000295
39.46473400000295
39.46473400000295
39.46473400000295
39.46473400000295
39.46473400000295
39.46473400000295
39.46473400000295
39.46473400000295
39.46473400000295
39.46473400000295
39.46473400000295
39.46473400000295
39.46473400000295
39.46473400000295
39.46473400000295
39.46473400000295
39.46473400000295
39.46473400000295
39.46473400000295
39.46473400000295
39.46473400000295
39.46473400000295
39.46473400000295
39.46473400000295
39.46473400000295
39.46473400000295
39.46473400000295
39.46473400000295
39.46473400000295
39.46473400000295
39.46473400000295
39.46473400000295
39.46473400000295
39.46473400000295
39.46473400000295
39.46473400000295
39.46473400000295
39.46473400000295
39.46473400000295
39.46473400000295
39.46473400000295
39.46473400000295
39.46473400000295
39.46473400000295
39.46473400000295
39.46473400000295
39.46473400000295
39.46473400000295
39.46473400000295
39.46473400000295
39.46473400000295
39.46473400000295
39.46473400000295
39.46473400000295
39.46473400000295
39.46473400000295
39.46473400000295
39.46473400000295
39.46473400000295
39.46473400000295
39.46473400000295
39.46473400000295
39.46473400000295
39.46473400000295
39.46473400000295
39.46473400000295
39.46473400000295
39.46473400000295
39.46473400000295
39.46473400000295
39.46473400000295
39.46473400000295
39.46473400000295
39.46473400000295
39.46473400000295
39.46473400000295
39.46473400000295
39.46473400000295
39.46473400000295
39.46473400000295
39.46473400000295
39.46473400000295
39.46473400000295
39.46473400000295
39.46473400000295
39.46473400000295
39.46473400000295
39.46473400000295
39.46473400000295
39.46473400000295
39.46473400000295
39.46473400000295
39.46473400000295
39.46473400000295
39.46473400000295
39.46473400000295
39.46473400000295
39.46473400000295
39.46473400000295
39.46473400000295
39.46473400000295
39.46473400000295
39.46473400000295
39.46473400000295
39.46473400000295
39.46473400000295
39.46473400000295
39.46473400000295
39.46473400000295
39.46473400000295
39.46473400000295
39.46473400000295
39.46473400000295
39.46473400000295
39.46473400000295
39.46473400000295
39.46473400000295
39.46473400000295
39.46473400000295
39.46473400000295
39.46473400000295
39.46473400000295
39.46473400000295
39.46473400000295
39.46473400000295
39.46473400000295
39.46473400000295
39.46473400000295
39.46473400000295
39.46473400000295
39.46473400000295
39.46473400000295
39.46473400000295
39.46473400000295
39.46473400000295
39.46473400000295
39.46473400000295
39.46473400000295
39.46473400000295
39.46473400000295
39.46473400000295
39.46473400000295
39.46473400000295
39.46473400000295
39.46473400000295
39.46473400000295
39.46473400000295
39.46473400000295
39.46473400000295
39.46473400000295
39.46473400000295
39.46473400000295
39.46473400000295
39.46473400000295
39.46473400000295
39.46473400000295
39.46473400000295
39.46473400000295
39.46473400000295
39.46473400000295
39.46473400000295
39.46473400000295
39.46473400000295
39.46473400000295
39.46473400000295
39.46473400000295
39.46473400000295
39.46473400000295
39.46473400000295
39.46473400000295
39.46473400000295
39.46473400000295
39.46473400000295
39.46473400000295
39.46473400000295
39.46473400000295
39.46473400000295
39.46473400000295
39.46473400000295
39.46473400000295
39.46473400000295
39.46473400000295
39.46473400000295
39.46473400000295
39.46473400000295
39.46473400000295
39.46473400000295
39.46473400000295
39.46473400000295
39.46473400000295
39.46473400000295
39.46473400000295
39.46473400000295
39.46473400000295
39.46473400000295
39.46473400000295
39.46473400000295
39.46473400000295
39.46473400000295
39.46473400000295
39.46473400000295
39.46473400000295
39.46473400000295
39.46473400000295
39.46473400000295
39.46473400000295
39.46473400000295
39.46473400000295
39.46473400000295
39.46473400000295
39.46473400000295
39.46473400000295
39.46473400000295
39.46473400000295
39.46473400000295
39.46473400000295
39.46473400000295
39.46473400000295
39.46473400000295
39.46473400000295
39.46473400000295
39.46473400000295
39.46473400000295
39.46473400000295
39.46473400000295
39.46473400000295
39.46473400000295
39.46473400000295
39.46473400000295
39.46473400000295
39.46473400000295
39.46473400000295
39.46473400000295
39.46473400000295
39.46473400000295
39.46473400000295
39.46473400000295
39.46473400000295
39.46473400000295
39.46473400000295
39.46473400000295
39.46473400000295
39.46473400000295
39.46473400000295
39.46473400000295
39.46473400000295
39.46473400000295
39.46473400000295
39.46473400000295
39.46473400000295
39.46473400000295
39.46473400000295
39.46473400000295
39.46473400000295
39.46473400000295
39.46473400000295
39.46473400000295
39.46473400000295
39.46473400000295
39.46473400000295
39.46473400000295
39.46473400000295
39.46473400000295
39.46473400000295
39.46473400000295
39.46473400000295
39.46473400000295
39.46473400000295
39.46473400000295
39.46473400000295
39.46473400000295
39.46473400000295
39.46473400000295
39.46473400000295
39.46473400000295
39.46473400000295
39.46473400000295
39.46473400000295
39.46473400000295
39.46473400000295
39.46473400000295
39.46473400000295
39.46473400000295
39.46473400000295
39.46473400000295
39.46473400000295
39.46473400000295
39.46473400000295
39.46473400000295
39.46473400000295
39.46473400000295
39.46473400000295
39.46473400000295
39.46473400000295
39.46473400000295
39.46473400000295
39.46473400000295
39.46473400000295
39.46473400000295
39.46473400000295
39.46473400000295
39.46473400000295
39.46473400000295
39.46473400000295
39.46473400000295
39.46473400000295
39.46473400000295
39.46473400000295
39.46473400000295
39.46473400000295
39.46473400000295
39.46473400000295
39.46473400000295
39.46473400000295
39.46473400000295
39.46473400000295
39.46473400000295
39.46473400000295
39.46473400000295
39.46473400000295
39.46473400000295
39.46473400000295
39.46473400000295
39.46473400000295
39.46473400000295
39.46473400000295
39.46473400000295
39.46473400000295
39.46473400000295
39.46473400000295
39.46473400000295
39.46473400000295
39.46473400000295
39.46473400000295
39.46473400000295
39.46473400000295
39.46473400000295
39.46473400000295
39.46473400000295
39.46473400000295
39.46473400000295
39.46473400000295
39.46473400000295
39.46473400000295
39.46473400000295
39.46473400000295
39.46473400000295
39.46473400000295
39.46473400000295
39.46473400000295
39.46473400000295
39.46473400000295
39.46473400000295
39.46473400000295
39.46473400000295
39.46473400000295
39.46473400000295
39.46473400000295
39.46473400000295
39.46473400000295
39.46473400000295
39.46473400000295
39.46473400000295
39.46473400000295
39.46473400000295
39.46473400000295
39.46473400000295
39.46473400000295
39.46473400000295
39.46473400000295
39.46473400000295
39.46473400000295
39.46473400000295
39.46473400000295
39.46473400000295
39.46473400000295
39.46473400000295
39.46473400000295
39.46473400000295
39.46473400000295
39.46473400000295
39.46473400000295
39.46473400000295
39.46473400000295
39.46473400000295
39.46473400000295
39.46473400000295
39.46473400000295
39.46473400000295
39.46473400000295
39.46473400000295
39.46473400000295
39.46473400000295
39.46473400000295
39.46473400000295
39.46473400000295
39.46473400000295
39.46473400000295
39.46473400000295
39.46473400000295
39.46473400000295
39.46473400000295
39.46473400000295
39.46473400000295
39.46473400000295
39.46473400000295
39.46473400000295
39.46473400000295
39.46473400000295
39.46473400000295
39.46473400000295
39.46473400000295
39.46473400000295
39.46473400000295
39.46473400000295
39.46473400000295
39.46473400000295
39.46473400000295
39.46473400000295
39.46473400000295
39.46473400000295
39.46473400000295
39.46473400000295
39.46473400000295
39.46473400000295
39.46473400000295
39.46473400000295
39.46473400000295
39.46473400000295
39.46473400000295
39.46473400000295
39.46473400000295
39.46473400000295
39.46473400000295
39.46473400000295
39.46473400000295
39.46473400000295
39.46473400000295
39.46473400000295
39.46473400000295
39.46473400000295
39.46473400000295
39.46473400000295
39.46473400000295
39.46473400000295
39.46473400000295
39.46473400000295
39.46473400000295
39.46473400000295
39.46473400000295
39.46473400000295
39.46473400000295
39.46473400000295
39.46473400000295
39.46473400000295
39.46473400000295
39.46473400000295
39.46473400000295
39.46473400000295
39.46473400000295
39.46473400000295
39.46473400000295
39.46473400000295
39.46473400000295
39.46473400000295
39.46473400000295
39.46473400000295
39.46473400000295
39.46473400000295
39.46473400000295
39.46473400000295
39.46473400000295
39.46473400000295
39.46473400000295
39.46473400000295
39.46473400000295
39.46473400000295
39.46473400000295
39.46473400000295
39.46473400000295
39.46473400000295
39.46473400000295
39.46473400000295
39.46473400000295
39.46473400000295
39.46473400000295
39.46473400000295
39.46473400000295
39.46473400000295
39.46473400000295
39.46473400000295
39.46473400000295
39.46473400000295
39.46473400000295
39.46473400000295
39.46473400000295
39.46473400000295
39.46473400000295
39.46473400000295
39.46473400000295
39.46473400000295
39.46473400000295
39.46473400000295
39.46473400000295
39.46473400000295
39.46473400000295
39.46473400000295
39.46473400000295
39.46473400000295
39.46473400000295
39.46473400000295
39.46473400000295
39.46473400000295
39.46473400000295
39.46473400000295
39.46473400000295
39.46473400000295
39.46473400000295
39.46473400000295
39.46473400000295
39.46473400000295
39.46473400000295
39.46473400000295
39.46473400000295
39.46473400000295
39.46473400000295
39.46473400000295
39.46473400000295
39.46473400000295
39.46473400000295
39.46473400000295
39.46473400000295
39.46473400000295
39.46473400000295
39.46473400000295
39.46473400000295
39.46473400000295
39.46473400000295
39.46473400000295
39.46473400000295
39.46473400000295
39.46473400000295
39.46473400000295
39.46473400000295
39.46473400000295
39.46473400000295
39.46473400000295
39.46473400000295
39.46473400000295
39.46473400000295
39.46473400000295
39.46473400000295
39.46473400000295
39.46473400000295
39.46473400000295
39.46473400000295
39.46473400000295
39.46473400000295
39.46473400000295
39.46473400000295
39.46473400000295
39.46473400000295
39.46473400000295
39.46473400000295
39.46473400000295
39.46473400000295
39.46473400000295
39.46473400000295
39.46473400000295
39.46473400000295
39.46473400000295
39.46473400000295
39.46473400000295
39.46473400000295
39.46473400000295
39.46473400000295
39.46473400000295
39.46473400000295
39.46473400000295
39.46473400000295
39.46473400000295
39.46473400000295
39.46473400000295
39.46473400000295
39.46473400000295
39.46473400000295
39.46473400000295
39.46473400000295
39.46473400000295
39.46473400000295
39.46473400000295
39.46473400000295
39.46473400000295
39.46473400000295
39.46473400000295
39.46473400000295
39.46473400000295
39.46473400000295
39.46473400000295
39.46473400000295
39.46473400000295
39.46473400000295
39.46473400000295
39.46473400000295
39.46473400000295
39.46473400000295
39.46473400000295
39.46473400000295
39.46473400000295
39.46473400000295
39.46473400000295
39.46473400000295
39.46473400000295
39.46473400000295
39.46473400000295
39.46473400000295
39.46473400000295
39.46473400000295
39.46473400000295
39.46473400000295
39.46473400000295
39.46473400000295
39.46473400000295
39.46473400000295
39.46473400000295
39.46473400000295
39.46473400000295
39.46473400000295
39.46473400000295
39.46473400000295
39.46473400000295
39.46473400000295
39.46473400000295
39.46473400000295
39.46473400000295
39.46473400000295
39.46473400000295
39.46473400000295
39.46473400000295
39.46473400000295
39.46473400000295
39.46473400000295
39.46473400000295
39.46473400000295
39.46473400000295
39.46473400000295
39.46473400000295
39.46473400000295
39.46473400000295
39.46473400000295
39.46473400000295
39.46473400000295
39.46473400000295
39.46473400000295
39.46473400000295
39.46473400000295
39.46473400000295
39.46473400000295
39.46473400000295
39.46473400000295
39.46473400000295
39.46473400000295
39.46473400000295
39.46473400000295
39.46473400000295
39.46473400000295
39.46473400000295
39.46473400000295
39.46473400000295
39.46473400000295
39.46473400000295
39.46473400000295
39.46473400000295
39.46473400000295
39.46473400000295
39.46473400000295
39.46473400000295
39.46473400000295
39.46473400000295
39.46473400000295
39.46473400000295
39.46473400000295
39.46473400000295
39.46473400000295
39.46473400000295
39.46473400000295
39.46473400000295
39.46473400000295
39.46473400000295
39.46473400000295
39.46473400000295
39.46473400000295
39.46473400000295
39.46473400000295
39.46473400000295
39.46473400000295
39.46473400000295
39.46473400000295
39.46473400000295
39.46473400000295
39.46473400000295
39.46473400000295
39.46473400000295
39.46473400000295
39.46473400000295
39.46473400000295
39.46473400000295
39.46473400000295
39.46473400000295
39.46473400000295
39.46473400000295
39.46473400000295
39.46473400000295
39.46473400000295
39.46473400000295
39.46473400000295
39.46473400000295
39.46473400000295
39.46473400000295
39.46473400000295
39.46473400000295
39.46473400000295
39.46473400000295
39.46473400000295
39.46473400000295
39.46473400000295
39.46473400000295
39.46473400000295
39.46473400000295
39.46473400000295
39.46473400000295
39.46473400000295
39.46473400000295
39.46473400000295
39.46473400000295
39.46473400000295
39.46473400000295
39.46473400000295
39.46473400000295
39.46473400000295
39.46473400000295
39.46473400000295
39.46473400000295
39.46473400000295
39.46473400000295
39.46473400000295
39.46473400000295
39.46473400000295
39.46473400000295
39.46473400000295
39.46473400000295
39.46473400000295
39.46473400000295
39.46473400000295
39.46473400000295
39.46473400000295
39.46473400000295
39.46473400000295
39.46473400000295
39.46473400000295
39.46473400000295
39.46473400000295
39.46473400000295
39.46473400000295
39.46473400000295
39.46473400000295
39.46473400000295
39.46473400000295
39.46473400000295
39.46473400000295
39.46473400000295
39.46473400000295
39.46473400000295
39.46473400000295
39.46473400000295
39.46473400000295
39.46473400000295
39.46473400000295
39.46473400000295
39.46473400000295
39.46473400000295
39.46473400000295
39.46473400000295
39.46473400000295
39.46473400000295
39.46473400000295
39.46473400000295
39.46473400000295
39.46473400000295
39.46473400000295
39.46473400000295
39.46473400000295
39.46473400000295
39.46473400000295
39.46473400000295
39.46473400000295
39.46473400000295
39.46473400000295
39.46473400000295
39.46473400000295
39.46473400000295
39.46473400000295
39.46473400000295
39.46473400000295
39.46473400000295
39.46473400000295
39.46473400000295
39.46473400000295
39.46473400000295
39.46473400000295
39.46473400000295
39.46473400000295
39.46473400000295
39.46473400000295
39.46473400000295
39.46473400000295
39.46473400000295
39.46473400000295
39.46473400000295
39.46473400000295
39.46473400000295
39.46473400000295
39.46473400000295
39.46473400000295
39.46473400000295
39.46473400000295
39.46473400000295
39.46473400000295
39.46473400000295
39.46473400000295
39.46473400000295
39.46473400000295
39.46473400000295
39.46473400000295
39.46473400000295
39.46473400000295
39.46473400000295
39.46473400000295
39.46473400000295
39.46473400000295
39.46473400000295
39.46473400000295
39.46473400000295
39.46473400000295
39.46473400000295
39.46473400000295
39.46473400000295
39.46473400000295
39.46473400000295
39.46473400000295
39.46473400000295
39.46473400000295
39.46473400000295
39.46473400000295
39.46473400000295
39.46473400000295
39.46473400000295
39.46473400000295
39.46473400000295
39.46473400000295
39.46473400000295
39.46473400000295
39.46473400000295
39.46473400000295
39.46473400000295
39.46473400000295
39.46473400000295
39.46473400000295
39.46473400000295
39.46473400000295
39.46473400000295
39.46473400000295
39.46473400000295
39.46473400000295
39.46473400000295
39.46473400000295
39.46473400000295
39.46473400000295
39.46473400000295
39.46473400000295
39.46473400000295
39.46473400000295
39.46473400000295
39.46473400000295
39.46473400000295
39.46473400000295
39.46473400000295
39.46473400000295
39.46473400000295
39.46473400000295
39.46473400000295
39.46473400000295
39.46473400000295
39.46473400000295
39.46473400000295
39.46473400000295
39.46473400000295
39.46473400000295
39.46473400000295
39.46473400000295
39.46473400000295
39.46473400000295
39.46473400000295
39.46473400000295
39.46473400000295
39.46473400000295
39.46473400000295
39.46473400000295
39.46473400000295
39.46473400000295
39.46473400000295
39.46473400000295
39.46473400000295
39.46473400000295
39.46473400000295
39.46473400000295
39.46473400000295
39.46473400000295
39.46473400000295
39.46473400000295
39.46473400000295
39.46473400000295
39.46473400000295
39.46473400000295
39.46473400000295
39.46473400000295
39.46473400000295
39.46473400000295
39.46473400000295
39.46473400000295
39.46473400000295
39.46473400000295
39.46473400000295
39.46473400000295
39.46473400000295
39.46473400000295
39.46473400000295
39.46473400000295
39.46473400000295
39.46473400000295
39.46473400000295
39.46473400000295
39.46473400000295
39.46473400000295
39.46473400000295
39.46473400000295
39.46473400000295
39.46473400000295
39.46473400000295
39.46473400000295
39.46473400000295
39.46473400000295
39.46473400000295
39.46473400000295
39.46473400000295
39.46473400000295
39.46473400000295
39.46473400000295
39.46473400000295
39.46473400000295
39.46473400000295
39.46473400000295
39.46473400000295
39.46473400000295
39.46473400000295
39.46473400000295
39.46473400000295
39.46473400000295
39.46473400000295
39.46473400000295
39.46473400000295
39.46473400000295
39.46473400000295
39.46473400000295
39.46473400000295
39.46473400000295
39.46473400000295
39.46473400000295
39.46473400000295
39.46473400000295
39.46473400000295
39.46473400000295
39.46473400000295
39.46473400000295
39.46473400000295
39.46473400000295
39.46473400000295
39.46473400000295
39.46473400000295
39.46473400000295
39.46473400000295
39.46473400000295
39.46473400000295
39.46473400000295
39.46473400000295
39.46473400000295
39.46473400000295
39.46473400000295
39.46473400000295
39.46473400000295
39.46473400000295
39.46473400000295
39.46473400000295
39.46473400000295
39.46473400000295
39.46473400000295
39.46473400000295
39.46473400000295
39.46473400000295
39.46473400000295
39.46473400000295
39.46473400000295
39.46473400000295
39.46473400000295
39.46473400000295
39.46473400000295
39.46473400000295
39.46473400000295
39.46473400000295
39.46473400000295
39.46473400000295
39.46473400000295
39.46473400000295
39.46473400000295
39.46473400000295
39.46473400000295
39.46473400000295
39.46473400000295
39.46473400000295
39.46473400000295
39.46473400000295
39.46473400000295
39.46473400000295
39.46473400000295
39.46473400000295
39.46473400000295
39.46473400000295
39.46473400000295
39.46473400000295
39.46473400000295
39.46473400000295
39.46473400000295
39.46473400000295
39.46473400000295
39.46473400000295
39.46473400000295
39.46473400000295
39.46473400000295
39.46473400000295
39.46473400000295
39.46473400000295
39.46473400000295
39.46473400000295
39.46473400000295
39.46473400000295
39.46473400000295
39.46473400000295
39.46473400000295
39.46473400000295
39.46473400000295
39.46473400000295
39.46473400000295
39.46473400000295
39.46473400000295
39.46473400000295
39.46473400000295
39.46473400000295
39.46473400000295
39.46473400000295
39.46473400000295
39.46473400000295
39.46473400000295
39.46473400000295
39.46473400000295
39.46473400000295
39.46473400000295
39.46473400000295
39.46473400000295
39.46473400000295
39.46473400000295
39.46473400000295
39.46473400000295
39.46473400000295
39.46473400000295
39.46473400000295
39.46473400000295
39.46473400000295
39.46473400000295
39.46473400000295
39.46473400000295
39.46473400000295
39.46473400000295
39.46473400000295
39.46473400000295
39.46473400000295
39.46473400000295
39.46473400000295
39.46473400000295
39.46473400000295
39.46473400000295
39.46473400000295
39.46473400000295
39.46473400000295
39.46473400000295
39.46473400000295
39.46473400000295
39.46473400000295
39.46473400000295
39.46473400000295
39.46473400000295
39.46473400000295
39.46473400000295
39.46473400000295
39.46473400000295
39.46473400000295
39.46473400000295
39.46473400000295
39.46473400000295
39.46473400000295
39.46473400000295
39.46473400000295
39.46473400000295
39.46473400000295
39.46473400000295
39.46473400000295
39.46473400000295
39.46473400000295
39.46473400000295
39.46473400000295
39.46473400000295
39.46473400000295
39.46473400000295
39.46473400000295
39.46473400000295
39.46473400000295
39.46473400000295
39.46473400000295
39.46473400000295
39.46473400000295
39.46473400000295
39.46473400000295
39.46473400000295
39.46473400000295
39.46473400000295
39.46473400000295
39.46473400000295
39.46473400000295
39.46473400000295
39.46473400000295
39.46473400000295
39.46473400000295
39.46473400000295
39.46473400000295
39.46473400000295
39.46473400000295
39.46473400000295
39.46473400000295
39.46473400000295
39.46473400000295
39.46473400000295
39.46473400000295
39.46473400000295
39.46473400000295
39.46473400000295
39.46473400000295
39.46473400000295
39.46473400000295
39.46473400000295
39.46473400000295
39.46473400000295
39.46473400000295
39.46473400000295
39.46473400000295
39.46473400000295
39.46473400000295
39.46473400000295
39.46473400000295
39.46473400000295
39.46473400000295
39.46473400000295
39.46473400000295
39.46473400000295
39.46473400000295
39.46473400000295
39.46473400000295
39.46473400000295
39.46473400000295
39.46473400000295
39.46473400000295
39.46473400000295
39.46473400000295
39.46473400000295
39.46473400000295
39.46473400000295
39.46473400000295
39.46473400000295
39.46473400000295
39.46473400000295
39.46473400000295
39.46473400000295
39.46473400000295
39.46473400000295
39.46473400000295
39.46473400000295
39.46473400000295
39.46473400000295
39.46473400000295
39.46473400000295
39.46473400000295
39.46473400000295
39.46473400000295
39.46473400000295
39.46473400000295
39.46473400000295
39.46473400000295
39.46473400000295
39.46473400000295
39.46473400000295
39.46473400000295
39.46473400000295
39.46473400000295
39.46473400000295
39.46473400000295
39.46473400000295
39.46473400000295
39.46473400000295
39.46473400000295
39.46473400000295
39.46473400000295
39.46473400000295
39.46473400000295
39.46473400000295
39.46473400000295
39.46473400000295
39.46473400000295
39.46473400000295
39.46473400000295
39.46473400000295
39.46473400000295
39.46473400000295
39.46473400000295
39.46473400000295
39.46473400000295
39.46473400000295
39.46473400000295
39.46473400000295
39.46473400000295
39.46473400000295
39.46473400000295
39.46473400000295
39.46473400000295
39.46473400000295
39.46473400000295
39.46473400000295
39.46473400000295
39.46473400000295
39.46473400000295
39.46473400000295
39.46473400000295
39.46473400000295
39.46473400000295
39.46473400000295
39.46473400000295
39.46473400000295
39.46473400000295
39.46473400000295
39.46473400000295
39.46473400000295
39.46473400000295
39.46473400000295
39.46473400000295
39.46473400000295
39.46473400000295
39.46473400000295
39.46473400000295
39.46473400000295
39.46473400000295
39.46473400000295
39.46473400000295
39.46473400000295
39.46473400000295
39.46473400000295
39.46473400000295
39.46473400000295
39.46473400000295
39.46473400000295
39.46473400000295
39.46473400000295
39.46473400000295
39.46473400000295
39.46473400000295
39.46473400000295
39.46473400000295
39.46473400000295
39.46473400000295
39.46473400000295
39.46473400000295
39.46473400000295
39.46473400000295
39.46473400000295
39.46473400000295
39.46473400000295
39.46473400000295
39.46473400000295
39.46473400000295
39.46473400000295
39.46473400000295
39.46473400000295
39.46473400000295
39.46473400000295
39.46473400000295
39.46473400000295
39.46473400000295
39.46473400000295
39.46473400000295
39.46473400000295
39.46473400000295
39.46473400000295
39.46473400000295
39.46473400000295
39.46473400000295
39.46473400000295
39.46473400000295
39.46473400000295
39.46473400000295
39.46473400000295
39.46473400000295
39.46473400000295
39.46473400000295
39.46473400000295
39.46473400000295
39.46473400000295
39.46473400000295
39.46473400000295
39.46473400000295
39.46473400000295
39.46473400000295
39.46473400000295
39.46473400000295
39.46473400000295
39.46473400000295
39.46473400000295
39.46473400000295
39.46473400000295
39.46473400000295
39.46473400000295
39.46473400000295
39.46473400000295
39.46473400000295
39.46473400000295
39.46473400000295
39.46473400000295
39.46473400000295
39.46473400000295
39.46473400000295
39.46473400000295
39.46473400000295
39.46473400000295
39.46473400000295
39.46473400000295
39.46473400000295
39.46473400000295
39.46473400000295
39.46473400000295
39.46473400000295
39.46473400000295
39.46473400000295
39.46473400000295
39.46473400000295
39.46473400000295
39.46473400000295
39.46473400000295
39.46473400000295
39.46473400000295
39.46473400000295
39.46473400000295
39.46473400000295
39.46473400000295
39.46473400000295
39.46473400000295
39.46473400000295
39.46473400000295
39.46473400000295
39.46473400000295
39.46473400000295
39.46473400000295
39.46473400000295
39.46473400000295
39.46473400000295
39.46473400000295
39.46473400000295
39.46473400000295
39.46473400000295
39.46473400000295
39.46473400000295
39.46473400000295
39.46473400000295
39.46473400000295
39.46473400000295
39.46473400000295
39.46473400000295
39.46473400000295
39.46473400000295
39.46473400000295
39.46473400000295
39.46473400000295
39.46473400000295
39.46473400000295
39.46473400000295
39.46473400000295
39.46473400000295
39.46473400000295
39.46473400000295
39.46473400000295
39.46473400000295
39.46473400000295
39.46473400000295
39.46473400000295
39.46473400000295
39.46473400000295
39.46473400000295
39.46473400000295
39.46473400000295
39.46473400000295
39.46473400000295
39.46473400000295
39.46473400000295
39.46473400000295
39.46473400000295
39.46473400000295
39.46473400000295
39.46473400000295
39.46473400000295
39.46473400000295
39.46473400000295
39.46473400000295
39.46473400000295
39.46473400000295
39.46473400000295
39.46473400000295
39.46473400000295
39.46473400000295
39.46473400000295
39.46473400000295
39.46473400000295
39.46473400000295
39.46473400000295
39.46473400000295
39.46473400000295
39.46473400000295
39.46473400000295
39.46473400000295
39.46473400000295
39.46473400000295
39.46473400000295
39.46473400000295
39.46473400000295
39.46473400000295
39.46473400000295
39.46473400000295
39.46473400000295
39.46473400000295
39.46473400000295
39.46473400000295
39.46473400000295
39.46473400000295
39.46473400000295
39.46473400000295
39.46473400000295
39.46473400000295
39.46473400000295
39.46473400000295
39.46473400000295
39.46473400000295
39.46473400000295
39.46473400000295
39.46473400000295
39.46473400000295
39.46473400000295
39.46473400000295
39.46473400000295
39.46473400000295
39.46473400000295
39.46473400000295
39.46473400000295
39.46473400000295
39.46473400000295
39.46473400000295
39.46473400000295
39.46473400000295
39.46473400000295
39.46473400000295
39.46473400000295
39.46473400000295
39.46473400000295
39.46473400000295
39.46473400000295
39.46473400000295
39.46473400000295
39.46473400000295
39.46473400000295
39.46473400000295
39.46473400000295
39.46473400000295
39.46473400000295
39.46473400000295
39.46473400000295
39.46473400000295
39.46473400000295
39.46473400000295
39.46473400000295
39.46473400000295
39.46473400000295
39.46473400000295
39.46473400000295
39.46473400000295
39.46473400000295
39.46473400000295
39.46473400000295
39.46473400000295
39.46473400000295
39.46473400000295
39.46473400000295
39.46473400000295
39.46473400000295
39.46473400000295
39.46473400000295
39.46473400000295
39.46473400000295
39.46473400000295
39.46473400000295
39.46473400000295
39.46473400000295
39.46473400000295
39.46473400000295
39.46473400000295
39.46473400000295
39.46473400000295
39.46473400000295
39.46473400000295
39.46473400000295
39.46473400000295
39.46473400000295
39.46473400000295
39.46473400000295
39.46473400000295
39.46473400000295
39.46473400000295
39.46473400000295
39.46473400000295
39.46473400000295
39.46473400000295
39.46473400000295
39.46473400000295
39.46473400000295
39.46473400000295
39.46473400000295
39.46473400000295
39.46473400000295
39.46473400000295
39.46473400000295
39.46473400000295
39.46473400000295
39.46473400000295
39.46473400000295
39.46473400000295
39.46473400000295
39.46473400000295
39.46473400000295
39.46473400000295
39.46473400000295
39.46473400000295
39.46473400000295
39.46473400000295
39.46473400000295
39.46473400000295
39.46473400000295
39.46473400000295
39.46473400000295
39.46473400000295
39.46473400000295
39.46473400000295
39.46473400000295
39.46473400000295
39.46473400000295
39.46473400000295
39.46473400000295
39.46473400000295
39.46473400000295
39.46473400000295
39.46473400000295
39.46473400000295
39.46473400000295
39.46473400000295
39.46473400000295
39.46473400000295
39.46473400000295
39.46473400000295
39.46473400000295
39.46473400000295
39.46473400000295
39.46473400000295
39.46473400000295
39.46473400000295
39.46473400000295
39.46473400000295
39.46473400000295
39.46473400000295
39.46473400000295
39.46473400000295
39.46473400000295
39.46473400000295
39.46473400000295
39.46473400000295
39.46473400000295
39.46473400000295
39.46473400000295
39.46473400000295
39.46473400000295
39.46473400000295
39.46473400000295
39.46473400000295
39.46473400000295
39.46473400000295
39.46473400000295
39.46473400000295
39.46473400000295
39.46473400000295
39.46473400000295
39.46473400000295
39.46473400000295
39.46473400000295
39.46473400000295
39.46473400000295
39.46473400000295
39.46473400000295
39.46473400000295
39.46473400000295
39.46473400000295
39.46473400000295
39.46473400000295
39.46473400000295
39.46473400000295
39.46473400000295
39.46473400000295
39.46473400000295
39.46473400000295
39.46473400000295
39.46473400000295
39.46473400000295
39.46473400000295
39.46473400000295
39.46473400000295
39.46473400000295
39.46473400000295
39.46473400000295
39.46473400000295
39.46473400000295
39.46473400000295
39.46473400000295
39.46473400000295
39.46473400000295
39.46473400000295
39.46473400000295
39.46473400000295
39.46473400000295
39.46473400000295
39.46473400000295
39.46473400000295
39.46473400000295
39.46473400000295
39.46473400000295
39.46473400000295
39.46473400000295
39.46473400000295
39.46473400000295
39.46473400000295
39.46473400000295
39.46473400000295
39.46473400000295
39.46473400000295
39.46473400000295
39.46473400000295
39.46473400000295
39.46473400000295
39.46473400000295
39.46473400000295
39.46473400000295
39.46473400000295
39.46473400000295
39.46473400000295
39.46473400000295
39.46473400000295
39.46473400000295
39.46473400000295
39.46473400000295
39.46473400000295
39.46473400000295
39.46473400000295
39.46473400000295
39.46473400000295
39.46473400000295
39.46473400000295
39.46473400000295
39.46473400000295
39.46473400000295
39.46473400000295
39.46473400000295
39.46473400000295
39.46473400000295
39.46473400000295
39.46473400000295
39.46473400000295
39.46473400000295
39.46473400000295
39.46473400000295
39.46473400000295
39.46473400000295
39.46473400000295
39.46473400000295
39.46473400000295
39.46473400000295
39.46473400000295
39.46473400000295
39.46473400000295
39.46473400000295
39.46473400000295
39.46473400000295
39.46473400000295
39.46473400000295
39.46473400000295
39.46473400000295
39.46473400000295
39.46473400000295
39.46473400000295
39.46473400000295
39.46473400000295
39.46473400000295
39.46473400000295
39.46473400000295
39.46473400000295
39.46473400000295
39.46473400000295
39.46473400000295
39.46473400000295
39.46473400000295
39.46473400000295
39.46473400000295
39.46473400000295
39.46473400000295
39.46473400000295
39.46473400000295
39.46473400000295
39.46473400000295
39.46473400000295
39.46473400000295
39.46473400000295
39.46473400000295
39.46473400000295
39.46473400000295
39.46473400000295
39.46473400000295
39.46473400000295
39.46473400000295
39.46473400000295
39.46473400000295
39.46473400000295
39.46473400000295
39.46473400000295
39.46473400000295
39.46473400000295
39.46473400000295
39.46473400000295
39.46473400000295
39.46473400000295
39.46473400000295
39.46473400000295
39.46473400000295
39.46473400000295
39.46473400000295
39.46473400000295
39.46473400000295
39.46473400000295
39.46473400000295
39.46473400000295
39.46473400000295
39.46473400000295
39.46473400000295
39.46473400000295
39.46473400000295
39.46473400000295
39.46473400000295
39.46473400000295
39.46473400000295
39.46473400000295
39.46473400000295
39.46473400000295
39.46473400000295
39.46473400000295
39.46473400000295
39.46473400000295
39.46473400000295
39.46473400000295
39.46473400000295
39.46473400000295
39.46473400000295
39.46473400000295
39.46473400000295
39.46473400000295
39.46473400000295
39.46473400000295
39.46473400000295
39.46473400000295
39.46473400000295
39.46473400000295
39.46473400000295
39.46473400000295
39.46473400000295
39.46473400000295
39.46473400000295
39.46473400000295
39.46473400000295
39.46473400000295
39.46473400000295
39.46473400000295
39.46473400000295
39.46473400000295
39.46473400000295
39.46473400000295
39.46473400000295
39.46473400000295
39.46473400000295
39.46473400000295
39.46473400000295
39.46473400000295
39.46473400000295
39.46473400000295
39.46473400000295
39.46473400000295
39.46473400000295
39.46473400000295
39.46473400000295
39.46473400000295
39.46473400000295
39.46473400000295
39.46473400000295
39.46473400000295
39.46473400000295
39.46473400000295
39.46473400000295
39.46473400000295
39.46473400000295
39.46473400000295
39.46473400000295
39.46473400000295
39.46473400000295
39.46473400000295
39.46473400000295
39.46473400000295
39.46473400000295
39.46473400000295
39.46473400000295
39.46473400000295
39.46473400000295
39.46473400000295
39.46473400000295
39.46473400000295
39.46473400000295
39.46473400000295
39.46473400000295
39.46473400000295
39.46473400000295
39.46473400000295
39.46473400000295
39.46473400000295
39.46473400000295
39.46473400000295
39.46473400000295
39.46473400000295
39.46473400000295
39.46473400000295
39.46473400000295
39.46473400000295
39.46473400000295
39.46473400000295
39.46473400000295
39.46473400000295
39.46473400000295
39.46473400000295
39.46473400000295
39.46473400000295
39.46473400000295
39.46473400000295
39.46473400000295
39.46473400000295
39.46473400000295
39.46473400000295
39.46473400000295
39.46473400000295
39.46473400000295
39.46473400000295
39.46473400000295
39.46473400000295
39.46473400000295
39.46473400000295
39.46473400000295
39.46473400000295
39.46473400000295
39.46473400000295
39.46473400000295
39.46473400000295
39.46473400000295
39.46473400000295
39.46473400000295
39.46473400000295
39.46473400000295
39.46473400000295
39.46473400000295
39.46473400000295
39.46473400000295
39.46473400000295
39.46473400000295
39.46473400000295
39.46473400000295
39.46473400000295
39.46473400000295
39.46473400000295
39.46473400000295
39.46473400000295
39.46473400000295
39.46473400000295
39.46473400000295
39.46473400000295
39.46473400000295
39.46473400000295
39.46473400000295
39.46473400000295
39.46473400000295
39.46473400000295
39.46473400000295
39.46473400000295
39.46473400000295
39.46473400000295
39.46473400000295
39.46473400000295
39.46473400000295
39.46473400000295
39.46473400000295
39.46473400000295
39.46473400000295
39.46473400000295
39.46473400000295
39.46473400000295
39.46473400000295
39.46473400000295
39.46473400000295
39.46473400000295
39.46473400000295
39.46473400000295
39.46473400000295
39.46473400000295
39.46473400000295
39.46473400000295
39.46473400000295
39.46473400000295
39.46473400000295
39.46473400000295
39.46473400000295
39.46473400000295
39.46473400000295
39.46473400000295
39.46473400000295
39.46473400000295
39.46473400000295
39.46473400000295
39.46473400000295
39.46473400000295
39.46473400000295
39.46473400000295
39.46473400000295
39.46473400000295
39.46473400000295
39.46473400000295
39.46473400000295
39.46473400000295
39.46473400000295
39.46473400000295
39.46473400000295
39.46473400000295
39.46473400000295
39.46473400000295
39.46473400000295
39.46473400000295
39.46473400000295
39.46473400000295
39.46473400000295
39.46473400000295
39.46473400000295
39.46473400000295
39.46473400000295
39.46473400000295
39.46473400000295
39.46473400000295
39.46473400000295
39.46473400000295
39.46473400000295
39.46473400000295
39.46473400000295
39.46473400000295
39.46473400000295
39.46473400000295
39.46473400000295
39.46473400000295
39.46473400000295
39.46473400000295
39.46473400000295
39.46473400000295
39.46473400000295
39.46473400000295
39.46473400000295
39.46473400000295
39.46473400000295
39.46473400000295
39.46473400000295
39.46473400000295
39.46473400000295
39.46473400000295
39.46473400000295
39.46473400000295
39.46473400000295
39.46473400000295
39.46473400000295
39.46473400000295
39.46473400000295
39.46473400000295
39.46473400000295
39.46473400000295
39.46473400000295
39.46473400000295
39.46473400000295
39.46473400000295
39.46473400000295
39.46473400000295
39.46473400000295
39.46473400000295
39.46473400000295
39.46473400000295
39.46473400000295
39.46473400000295
39.46473400000295
39.46473400000295
39.46473400000295
39.46473400000295
39.46473400000295
39.46473400000295
39.46473400000295
39.46473400000295
39.46473400000295
39.46473400000295
39.46473400000295
39.46473400000295
39.46473400000295
39.46473400000295
39.46473400000295
39.46473400000295
39.46473400000295
39.46473400000295
39.46473400000295
39.46473400000295
39.46473400000295
39.46473400000295
39.46473400000295
39.46473400000295
39.46473400000295
39.46473400000295
39.46473400000295
39.46473400000295
39.46473400000295
39.46473400000295
39.46473400000295
39.46473400000295
39.46473400000295
39.46473400000295
39.46473400000295
39.46473400000295
39.46473400000295
39.46473400000295
39.46473400000295
39.46473400000295
39.46473400000295
39.46473400000295
39.46473400000295
39.46473400000295
39.46473400000295
39.46473400000295
39.46473400000295
39.46473400000295
39.46473400000295
39.46473400000295
39.46473400000295
39.46473400000295
39.46473400000295
39.46473400000295
39.46473400000295
39.46473400000295
39.46473400000295
39.46473400000295
39.46473400000295
39.46473400000295
39.46473400000295
39.46473400000295
39.46473400000295
39.46473400000295
39.46473400000295
39.46473400000295
39.46473400000295
39.46473400000295
39.46473400000295
39.46473400000295
39.46473400000295
39.46473400000295
39.46473400000295
39.46473400000295
39.46473400000295
39.46473400000295
39.46473400000295
39.46473400000295
39.46473400000295
39.46473400000295
39.46473400000295
39.46473400000295
39.46473400000295
39.46473400000295
39.46473400000295
39.46473400000295
39.46473400000295
39.46473400000295
39.46473400000295
39.46473400000295
39.46473400000295
39.46473400000295
39.46473400000295
39.46473400000295
39.46473400000295
39.46473400000295
39.46473400000295
39.46473400000295
39.46473400000295
39.46473400000295
39.46473400000295
39.46473400000295
39.46473400000295
39.46473400000295
39.46473400000295
39.46473400000295
39.46473400000295
39.46473400000295
39.46473400000295
39.46473400000295
39.46473400000295
39.46473400000295
39.46473400000295
39.46473400000295
39.46473400000295
39.46473400000295
39.46473400000295
39.46473400000295
39.46473400000295
39.46473400000295
39.46473400000295
39.46473400000295
39.46473400000295
39.46473400000295
39.46473400000295
39.46473400000295
39.46473400000295
39.46473400000295
39.46473400000295
39.46473400000295
39.46473400000295
39.46473400000295
39.46473400000295
39.46473400000295
39.46473400000295
39.46473400000295
39.46473400000295
39.46473400000295
39.46473400000295
39.46473400000295
39.46473400000295
39.46473400000295
39.46473400000295
39.46473400000295
39.46473400000295
39.46473400000295
39.46473400000295
39.46473400000295
39.46473400000295
39.46473400000295
39.46473400000295
39.46473400000295
39.46473400000295
39.46473400000295
39.46473400000295
39.46473400000295
39.46473400000295
39.46473400000295
39.46473400000295
39.46473400000295
39.46473400000295
39.46473400000295
39.46473400000295
39.46473400000295
39.46473400000295
39.46473400000295
39.46473400000295
39.46473400000295
39.46473400000295
39.46473400000295
39.46473400000295
39.46473400000295
39.46473400000295
39.46473400000295
39.46473400000295
39.46473400000295
39.46473400000295
39.46473400000295
39.46473400000295
39.46473400000295
39.46473400000295
39.46473400000295
39.46473400000295
39.46473400000295
39.46473400000295
39.46473400000295
39.46473400000295
39.46473400000295
39.46473400000295
39.46473400000295
39.46473400000295
39.46473400000295
39.46473400000295
39.46473400000295
39.46473400000295
39.46473400000295
39.46473400000295
39.46473400000295
39.46473400000295
39.46473400000295
39.46473400000295
39.46473400000295
39.46473400000295
39.46473400000295
39.46473400000295
39.46473400000295
39.46473400000295
39.46473400000295
39.46473400000295
39.46473400000295
39.46473400000295
39.46473400000295
39.46473400000295
39.46473400000295
39.46473400000295
39.46473400000295
39.46473400000295
39.46473400000295
39.46473400000295
39.46473400000295
39.46473400000295
39.46473400000295
39.46473400000295
39.46473400000295
39.46473400000295
39.46473400000295
39.46473400000295
39.46473400000295
39.46473400000295
39.46473400000295
39.46473400000295
39.46473400000295
39.46473400000295
39.46473400000295
39.46473400000295
39.46473400000295
39.46473400000295
39.46473400000295
39.46473400000295
39.46473400000295
39.46473400000295
39.46473400000295
39.46473400000295
39.46473400000295
39.46473400000295
39.46473400000295
39.46473400000295
39.46473400000295
39.46473400000295
39.46473400000295
39.46473400000295
39.46473400000295
39.46473400000295
39.46473400000295
39.46473400000295
39.46473400000295
39.46473400000295
39.46473400000295
39.46473400000295
39.46473400000295
39.46473400000295
39.46473400000295
39.46473400000295
39.46473400000295
39.46473400000295
39.46473400000295
39.46473400000295
39.46473400000295
39.46473400000295
39.46473400000295
39.46473400000295
39.46473400000295
39.46473400000295
39.46473400000295
39.46473400000295
39.46473400000295
39.46473400000295
39.46473400000295
39.46473400000295
39.46473400000295
39.46473400000295
39.46473400000295
39.46473400000295
39.46473400000295
39.46473400000295
39.46473400000295
39.46473400000295
39.46473400000295
39.46473400000295
39.46473400000295
39.46473400000295
39.46473400000295
39.46473400000295
39.46473400000295
39.46473400000295
39.46473400000295
39.46473400000295
39.46473400000295
39.46473400000295
39.46473400000295
39.46473400000295
39.46473400000295
39.46473400000295
39.46473400000295
39.46473400000295
39.46473400000295
39.46473400000295
39.46473400000295
39.46473400000295
39.46473400000295
39.46473400000295
39.46473400000295
39.46473400000295
39.46473400000295
39.46473400000295
39.46473400000295
39.46473400000295
39.46473400000295
39.46473400000295
39.46473400000295
39.46473400000295
39.46473400000295
39.46473400000295
39.46473400000295
39.46473400000295
39.46473400000295
39.46473400000295
39.46473400000295
39.46473400000295
39.46473400000295
39.46473400000295
39.46473400000295
39.46473400000295
39.46473400000295
39.46473400000295
39.46473400000295
39.46473400000295
39.46473400000295
39.46473400000295
39.46473400000295
39.46473400000295
39.46473400000295
39.46473400000295
39.46473400000295
39.46473400000295
39.46473400000295
39.46473400000295
39.46473400000295
39.46473400000295
39.46473400000295
39.46473400000295
39.46473400000295
39.46473400000295
39.46473400000295
39.46473400000295
39.46473400000295
39.46473400000295
39.46473400000295
39.46473400000295
39.46473400000295
39.46473400000295
39.46473400000295
39.46473400000295
39.46473400000295
39.46473400000295
39.46473400000295
39.46473400000295
39.46473400000295
39.46473400000295
39.46473400000295
39.46473400000295
39.46473400000295
39.46473400000295
39.46473400000295
39.46473400000295
39.46473400000295
39.46473400000295
39.46473400000295
39.46473400000295
39.46473400000295
39.46473400000295
39.46473400000295
39.46473400000295
39.46473400000295
39.46473400000295
39.46473400000295
39.46473400000295
39.46473400000295
39.46473400000295
39.46473400000295
39.46473400000295
39.46473400000295
39.46473400000295
39.46473400000295
39.46473400000295
39.46473400000295
39.46473400000295
39.46473400000295
39.46473400000295
39.46473400000295
39.46473400000295
39.46473400000295
39.46473400000295
39.46473400000295
39.46473400000295
39.46473400000295
39.46473400000295
39.46473400000295
39.46473400000295
39.46473400000295
39.46473400000295
39.46473400000295
39.46473400000295
39.46473400000295
39.46473400000295
39.46473400000295
39.46473400000295
39.46473400000295
39.46473400000295
39.46473400000295
39.46473400000295
39.46473400000295
39.46473400000295
39.46473400000295
39.46473400000295
39.46473400000295
39.46473400000295
39.46473400000295
39.46473400000295
39.46473400000295
39.46473400000295
39.46473400000295
39.46473400000295
39.46473400000295
39.46473400000295
39.46473400000295
39.46473400000295
39.46473400000295
39.46473400000295
39.46473400000295
39.46473400000295
39.46473400000295
39.46473400000295
39.46473400000295
39.46473400000295
39.46473400000295
39.46473400000295
39.46473400000295
39.46473400000295
39.46473400000295
39.46473400000295
39.46473400000295
39.46473400000295
39.46473400000295
39.46473400000295
39.46473400000295
39.46473400000295
39.46473400000295
39.46473400000295
39.46473400000295
39.46473400000295
39.46473400000295
39.46473400000295
39.46473400000295
39.46473400000295
39.46473400000295
39.46473400000295
39.46473400000295
39.46473400000295
39.46473400000295
39.46473400000295
39.46473400000295
39.46473400000295
39.46473400000295
39.46473400000295
39.46473400000295
39.46473400000295
39.46473400000295
39.46473400000295
39.46473400000295
39.46473400000295
39.46473400000295
39.46473400000295
39.46473400000295
39.46473400000295
39.46473400000295
39.46473400000295
39.46473400000295
39.46473400000295
39.46473400000295
39.46473400000295
39.46473400000295
39.46473400000295
39.46473400000295
39.46473400000295
39.46473400000295
39.46473400000295
39.46473400000295
39.46473400000295
39.46473400000295
39.46473400000295
39.46473400000295
39.46473400000295
39.46473400000295
39.46473400000295
39.46473400000295
39.46473400000295
39.46473400000295
39.46473400000295
39.46473400000295
39.46473400000295
39.46473400000295
39.46473400000295
39.46473400000295
39.46473400000295
39.46473400000295
39.46473400000295
39.46473400000295
39.46473400000295
39.46473400000295
39.46473400000295
39.46473400000295
39.46473400000295
39.46473400000295
39.46473400000295
39.46473400000295
39.46473400000295
39.46473400000295
39.46473400000295
39.46473400000295
39.46473400000295
39.46473400000295
39.46473400000295
39.46473400000295
39.46473400000295
39.46473400000295
39.46473400000295
39.46473400000295
39.46473400000295
39.46473400000295
39.46473400000295
39.46473400000295
39.46473400000295
39.46473400000295
39.46473400000295
39.46473400000295
39.46473400000295
39.46473400000295
39.46473400000295
39.46473400000295
39.46473400000295
39.46473400000295
39.46473400000295
39.46473400000295
39.46473400000295
39.46473400000295
39.46473400000295
39.46473400000295
39.46473400000295
39.46473400000295
39.46473400000295
39.46473400000295
39.46473400000295
39.46473400000295
39.46473400000295
39.46473400000295
39.46473400000295
39.46473400000295
39.46473400000295
39.46473400000295
39.46473400000295
39.46473400000295
39.46473400000295
39.46473400000295
39.46473400000295
39.46473400000295
39.46473400000295
39.46473400000295
39.46473400000295
39.46473400000295
39.46473400000295
39.46473400000295
39.46473400000295
39.46473400000295
39.46473400000295
39.46473400000295
39.46473400000295
39.46473400000295
39.46473400000295
39.46473400000295
39.46473400000295
39.46473400000295
39.46473400000295
39.46473400000295
39.46473400000295
39.46473400000295
39.46473400000295
39.46473400000295
39.46473400000295
39.46473400000295
39.46473400000295
39.46473400000295
39.46473400000295
39.46473400000295
39.46473400000295
39.46473400000295
39.46473400000295
39.46473400000295
39.46473400000295
39.46473400000295
39.46473400000295
39.46473400000295
39.46473400000295
39.46473400000295
39.46473400000295
39.46473400000295
39.46473400000295
39.46473400000295
39.46473400000295
39.46473400000295
39.46473400000295
39.46473400000295
39.46473400000295
39.46473400000295
39.46473400000295
39.46473400000295
39.46473400000295
39.46473400000295
39.46473400000295
39.46473400000295
39.46473400000295
39.46473400000295
39.46473400000295
39.46473400000295
39.46473400000295
39.46473400000295
39.46473400000295
39.46473400000295
39.46473400000295
39.46473400000295
39.46473400000295
39.46473400000295
39.46473400000295
39.46473400000295
39.46473400000295
39.46473400000295
39.46473400000295
39.46473400000295
39.46473400000295
39.46473400000295
39.46473400000295
39.46473400000295
39.46473400000295
39.46473400000295
39.46473400000295
39.46473400000295
39.46473400000295
39.46473400000295
39.46473400000295
39.46473400000295
39.46473400000295
39.46473400000295
39.46473400000295
39.46473400000295
39.46473400000295
39.46473400000295
39.46473400000295
39.46473400000295
39.46473400000295
39.46473400000295
39.46473400000295
39.46473400000295
39.46473400000295
39.46473400000295
39.46473400000295
39.46473400000295
39.46473400000295
39.46473400000295
39.46473400000295
39.46473400000295
39.46473400000295
39.46473400000295
39.46473400000295
39.46473400000295
39.46473400000295
39.46473400000295
39.46473400000295
39.46473400000295
39.46473400000295
39.46473400000295
39.46473400000295
39.46473400000295
39.46473400000295
39.46473400000295
39.46473400000295
39.46473400000295
39.46473400000295
39.46473400000295
39.46473400000295
39.46473400000295
39.46473400000295
39.46473400000295
39.46473400000295
39.46473400000295
39.46473400000295
39.46473400000295
39.46473400000295
39.46473400000295
39.46473400000295
39.46473400000295
39.46473400000295
39.46473400000295
39.46473400000295
39.46473400000295
39.46473400000295
39.46473400000295
39.46473400000295
39.46473400000295
39.46473400000295
39.46473400000295
39.46473400000295
39.46473400000295
39.46473400000295
39.46473400000295
39.46473400000295
39.46473400000295
39.46473400000295
39.46473400000295
39.46473400000295
39.46473400000295
39.46473400000295
39.46473400000295
39.46473400000295
39.46473400000295
39.46473400000295
39.46473400000295
39.46473400000295
39.46473400000295
39.46473400000295
39.46473400000295
39.46473400000295
39.46473400000295
39.46473400000295
39.46473400000295
39.46473400000295
39.46473400000295
39.46473400000295
39.46473400000295
39.46473400000295
39.46473400000295
39.46473400000295
39.46473400000295
39.46473400000295
39.46473400000295
39.46473400000295
39.46473400000295
39.46473400000295
39.46473400000295
39.46473400000295
39.46473400000295
39.46473400000295
39.46473400000295
39.46473400000295
39.46473400000295
39.46473400000295
39.46473400000295
39.46473400000295
39.46473400000295
39.46473400000295
39.46473400000295
39.46473400000295
39.46473400000295
39.46473400000295
39.46473400000295
39.46473400000295
39.46473400000295
39.46473400000295
39.46473400000295
39.46473400000295
39.46473400000295
39.46473400000295
39.46473400000295
39.46473400000295
39.46473400000295
39.46473400000295
39.46473400000295
39.46473400000295
39.46473400000295
39.46473400000295
39.46473400000295
39.46473400000295
39.46473400000295
39.46473400000295
39.46473400000295
39.46473400000295
39.46473400000295
39.46473400000295
39.46473400000295
39.46473400000295
39.46473400000295
39.46473400000295
39.46473400000295
39.46473400000295
39.46473400000295
39.46473400000295
39.46473400000295
39.46473400000295
39.46473400000295
39.46473400000295
39.46473400000295
39.46473400000295
39.46473400000295
39.46473400000295
39.46473400000295
39.46473400000295
39.46473400000295
39.46473400000295
39.46473400000295
39.46473400000295
39.46473400000295
39.46473400000295
39.46473400000295
39.46473400000295
39.46473400000295
39.46473400000295
39.46473400000295
39.46473400000295
39.46473400000295
39.46473400000295
39.46473400000295
39.46473400000295
39.46473400000295
39.46473400000295
39.46473400000295
39.46473400000295
39.46473400000295
39.46473400000295
39.46473400000295
39.46473400000295
39.46473400000295
39.46473400000295
39.46473400000295
39.46473400000295
39.46473400000295
39.46473400000295
39.46473400000295
39.46473400000295
39.46473400000295
39.46473400000295
39.46473400000295
39.46473400000295
39.46473400000295
39.46473400000295
39.46473400000295
39.46473400000295
39.46473400000295
39.46473400000295
39.46473400000295
39.46473400000295
39.46473400000295
39.46473400000295
39.46473400000295
39.46473400000295
39.46473400000295
39.46473400000295
39.46473400000295
39.46473400000295
39.46473400000295
39.46473400000295
39.46473400000295
39.46473400000295
39.46473400000295
39.46473400000295
39.46473400000295
39.46473400000295
39.46473400000295
39.46473400000295
39.46473400000295
39.46473400000295
39.46473400000295
39.46473400000295
39.46473400000295
39.46473400000295
39.46473400000295
39.46473400000295
39.46473400000295
39.46473400000295
39.46473400000295
39.46473400000295
39.46473400000295
39.46473400000295
39.46473400000295
39.46473400000295
39.46473400000295
39.46473400000295
39.46473400000295
39.46473400000295
39.46473400000295
39.46473400000295
39.46473400000295
39.46473400000295
39.46473400000295
39.46473400000295
39.46473400000295
39.46473400000295
39.46473400000295
39.46473400000295
39.46473400000295
39.46473400000295
39.46473400000295
39.46473400000295
39.46473400000295
39.46473400000295
39.46473400000295
39.46473400000295
39.46473400000295
39.46473400000295
39.46473400000295
39.46473400000295
39.46473400000295
39.46473400000295
39.46473400000295
39.46473400000295
39.46473400000295
39.46473400000295
39.46473400000295
39.46473400000295
39.46473400000295
39.46473400000295
39.46473400000295
39.46473400000295
39.46473400000295
39.46473400000295
39.46473400000295
39.46473400000295
39.46473400000295
39.46473400000295
39.46473400000295
39.46473400000295
39.46473400000295
39.46473400000295
39.46473400000295
39.46473400000295
39.46473400000295
39.46473400000295
39.46473400000295
39.46473400000295
39.46473400000295
39.46473400000295
39.46473400000295
39.46473400000295
39.46473400000295
39.46473400000295
39.46473400000295
39.46473400000295
39.46473400000295
39.46473400000295
39.46473400000295
39.46473400000295
39.46473400000295
39.46473400000295
39.46473400000295
39.46473400000295
39.46473400000295
39.46473400000295
39.46473400000295
39.46473400000295
39.46473400000295
39.46473400000295
39.46473400000295
39.46473400000295
39.46473400000295
39.46473400000295
39.46473400000295
39.46473400000295
39.46473400000295
39.46473400000295
39.46473400000295
39.46473400000295
39.46473400000295
39.46473400000295
39.46473400000295
39.46473400000295
39.46473400000295
39.46473400000295
39.46473400000295
39.46473400000295
39.46473400000295
39.46473400000295
39.46473400000295
39.46473400000295
39.46473400000295
39.46473400000295
39.46473400000295
39.46473400000295
39.46473400000295
39.46473400000295
39.46473400000295
39.46473400000295
39.46473400000295
39.46473400000295
39.46473400000295
39.46473400000295
39.46473400000295
39.46473400000295
39.46473400000295
39.46473400000295
39.46473400000295
39.46473400000295
39.46473400000295
39.46473400000295
39.46473400000295
39.46473400000295
39.46473400000295
39.46473400000295
39.46473400000295
39.46473400000295
39.46473400000295
39.46473400000295
39.46473400000295
39.46473400000295
39.46473400000295
39.46473400000295
39.46473400000295
39.46473400000295
39.46473400000295
39.46473400000295
39.46473400000295
39.46473400000295
39.46473400000295
39.46473400000295
39.46473400000295
39.46473400000295
39.46473400000295
39.46473400000295
39.46473400000295
39.46473400000295
39.46473400000295
39.46473400000295
39.46473400000295
39.46473400000295
39.46473400000295
39.46473400000295
39.46473400000295
39.46473400000295
39.46473400000295
39.46473400000295
39.46473400000295
39.46473400000295
39.46473400000295
39.46473400000295
39.46473400000295
39.46473400000295
39.46473400000295
39.46473400000295
39.46473400000295
39.46473400000295
39.46473400000295
39.46473400000295
39.46473400000295
39.46473400000295
39.46473400000295
39.46473400000295
39.46473400000295
39.46473400000295
39.46473400000295
39.46473400000295
39.46473400000295
39.46473400000295
39.46473400000295
39.46473400000295
39.46473400000295
39.46473400000295
39.46473400000295
39.46473400000295
39.46473400000295
39.46473400000295
39.46473400000295
39.46473400000295
39.46473400000295
39.46473400000295
39.46473400000295
39.46473400000295
39.46473400000295
39.46473400000295
39.46473400000295
39.46473400000295
39.46473400000295
39.46473400000295
39.46473400000295
39.46473400000295
39.46473400000295
39.46473400000295
39.46473400000295
39.46473400000295
39.46473400000295
39.46473400000295
39.46473400000295
39.46473400000295
39.46473400000295
39.46473400000295
39.46473400000295
39.46473400000295
39.46473400000295
39.46473400000295
39.46473400000295
39.46473400000295
39.46473400000295
39.46473400000295
39.46473400000295
39.46473400000295
39.46473400000295
39.46473400000295
39.46473400000295
39.46473400000295
39.46473400000295
39.46473400000295
39.46473400000295
39.46473400000295
39.46473400000295
39.46473400000295
39.46473400000295
39.46473400000295
39.46473400000295
39.46473400000295
39.46473400000295
39.46473400000295
39.46473400000295
39.46473400000295
39.46473400000295
39.46473400000295
39.46473400000295
39.46473400000295
39.46473400000295
39.46473400000295
39.46473400000295
39.46473400000295
39.46473400000295
39.46473400000295
39.46473400000295
39.46473400000295
39.46473400000295
39.46473400000295
39.46473400000295
39.46473400000295
39.46473400000295
39.46473400000295
39.46473400000295
39.46473400000295
39.46473400000295
39.46473400000295
39.46473400000295
39.46473400000295
39.46473400000295
39.46473400000295
39.46473400000295
39.46473400000295
39.46473400000295
39.46473400000295
39.46473400000295
39.46473400000295
39.46473400000295
39.46473400000295
39.46473400000295
39.46473400000295
39.46473400000295
39.46473400000295
39.46473400000295
39.46473400000295
39.46473400000295
39.46473400000295
39.46473400000295
39.46473400000295
39.46473400000295
39.46473400000295
39.46473400000295
39.46473400000295
39.46473400000295
39.46473400000295
39.46473400000295
39.46473400000295
39.46473400000295
39.46473400000295
39.46473400000295
39.46473400000295
39.46473400000295
39.46473400000295
39.46473400000295
39.46473400000295
39.46473400000295
39.46473400000295
39.46473400000295
39.46473400000295
39.46473400000295
39.46473400000295
39.46473400000295
39.46473400000295
39.46473400000295
39.46473400000295
39.46473400000295
39.46473400000295
39.46473400000295
39.46473400000295
39.46473400000295
39.46473400000295
39.46473400000295
39.46473400000295
39.46473400000295
39.46473400000295
39.46473400000295
39.46473400000295
39.46473400000295
39.46473400000295
39.46473400000295
39.46473400000295
39.46473400000295
39.46473400000295
39.46473400000295
39.46473400000295
39.46473400000295
39.46473400000295
39.46473400000295
39.46473400000295
39.46473400000295
39.46473400000295
39.46473400000295
39.46473400000295
39.46473400000295
39.46473400000295
39.46473400000295
39.46473400000295
39.46473400000295
39.46473400000295
39.46473400000295
39.46473400000295
39.46473400000295
39.46473400000295
39.46473400000295
39.46473400000295
39.46473400000295
39.46473400000295
39.46473400000295
39.46473400000295
39.46473400000295
39.46473400000295
39.46473400000295
39.46473400000295
39.46473400000295
39.46473400000295
39.46473400000295
39.46473400000295
39.46473400000295
39.46473400000295
39.46473400000295
39.46473400000295
39.46473400000295
39.46473400000295
39.46473400000295
39.46473400000295
39.46473400000295
39.46473400000295
39.46473400000295
39.46473400000295
39.46473400000295
39.46473400000295
39.46473400000295
39.46473400000295
39.46473400000295
39.46473400000295
39.46473400000295
39.46473400000295
39.46473400000295
39.46473400000295
39.46473400000295
39.46473400000295
39.46473400000295
39.46473400000295
39.46473400000295
39.46473400000295
39.46473400000295
39.46473400000295
39.46473400000295
39.46473400000295
39.46473400000295
39.46473400000295
39.46473400000295
39.46473400000295
39.46473400000295
39.46473400000295
39.46473400000295
39.46473400000295
39.46473400000295
39.46473400000295
39.46473400000295
39.46473400000295
39.46473400000295
39.46473400000295
39.46473400000295
39.46473400000295
39.46473400000295
39.46473400000295
39.46473400000295
39.46473400000295
39.46473400000295
39.46473400000295
39.46473400000295
39.46473400000295
39.46473400000295
39.46473400000295
39.46473400000295
39.46473400000295
39.46473400000295
39.46473400000295
39.46473400000295
39.46473400000295
39.46473400000295
39.46473400000295
39.46473400000295
39.46473400000295
39.46473400000295
39.46473400000295
39.46473400000295
39.46473400000295
39.46473400000295
39.46473400000295
39.46473400000295
39.46473400000295
39.46473400000295
39.46473400000295
39.46473400000295
39.46473400000295
39.46473400000295
39.46473400000295
39.46473400000295
39.46473400000295
39.46473400000295
39.46473400000295
39.46473400000295
39.46473400000295
39.46473400000295
39.46473400000295
39.46473400000295
39.46473400000295
39.46473400000295
39.46473400000295
39.46473400000295
39.46473400000295
39.46473400000295
39.46473400000295
39.46473400000295
39.46473400000295
39.46473400000295
39.46473400000295
39.46473400000295
39.46473400000295
39.46473400000295
39.46473400000295
39.46473400000295
39.46473400000295
39.46473400000295
39.46473400000295
39.46473400000295
39.46473400000295
39.46473400000295
39.46473400000295
39.46473400000295
39.46473400000295
39.46473400000295
39.46473400000295
39.46473400000295
39.46473400000295
39.46473400000295
39.46473400000295
39.46473400000295
39.46473400000295
39.46473400000295
39.46473400000295
39.46473400000295
39.46473400000295
39.46473400000295
39.46473400000295
39.46473400000295
39.46473400000295
39.46473400000295
39.46473400000295
39.46473400000295
39.46473400000295
39.46473400000295
39.46473400000295
39.46473400000295
39.46473400000295
39.46473400000295
39.46473400000295
39.46473400000295
39.46473400000295
39.46473400000295
39.46473400000295
39.46473400000295
39.46473400000295
39.46473400000295
39.46473400000295
39.46473400000295
39.46473400000295
39.46473400000295
39.46473400000295
39.46473400000295
39.46473400000295
39.46473400000295
39.46473400000295
39.46473400000295
39.46473400000295
39.46473400000295
39.46473400000295
39.46473400000295
39.46473400000295
39.46473400000295
39.46473400000295
39.46473400000295
39.46473400000295
39.46473400000295
39.46473400000295
39.46473400000295
39.46473400000295
39.46473400000295
39.46473400000295
39.46473400000295
39.46473400000295
39.46473400000295
39.46473400000295
39.46473400000295
39.46473400000295
39.46473400000295
39.46473400000295
39.46473400000295
39.46473400000295
39.46473400000295
39.46473400000295
39.46473400000295
39.46473400000295
39.46473400000295
39.46473400000295
39.46473400000295
39.46473400000295
39.46473400000295
39.46473400000295
39.46473400000295
39.46473400000295
39.46473400000295
39.46473400000295
39.46473400000295
39.46473400000295
39.46473400000295
39.46473400000295
39.46473400000295
39.46473400000295
39.46473400000295
39.46473400000295
39.46473400000295
39.46473400000295
39.46473400000295
39.46473400000295
39.46473400000295
39.46473400000295
39.46473400000295
39.46473400000295
39.46473400000295
39.46473400000295
39.46473400000295
39.46473400000295
39.46473400000295
39.46473400000295
39.46473400000295
39.46473400000295
39.46473400000295
39.46473400000295
39.46473400000295
39.46473400000295
39.46473400000295
39.46473400000295
39.46473400000295
39.46473400000295
39.46473400000295
39.46473400000295
39.46473400000295
39.46473400000295
39.46473400000295
39.46473400000295
39.46473400000295
39.46473400000295
39.46473400000295
39.46473400000295
39.46473400000295
39.46473400000295
39.46473400000295
39.46473400000295
39.46473400000295
39.46473400000295
39.46473400000295
39.46473400000295
39.46473400000295
39.46473400000295
39.46473400000295
39.46473400000295
39.46473400000295
39.46473400000295
39.46473400000295
39.46473400000295
39.46473400000295
39.46473400000295
39.46473400000295
39.46473400000295
39.46473400000295
39.46473400000295
39.46473400000295
39.46473400000295
39.46473400000295
39.46473400000295
39.46473400000295
39.46473400000295
39.46473400000295
39.46473400000295
39.46473400000295
39.46473400000295
39.46473400000295
39.46473400000295
39.46473400000295
39.46473400000295
39.46473400000295
39.46473400000295
39.46473400000295
39.46473400000295
39.46473400000295
39.46473400000295
39.46473400000295
39.46473400000295
39.46473400000295
39.46473400000295
39.46473400000295
39.46473400000295
39.46473400000295
39.46473400000295
39.46473400000295
39.46473400000295
39.46473400000295
39.46473400000295
39.46473400000295
39.46473400000295
39.46473400000295
39.46473400000295
39.46473400000295
39.46473400000295
39.46473400000295
39.46473400000295
39.46473400000295
39.46473400000295
39.46473400000295
39.46473400000295
39.46473400000295
39.46473400000295
39.46473400000295
39.46473400000295
39.46473400000295
39.46473400000295
39.46473400000295
39.46473400000295
39.46473400000295
39.46473400000295
39.46473400000295
39.46473400000295
39.46473400000295
39.46473400000295
39.46473400000295
39.46473400000295
39.46473400000295
39.46473400000295
39.46473400000295
39.46473400000295
39.46473400000295
39.46473400000295
39.46473400000295
39.46473400000295
39.46473400000295
39.46473400000295
39.46473400000295
39.46473400000295
39.46473400000295
39.46473400000295
39.46473400000295
39.46473400000295
39.46473400000295
39.46473400000295
39.46473400000295
39.46473400000295
39.46473400000295
39.46473400000295
39.46473400000295
39.46473400000295
39.46473400000295
39.46473400000295
39.46473400000295
39.46473400000295
39.46473400000295
39.46473400000295
39.46473400000295
39.46473400000295
39.46473400000295
39.46473400000295
39.46473400000295
39.46473400000295
39.46473400000295
39.46473400000295
39.46473400000295
39.46473400000295
39.46473400000295
39.46473400000295
39.46473400000295
39.46473400000295
39.46473400000295
39.46473400000295
39.46473400000295
39.46473400000295
39.46473400000295
39.46473400000295
39.46473400000295
39.46473400000295
39.46473400000295
39.46473400000295
39.46473400000295
39.46473400000295
39.46473400000295
39.46473400000295
39.46473400000295
39.46473400000295
39.46473400000295
39.46473400000295
39.46473400000295
39.46473400000295
39.46473400000295
39.46473400000295
39.46473400000295
39.46473400000295
39.46473400000295
39.46473400000295
39.46473400000295
39.46473400000295
39.46473400000295
39.46473400000295
39.46473400000295
39.46473400000295
39.46473400000295
39.46473400000295
39.46473400000295
39.46473400000295
39.46473400000295
39.46473400000295
39.46473400000295
39.46473400000295
39.46473400000295
39.46473400000295
39.46473400000295
39.46473400000295
39.46473400000295
39.46473400000295
39.46473400000295
39.46473400000295
39.46473400000295
39.46473400000295
39.46473400000295
39.46473400000295
39.46473400000295
39.46473400000295
39.46473400000295
39.46473400000295
39.46473400000295
39.46473400000295
39.46473400000295
39.46473400000295
39.46473400000295
39.46473400000295
39.46473400000295
39.46473400000295
39.46473400000295
39.46473400000295
39.46473400000295
39.46473400000295
39.46473400000295
39.46473400000295
39.46473400000295
39.46473400000295
39.46473400000295
39.46473400000295
39.46473400000295
39.46473400000295
39.46473400000295
39.46473400000295
39.46473400000295
39.46473400000295
39.46473400000295
39.46473400000295
39.46473400000295
39.46473400000295
39.46473400000295
39.46473400000295
39.46473400000295
39.46473400000295
39.46473400000295
39.46473400000295
39.46473400000295
39.46473400000295
39.46473400000295
39.46473400000295
39.46473400000295
39.46473400000295
39.46473400000295
39.46473400000295
39.46473400000295
39.46473400000295
39.46473400000295
39.46473400000295
39.46473400000295
39.46473400000295
39.46473400000295
39.46473400000295
39.46473400000295
39.46473400000295
39.46473400000295
39.46473400000295
39.46473400000295
39.46473400000295
39.46473400000295
39.46473400000295
39.46473400000295
39.46473400000295
39.46473400000295
39.46473400000295
39.46473400000295
39.46473400000295
39.46473400000295
39.46473400000295
39.46473400000295
39.46473400000295
39.46473400000295
39.46473400000295
39.46473400000295
39.46473400000295
39.46473400000295
39.46473400000295
39.46473400000295
39.46473400000295
39.46473400000295
39.46473400000295
39.46473400000295
39.46473400000295
39.46473400000295
39.46473400000295
39.46473400000295
39.46473400000295
39.46473400000295
39.46473400000295
39.46473400000295
39.46473400000295
39.46473400000295
39.46473400000295
39.46473400000295
39.46473400000295
39.46473400000295
39.46473400000295
39.46473400000295
39.46473400000295
39.46473400000295
39.46473400000295
39.46473400000295
39.46473400000295
39.46473400000295
39.46473400000295
39.46473400000295
39.46473400000295
39.46473400000295
39.46473400000295
39.46473400000295
39.46473400000295
39.46473400000295
39.46473400000295
39.46473400000295
39.46473400000295
39.46473400000295
39.46473400000295
39.46473400000295
39.46473400000295
39.46473400000295
39.46473400000295
39.46473400000295
39.46473400000295
39.46473400000295
39.46473400000295
39.46473400000295
39.46473400000295
39.46473400000295
39.46473400000295
39.46473400000295
39.46473400000295
39.46473400000295
39.46473400000295
39.46473400000295
39.46473400000295
39.46473400000295
39.46473400000295
39.46473400000295
39.46473400000295
39.46473400000295
39.46473400000295
39.46473400000295
39.46473400000295
39.46473400000295
39.46473400000295
39.46473400000295
39.46473400000295
39.46473400000295
39.46473400000295
39.46473400000295
39.46473400000295
39.46473400000295
39.46473400000295
39.46473400000295
39.46473400000295
39.46473400000295
39.46473400000295
39.46473400000295
39.46473400000295
39.46473400000295
39.46473400000295
39.46473400000295
39.46473400000295
39.46473400000295
39.46473400000295
39.46473400000295
39.46473400000295
39.46473400000295
39.46473400000295
39.46473400000295
39.46473400000295
39.46473400000295
39.46473400000295
39.46473400000295
39.46473400000295
39.46473400000295
39.46473400000295
39.46473400000295
39.46473400000295
39.46473400000295
39.46473400000295
39.46473400000295
39.46473400000295
39.46473400000295
39.46473400000295
39.46473400000295
39.46473400000295
39.46473400000295
39.46473400000295
39.46473400000295
39.46473400000295
39.46473400000295
39.46473400000295
39.46473400000295
39.46473400000295
39.46473400000295
39.46473400000295
39.46473400000295
39.46473400000295
39.46473400000295
39.46473400000295
39.46473400000295
39.46473400000295
39.46473400000295
39.46473400000295
39.46473400000295
39.46473400000295
39.46473400000295
39.46473400000295
39.46473400000295
39.46473400000295
39.46473400000295
39.46473400000295
39.46473400000295
39.46473400000295
39.46473400000295
39.46473400000295
39.46473400000295
39.46473400000295
39.46473400000295
39.46473400000295
39.46473400000295
39.46473400000295
39.46473400000295
39.46473400000295
39.46473400000295
39.46473400000295
39.46473400000295
39.46473400000295
39.46473400000295
39.46473400000295
39.46473400000295
39.46473400000295
39.46473400000295
39.46473400000295
39.46473400000295
39.46473400000295
39.46473400000295
39.46473400000295
39.46473400000295
39.46473400000295
39.46473400000295
39.46473400000295
39.46473400000295
39.46473400000295
39.46473400000295
39.46473400000295
39.46473400000295
39.46473400000295
39.46473400000295
39.46473400000295
39.46473400000295
39.46473400000295
39.46473400000295
39.46473400000295
39.46473400000295
39.46473400000295
39.46473400000295
39.46473400000295
39.46473400000295
39.46473400000295
39.46473400000295
39.46473400000295
39.46473400000295
39.46473400000295
39.46473400000295
39.46473400000295
39.46473400000295
39.46473400000295
39.46473400000295
39.46473400000295
39.46473400000295
39.46473400000295
39.46473400000295
39.46473400000295
39.46473400000295
39.46473400000295
39.46473400000295
39.46473400000295
39.46473400000295
39.46473400000295
39.46473400000295
39.46473400000295
39.46473400000295
39.46473400000295
39.46473400000295
39.46473400000295
39.46473400000295
39.46473400000295
39.46473400000295
39.46473400000295
39.46473400000295
39.46473400000295
39.46473400000295
39.46473400000295
39.46473400000295
39.46473400000295
39.46473400000295
39.46473400000295
39.46473400000295
39.46473400000295
39.46473400000295
39.46473400000295
39.46473400000295
39.46473400000295
39.46473400000295
39.46473400000295
39.46473400000295
39.46473400000295
39.46473400000295
39.46473400000295
39.46473400000295
39.46473400000295
39.46473400000295
39.46473400000295
39.46473400000295
39.46473400000295
39.46473400000295
39.46473400000295
39.46473400000295
39.46473400000295
39.46473400000295
39.46473400000295
39.46473400000295
39.46473400000295
39.46473400000295
39.46473400000295
39.46473400000295
39.46473400000295
39.46473400000295
39.46473400000295
39.46473400000295
39.46473400000295
39.46473400000295
39.46473400000295
39.46473400000295
39.46473400000295
39.46473400000295
39.46473400000295
39.46473400000295
39.46473400000295
39.46473400000295
39.46473400000295
39.46473400000295
39.46473400000295
39.46473400000295
39.46473400000295
39.46473400000295
39.46473400000295
39.46473400000295
39.46473400000295
39.46473400000295
39.46473400000295
39.46473400000295
39.46473400000295
39.46473400000295
39.46473400000295
39.46473400000295
39.46473400000295
39.46473400000295
39.46473400000295
39.46473400000295
39.46473400000295
39.46473400000295
39.46473400000295
39.46473400000295
39.46473400000295
39.46473400000295
39.46473400000295
39.46473400000295
39.46473400000295
39.46473400000295
39.46473400000295
39.46473400000295
39.46473400000295
39.46473400000295
39.46473400000295
39.46473400000295
39.46473400000295
39.46473400000295
39.46473400000295
39.46473400000295
39.46473400000295
39.46473400000295
39.46473400000295
39.46473400000295
39.46473400000295
39.46473400000295
39.46473400000295
39.46473400000295
39.46473400000295
39.46473400000295
39.46473400000295
39.46473400000295
39.46473400000295
39.46473400000295
39.46473400000295
39.46473400000295
39.46473400000295
39.46473400000295
39.46473400000295
39.46473400000295
39.46473400000295
39.46473400000295
39.46473400000295
39.46473400000295
39.46473400000295
39.46473400000295
39.46473400000295
39.46473400000295
39.46473400000295
39.46473400000295
39.46473400000295
39.46473400000295
39.46473400000295
39.46473400000295
39.46473400000295
39.46473400000295
39.46473400000295
39.46473400000295
39.46473400000295
39.46473400000295
39.46473400000295
39.46473400000295
39.46473400000295
39.46473400000295
39.46473400000295
39.46473400000295
39.46473400000295
39.46473400000295
39.46473400000295
39.46473400000295
39.46473400000295
39.46473400000295
39.46473400000295
39.46473400000295
39.46473400000295
39.46473400000295
39.46473400000295
39.46473400000295
39.46473400000295
39.46473400000295
39.46473400000295
39.46473400000295
39.46473400000295
39.46473400000295
39.46473400000295
39.46473400000295
39.46473400000295
39.46473400000295
39.46473400000295
39.46473400000295
39.46473400000295
39.46473400000295
39.46473400000295
39.46473400000295
39.46473400000295
39.46473400000295
39.46473400000295
39.46473400000295
39.46473400000295
39.46473400000295
39.46473400000295
39.46473400000295
39.46473400000295
39.46473400000295
39.46473400000295
39.46473400000295
39.46473400000295
39.46473400000295
39.46473400000295
39.46473400000295
39.46473400000295
39.46473400000295
39.46473400000295
39.46473400000295
39.46473400000295
39.46473400000295
39.46473400000295
39.46473400000295
39.46473400000295
39.46473400000295
39.46473400000295
39.46473400000295
39.46473400000295
39.46473400000295
39.46473400000295
39.46473400000295
39.46473400000295
39.46473400000295
39.46473400000295
39.46473400000295
39.46473400000295
39.46473400000295
39.46473400000295
39.46473400000295
39.46473400000295
39.46473400000295
39.46473400000295
39.46473400000295
39.46473400000295
39.46473400000295
39.46473400000295
39.46473400000295
39.46473400000295
39.46473400000295
39.46473400000295
39.46473400000295
39.46473400000295
39.46473400000295
39.46473400000295
39.46473400000295
39.46473400000295
39.46473400000295
39.46473400000295
39.46473400000295
39.46473400000295
39.46473400000295
39.46473400000295
39.46473400000295
39.46473400000295
39.46473400000295
39.46473400000295
39.46473400000295
39.46473400000295
39.46473400000295
39.46473400000295
39.46473400000295
39.46473400000295
39.46473400000295
39.46473400000295
39.46473400000295
39.46473400000295
39.46473400000295
39.46473400000295
39.46473400000295
39.46473400000295
39.46473400000295
39.46473400000295
39.46473400000295
39.46473400000295
39.46473400000295
39.46473400000295
39.46473400000295
39.46473400000295
39.46473400000295
39.46473400000295
39.46473400000295
39.46473400000295
39.46473400000295
39.46473400000295
39.46473400000295
39.46473400000295
39.46473400000295
39.46473400000295
39.46473400000295
39.46473400000295
39.46473400000295
39.46473400000295
39.46473400000295
39.46473400000295
39.46473400000295
39.46473400000295
39.46473400000295
39.46473400000295
39.46473400000295
39.46473400000295
39.46473400000295
39.46473400000295
39.46473400000295
39.46473400000295
39.46473400000295
39.46473400000295
39.46473400000295
39.46473400000295
39.46473400000295
39.46473400000295
39.46473400000295
39.46473400000295
39.46473400000295
39.46473400000295
39.46473400000295
39.46473400000295
39.46473400000295
39.46473400000295
39.46473400000295
39.46473400000295
39.46473400000295
39.46473400000295
39.46473400000295
39.46473400000295
39.46473400000295
39.46473400000295
39.46473400000295
39.46473400000295
39.46473400000295
39.46473400000295
39.46473400000295
39.46473400000295
39.46473400000295
39.46473400000295
39.46473400000295
39.46473400000295
39.46473400000295
39.46473400000295
39.46473400000295
39.46473400000295
39.46473400000295
39.46473400000295
39.46473400000295
39.46473400000295
39.46473400000295
39.46473400000295
39.46473400000295
39.46473400000295
39.46473400000295
39.46473400000295
39.46473400000295
39.46473400000295
39.46473400000295
39.46473400000295
39.46473400000295
39.46473400000295
39.46473400000295
39.46473400000295
39.46473400000295
39.46473400000295
39.46473400000295
39.46473400000295
39.46473400000295
39.46473400000295
39.46473400000295
39.46473400000295
39.46473400000295
39.46473400000295
39.46473400000295
39.46473400000295
39.46473400000295
39.46473400000295
39.46473400000295
39.46473400000295
39.46473400000295
39.46473400000295
39.46473400000295
39.46473400000295
39.46473400000295
39.46473400000295
39.46473400000295
39.46473400000295
39.46473400000295
39.46473400000295
39.46473400000295
39.46473400000295
39.46473400000295
39.46473400000295
39.46473400000295
39.46473400000295
39.46473400000295
39.46473400000295
39.46473400000295
39.46473400000295
39.46473400000295
39.46473400000295
39.46473400000295
39.46473400000295
39.46473400000295
39.46473400000295
39.46473400000295
39.46473400000295
39.46473400000295
39.46473400000295
39.46473400000295
39.46473400000295
39.46473400000295
39.46473400000295
39.46473400000295
39.46473400000295
39.46473400000295
39.46473400000295
39.46473400000295
39.46473400000295
39.46473400000295
39.46473400000295
39.46473400000295
39.46473400000295
39.46473400000295
39.46473400000295
39.46473400000295
39.46473400000295
39.46473400000295
39.46473400000295
39.46473400000295
39.46473400000295
39.46473400000295
39.46473400000295
39.46473400000295
39.46473400000295
39.46473400000295
39.46473400000295
39.46473400000295
39.46473400000295
39.46473400000295
39.46473400000295
39.46473400000295
39.46473400000295
39.46473400000295
39.46473400000295
39.46473400000295
39.46473400000295
39.46473400000295
39.46473400000295
39.46473400000295
39.46473400000295
39.46473400000295
39.46473400000295
39.46473400000295
39.46473400000295
39.46473400000295
39.46473400000295
39.46473400000295
39.46473400000295
39.46473400000295
39.46473400000295
39.46473400000295
39.46473400000295
39.46473400000295
39.46473400000295
39.46473400000295
39.46473400000295
39.46473400000295
39.46473400000295
39.46473400000295
39.46473400000295
39.46473400000295
39.46473400000295
39.46473400000295
39.46473400000295
39.46473400000295
39.46473400000295
39.46473400000295
39.46473400000295
39.46473400000295
39.46473400000295
39.46473400000295
39.46473400000295
39.46473400000295
39.46473400000295
39.46473400000295
39.46473400000295
39.46473400000295
39.46473400000295
39.46473400000295
39.46473400000295
39.46473400000295
39.46473400000295
39.46473400000295
39.46473400000295
39.46473400000295
39.46473400000295
39.46473400000295
39.46473400000295
39.46473400000295
39.46473400000295
39.46473400000295
39.46473400000295
39.46473400000295
39.46473400000295
39.46473400000295
39.46473400000295
39.46473400000295
39.46473400000295
39.46473400000295
39.46473400000295
39.46473400000295
39.46473400000295
39.46473400000295
39.46473400000295
39.46473400000295
39.46473400000295
39.46473400000295
39.46473400000295
39.46473400000295
39.46473400000295
39.46473400000295
39.46473400000295
39.46473400000295
39.46473400000295
39.46473400000295
39.46473400000295
39.46473400000295
39.46473400000295
39.46473400000295
39.46473400000295
39.46473400000295
39.46473400000295
39.46473400000295
39.46473400000295
39.46473400000295
39.46473400000295
39.46473400000295
39.46473400000295
39.46473400000295
39.46473400000295
39.46473400000295
39.46473400000295
39.46473400000295
39.46473400000295
39.46473400000295
39.46473400000295
39.46473400000295
39.46473400000295
39.46473400000295
39.46473400000295
39.46473400000295
39.46473400000295
39.46473400000295
39.46473400000295
39.46473400000295
39.46473400000295
39.46473400000295
39.46473400000295
39.46473400000295
39.46473400000295
39.46473400000295
39.46473400000295
39.46473400000295
39.46473400000295
39.46473400000295
39.46473400000295
39.46473400000295
39.46473400000295
39.46473400000295
39.46473400000295
39.46473400000295
39.46473400000295
39.46473400000295
39.46473400000295
39.46473400000295
39.46473400000295
39.46473400000295
39.46473400000295
39.46473400000295
39.46473400000295
39.46473400000295
39.46473400000295
39.46473400000295
39.46473400000295
39.46473400000295
39.46473400000295
39.46473400000295
39.46473400000295
39.46473400000295
39.46473400000295
39.46473400000295
39.46473400000295
39.46473400000295
39.46473400000295
39.46473400000295
39.46473400000295
39.46473400000295
39.46473400000295
39.46473400000295
39.46473400000295
39.46473400000295
39.46473400000295
39.46473400000295
39.46473400000295
39.46473400000295
39.46473400000295
39.46473400000295
39.46473400000295
39.46473400000295
39.46473400000295
39.46473400000295
39.46473400000295
39.46473400000295
39.46473400000295
39.46473400000295
39.46473400000295
39.46473400000295
39.46473400000295
39.46473400000295
39.46473400000295
39.46473400000295
39.46473400000295
39.46473400000295
39.46473400000295
39.46473400000295
39.46473400000295
39.46473400000295
39.46473400000295
39.46473400000295
39.46473400000295
39.46473400000295
39.46473400000295
39.46473400000295
39.46473400000295
39.46473400000295
39.46473400000295
39.46473400000295
39.46473400000295
39.46473400000295
39.46473400000295
39.46473400000295
39.46473400000295
39.46473400000295
39.46473400000295
39.46473400000295
39.46473400000295
39.46473400000295
39.46473400000295
39.46473400000295
39.46473400000295
39.46473400000295
39.46473400000295
39.46473400000295
39.46473400000295
39.46473400000295
39.46473400000295
39.46473400000295
39.46473400000295
39.46473400000295
39.46473400000295
39.46473400000295
39.46473400000295
39.46473400000295
39.46473400000295
39.46473400000295
39.46473400000295
39.46473400000295
39.46473400000295
39.46473400000295
39.46473400000295
39.46473400000295
39.46473400000295
39.46473400000295
39.46473400000295
39.46473400000295
39.46473400000295
39.46473400000295
39.46473400000295
39.46473400000295
39.46473400000295
39.46473400000295
39.46473400000295
39.46473400000295
39.46473400000295
39.46473400000295
39.46473400000295
39.46473400000295
39.46473400000295
39.46473400000295
39.46473400000295
39.46473400000295
39.46473400000295
39.46473400000295
39.46473400000295
39.46473400000295
39.46473400000295
39.46473400000295
39.46473400000295
39.46473400000295
39.46473400000295
39.46473400000295
39.46473400000295
39.46473400000295
39.46473400000295
39.46473400000295
39.46473400000295
39.46473400000295
39.46473400000295
39.46473400000295
39.46473400000295
39.46473400000295
39.46473400000295
39.46473400000295
39.46473400000295
39.46473400000295
39.46473400000295
39.46473400000295
39.46473400000295
39.46473400000295
39.46473400000295
39.46473400000295
39.46473400000295
39.46473400000295
39.46473400000295
39.46473400000295
39.46473400000295
39.46473400000295
39.46473400000295
39.46473400000295
39.46473400000295
39.46473400000295
39.46473400000295
39.46473400000295
39.46473400000295
39.46473400000295
39.46473400000295
39.46473400000295
39.46473400000295
39.46473400000295
39.46473400000295
39.46473400000295
39.46473400000295
39.46473400000295
39.46473400000295
39.46473400000295
39.46473400000295
39.46473400000295
39.46473400000295
39.46473400000295
39.46473400000295
39.46473400000295
39.46473400000295
39.46473400000295
39.46473400000295
39.46473400000295
39.46473400000295
39.46473400000295
39.46473400000295
39.46473400000295
39.46473400000295
39.46473400000295
39.46473400000295
39.46473400000295
39.46473400000295
39.46473400000295
39.46473400000295
39.46473400000295
39.46473400000295
39.46473400000295
39.46473400000295
39.46473400000295
39.46473400000295
39.46473400000295
39.46473400000295
39.46473400000295
39.46473400000295
39.46473400000295
39.46473400000295
39.46473400000295
39.46473400000295
39.46473400000295
39.46473400000295
39.46473400000295
39.46473400000295
39.46473400000295
39.46473400000295
39.46473400000295
39.46473400000295
39.46473400000295
39.46473400000295
39.46473400000295
39.46473400000295
39.46473400000295
39.46473400000295
39.46473400000295
39.46473400000295
39.46473400000295
39.46473400000295
39.46473400000295
39.46473400000295
39.46473400000295
39.46473400000295
39.46473400000295
39.46473400000295
39.46473400000295
39.46473400000295
39.46473400000295
39.46473400000295
39.46473400000295
39.46473400000295
39.46473400000295
39.46473400000295
39.46473400000295
39.46473400000295
39.46473400000295
39.46473400000295
39.46473400000295
39.46473400000295
39.46473400000295
39.46473400000295
39.46473400000295
39.46473400000295
39.46473400000295
39.46473400000295
39.46473400000295
39.46473400000295
39.46473400000295
39.46473400000295
39.46473400000295
39.46473400000295
39.46473400000295
39.46473400000295
39.46473400000295
39.46473400000295
39.46473400000295
39.46473400000295
39.46473400000295
39.46473400000295
39.46473400000295
39.46473400000295
39.46473400000295
39.46473400000295
39.46473400000295
39.46473400000295
39.46473400000295
39.46473400000295
39.46473400000295
39.46473400000295
39.46473400000295
39.46473400000295
39.46473400000295
39.46473400000295
39.46473400000295
39.46473400000295
39.46473400000295
39.46473400000295
39.46473400000295
39.46473400000295
39.46473400000295
39.46473400000295
39.46473400000295
39.46473400000295
39.46473400000295
39.46473400000295
39.46473400000295
39.46473400000295
39.46473400000295
39.46473400000295
39.46473400000295
39.46473400000295
39.46473400000295
39.46473400000295
39.46473400000295
39.46473400000295
39.46473400000295
39.46473400000295
39.46473400000295
39.46473400000295
39.46473400000295
39.46473400000295
39.46473400000295
39.46473400000295
39.46473400000295
39.46473400000295
39.46473400000295
39.46473400000295
39.46473400000295
39.46473400000295
39.46473400000295
39.46473400000295
39.46473400000295
39.46473400000295
39.46473400000295
39.46473400000295
39.46473400000295
39.46473400000295
39.46473400000295
39.46473400000295
39.46473400000295
39.46473400000295
39.46473400000295
39.46473400000295
39.46473400000295
39.46473400000295
39.46473400000295
39.46473400000295
39.46473400000295
39.46473400000295
39.46473400000295
39.46473400000295
39.46473400000295
39.46473400000295
39.46473400000295
39.46473400000295
39.46473400000295
39.46473400000295
39.46473400000295
39.46473400000295
39.46473400000295
39.46473400000295
39.46473400000295
39.46473400000295
39.46473400000295
39.46473400000295
39.46473400000295
39.46473400000295
39.46473400000295
39.46473400000295
39.46473400000295
39.46473400000295
39.46473400000295
39.46473400000295
39.46473400000295
39.46473400000295
39.46473400000295
39.46473400000295
39.46473400000295
39.46473400000295
39.46473400000295
39.46473400000295
39.46473400000295
39.46473400000295
39.46473400000295
39.46473400000295
39.46473400000295
39.46473400000295
39.46473400000295
39.46473400000295
39.46473400000295
39.46473400000295
39.46473400000295
39.46473400000295
39.46473400000295
39.46473400000295
39.46473400000295
39.46473400000295
39.46473400000295
39.46473400000295
39.46473400000295
39.46473400000295
39.46473400000295
39.46473400000295
39.46473400000295
39.46473400000295
39.46473400000295
39.46473400000295
39.46473400000295
39.46473400000295
39.46473400000295
39.46473400000295
39.46473400000295
39.46473400000295
39.46473400000295
39.46473400000295
39.46473400000295
39.46473400000295
39.46473400000295
39.46473400000295
39.46473400000295
39.46473400000295
39.46473400000295
39.46473400000295
39.46473400000295
39.46473400000295
39.46473400000295
39.46473400000295
39.46473400000295
39.46473400000295
39.46473400000295
39.46473400000295
39.46473400000295
39.46473400000295
39.46473400000295
39.46473400000295
39.46473400000295
39.46473400000295
39.46473400000295
39.46473400000295
39.46473400000295
39.46473400000295
39.46473400000295
39.46473400000295
39.46473400000295
39.46473400000295
39.46473400000295
39.46473400000295
39.46473400000295
39.46473400000295
39.46473400000295
39.46473400000295
39.46473400000295
39.46473400000295
39.46473400000295
39.46473400000295
39.46473400000295
39.46473400000295
39.46473400000295
39.46473400000295
39.46473400000295
39.46473400000295
39.46473400000295
39.46473400000295
39.46473400000295
39.46473400000295
39.46473400000295
39.46473400000295
39.46473400000295
39.46473400000295
39.46473400000295
39.46473400000295
39.46473400000295
39.46473400000295
39.46473400000295
39.46473400000295
39.46473400000295
39.46473400000295
39.46473400000295
39.46473400000295
39.46473400000295
39.46473400000295
39.46473400000295
39.46473400000295
39.46473400000295
39.46473400000295
39.46473400000295
39.46473400000295
39.46473400000295
39.46473400000295
39.46473400000295
39.46473400000295
39.46473400000295
39.46473400000295
39.46473400000295
39.46473400000295
39.46473400000295
39.46473400000295
39.46473400000295
39.46473400000295
39.46473400000295
39.46473400000295
39.46473400000295
39.46473400000295
39.46473400000295
39.46473400000295
39.46473400000295
39.46473400000295
39.46473400000295
39.46473400000295
39.46473400000295
39.46473400000295
39.46473400000295
39.46473400000295
39.46473400000295
39.46473400000295
39.46473400000295
39.46473400000295
39.46473400000295
39.46473400000295
39.46473400000295
39.46473400000295
39.46473400000295
39.46473400000295
39.46473400000295
39.46473400000295
39.46473400000295
39.46473400000295
39.46473400000295
39.46473400000295
39.46473400000295
39.46473400000295
39.46473400000295
39.46473400000295
39.46473400000295
39.46473400000295
39.46473400000295
39.46473400000295
39.46473400000295
39.46473400000295
39.46473400000295
39.46473400000295
39.46473400000295
39.46473400000295
39.46473400000295
39.46473400000295
39.46473400000295
39.46473400000295
39.46473400000295
39.46473400000295
39.46473400000295
39.46473400000295
39.46473400000295
39.46473400000295
39.46473400000295
39.46473400000295
39.46473400000295
39.46473400000295
39.46473400000295
39.46473400000295
39.46473400000295
39.46473400000295
39.46473400000295
39.46473400000295
39.46473400000295
39.46473400000295
39.46473400000295
39.46473400000295
39.46473400000295
39.46473400000295
39.46473400000295
39.46473400000295
39.46473400000295
39.46473400000295
39.46473400000295
39.46473400000295
39.46473400000295
39.46473400000295
39.46473400000295
39.46473400000295
39.46473400000295
39.46473400000295
39.46473400000295
39.46473400000295
39.46473400000295
39.46473400000295
39.46473400000295
39.46473400000295
39.46473400000295
39.46473400000295
39.46473400000295
39.46473400000295
39.46473400000295
39.46473400000295
39.46473400000295
39.46473400000295
39.46473400000295
39.46473400000295
39.46473400000295
39.46473400000295
39.46473400000295
39.46473400000295
39.46473400000295
39.46473400000295
39.46473400000295
39.46473400000295
39.46473400000295
39.46473400000295
39.46473400000295
39.46473400000295
39.46473400000295
39.46473400000295
39.46473400000295
39.46473400000295
39.46473400000295
39.46473400000295
39.46473400000295
39.46473400000295
39.46473400000295
39.46473400000295
39.46473400000295
39.46473400000295
39.46473400000295
39.46473400000295
39.46473400000295
39.46473400000295
39.46473400000295
39.46473400000295
39.46473400000295
39.46473400000295
39.46473400000295
39.46473400000295
39.46473400000295
39.46473400000295
39.46473400000295
39.46473400000295
39.46473400000295
39.46473400000295
39.46473400000295
39.46473400000295
39.46473400000295
39.46473400000295
39.46473400000295
39.46473400000295
39.46473400000295
39.46473400000295
39.46473400000295
39.46473400000295
39.46473400000295
39.46473400000295
39.46473400000295
39.46473400000295
39.46473400000295
39.46473400000295
39.46473400000295
39.46473400000295
39.46473400000295
39.46473400000295
39.46473400000295
39.46473400000295
39.46473400000295
39.46473400000295
39.46473400000295
39.46473400000295
39.46473400000295
39.46473400000295
39.46473400000295
39.46473400000295
39.46473400000295
39.46473400000295
39.46473400000295
39.46473400000295
39.46473400000295
39.46473400000295
39.46473400000295
39.46473400000295
39.46473400000295
39.46473400000295
39.46473400000295
39.46473400000295
39.46473400000295
39.46473400000295
39.46473400000295
39.46473400000295
39.46473400000295
39.46473400000295
39.46473400000295
39.46473400000295
39.46473400000295
39.46473400000295
39.46473400000295
39.46473400000295
39.46473400000295
39.46473400000295
39.46473400000295
39.46473400000295
39.46473400000295
39.46473400000295
39.46473400000295
39.46473400000295
39.46473400000295
39.46473400000295
39.46473400000295
39.46473400000295
39.46473400000295
39.46473400000295
39.46473400000295
39.46473400000295
39.46473400000295
39.46473400000295
39.46473400000295
39.46473400000295
39.46473400000295
39.46473400000295
39.46473400000295
39.46473400000295
39.46473400000295
39.46473400000295
39.46473400000295
39.46473400000295
39.46473400000295
39.46473400000295
39.46473400000295
39.46473400000295
39.46473400000295
39.46473400000295
39.46473400000295
39.46473400000295
39.46473400000295
39.46473400000295
39.46473400000295
39.46473400000295
39.46473400000295
39.46473400000295
39.46473400000295
39.46473400000295
39.46473400000295
39.46473400000295
39.46473400000295
39.46473400000295
39.46473400000295
39.46473400000295
39.46473400000295
39.46473400000295
39.46473400000295
39.46473400000295
39.46473400000295
39.46473400000295
39.46473400000295
39.46473400000295
39.46473400000295
39.46473400000295
39.46473400000295
39.46473400000295
39.46473400000295
39.46473400000295
39.46473400000295
39.46473400000295
39.46473400000295
39.46473400000295
39.46473400000295
39.46473400000295
39.46473400000295
39.46473400000295
39.46473400000295
39.46473400000295
39.46473400000295
39.46473400000295
39.46473400000295
39.46473400000295
39.46473400000295
39.46473400000295
39.46473400000295
39.46473400000295
39.46473400000295
39.46473400000295
39.46473400000295
39.46473400000295
39.46473400000295
39.46473400000295
39.46473400000295
39.46473400000295
39.46473400000295
39.46473400000295
39.46473400000295
39.46473400000295
39.46473400000295
39.46473400000295
39.46473400000295
39.46473400000295
39.46473400000295
39.46473400000295
39.46473400000295
39.46473400000295
39.46473400000295
39.46473400000295
39.46473400000295
39.46473400000295
39.46473400000295
39.46473400000295
39.46473400000295
39.46473400000295
39.46473400000295
39.46473400000295
39.46473400000295
39.46473400000295
39.46473400000295
39.46473400000295
39.46473400000295
39.46473400000295
39.46473400000295
39.46473400000295
39.46473400000295
39.46473400000295
39.46473400000295
39.46473400000295
39.46473400000295
39.46473400000295
39.46473400000295
39.46473400000295
39.46473400000295
39.46473400000295
39.46473400000295
39.46473400000295
39.46473400000295
39.46473400000295
39.46473400000295
39.46473400000295
39.46473400000295
39.46473400000295
39.46473400000295
39.46473400000295
39.46473400000295
39.46473400000295
39.46473400000295
39.46473400000295
39.46473400000295
39.46473400000295
39.46473400000295
39.46473400000295
39.46473400000295
39.46473400000295
39.46473400000295
39.46473400000295
39.46473400000295
39.46473400000295
39.46473400000295
39.46473400000295
39.46473400000295
39.46473400000295
39.46473400000295
39.46473400000295
39.46473400000295
39.46473400000295
39.46473400000295
39.46473400000295
39.46473400000295
39.46473400000295
39.46473400000295
